# log10(y)    mass[MeV]    Nhits
-13.3  5  3.217315e-05
-13.7  5  4.521886e-04
-14  5  5.833766e-03
-14.3  5  4.840283e-02
-14.7  5  2.145470e-01
-15  5  7.522243e-01
-15.3  5  2.178316e+00
-15.7  5  3.802365e+00
-16  5  4.987850e+00
-16.3  5  7.322911e+00
-16.7  5  4.675651e+00
-17  5  4.673710e+00
-17.3  5  3.782861e+00
-17.7  5  2.892659e+00
-18  5  2.156658e+00
-18.3  5  1.493321e+00
-18.7  5  8.565440e-01
-19  5  5.549206e-01
-19.3  5  3.483101e-01
-19.7  5  1.581416e-01
-20  5  9.573765e-02
-20.3  5  5.731935e-02
-20.7  5  2.900535e-02
-21  5  1.658691e-02
-21.3  5  5.817124e-03
-21.7  5  9.402822e-04
-2.200000e+01  5.000000e+00  0.0
-13.3  6  2.471730e-04
-13.7  6  2.818758e-03
-14  6  1.474378e-02
-14.3  6  1.206133e-01
-14.7  6  4.945014e-01
-15  6  1.267217e+00
-15.3  6  3.372425e+00
-15.7  6  4.042735e+00
-16  6  5.514366e+00
-16.3  6  5.456472e+00
-16.7  6  4.354400e+00
-17  6  3.919305e+00
-17.3  6  4.280621e+00
-17.7  6  2.891149e+00
-18  6  2.109715e+00
-18.3  6  1.253134e+00
-18.7  6  6.580567e-01
-19  6  4.106994e-01
-19.3  6  2.379947e-01
-19.7  6  1.000162e-01
-20  6  6.338860e-02
-20.3  6  4.497547e-02
-20.7  6  2.047937e-02
-21  6  6.775004e-03
-21.3  6  1.456172e-03
-2.170000e+01  6.000000e+00  0.0
-2.200000e+01  6.000000e+00  0.0
-13.3  8  1.678927e-03
-13.7  8  7.525277e-03
-14  8  3.350718e-02
-14.3  8  1.872693e-01
-14.7  8  5.306396e-01
-15  8  1.757038e+00
-15.3  8  2.988045e+00
-15.7  8  3.468437e+00
-16  8  3.699347e+00
-16.3  8  3.530698e+00
-16.7  8  2.560434e+00
-17  8  2.747434e+00
-17.3  8  2.460068e+00
-17.7  8  1.837268e+00
-18  8  1.169301e+00
-18.3  8  7.605115e-01
-18.7  8  3.579851e-01
-19  8  2.058591e-01
-19.3  8  1.127386e-01
-19.7  8  5.143812e-02
-20  8  3.912123e-02
-20.3  8  2.258981e-02
-20.7  8  6.000047e-03
-21  8  1.268954e-03
-2.130000e+01  8.000000e+00  0.0
-2.170000e+01  8.000000e+00  0.0
-2.200000e+01  8.000000e+00  0.0
-13.3  9  2.211503e-03
-13.7  9  1.414780e-02
-14  9  7.716886e-02
-14.3  9  3.927016e-01
-14.7  9  8.810102e-01
-15  9  2.264104e+00
-15.3  9  4.328265e+00
-15.7  9  3.941172e+00
-16  9  3.498756e+00
-16.3  9  3.115896e+00
-16.7  9  2.622871e+00
-17  9  2.951218e+00
-17.3  9  2.385652e+00
-17.7  9  1.494306e+00
-18  9  1.023602e+00
-18.3  9  6.357685e-01
-18.7  9  2.900281e-01
-19  9  1.601377e-01
-19.3  9  9.609971e-02
-19.7  9  5.414667e-02
-20  9  2.946733e-02
-20.3  9  9.661185e-03
-20.7  9  1.661654e-03
-2.100000e+01  9.000000e+00  0.0
-2.130000e+01  9.000000e+00  0.0
-2.170000e+01  9.000000e+00  0.0
-2.200000e+01  9.000000e+00  0.0
-13.3  11  8.148400e-03
-13.7  11  3.035157e-02
-14  11  1.231820e-01
-14.3  11  3.475322e-01
-14.7  11  9.365194e-01
-15  11  2.584572e+00
-15.3  11  3.859743e+00
-15.7  11  2.833371e+00
-16  11  2.477545e+00
-16.3  11  2.762915e+00
-16.7  11  1.798776e+00
-17  11  2.000090e+00
-17.3  11  1.479145e+00
-17.7  11  9.470608e-01
-18  11  6.247703e-01
-18.3  11  3.776898e-01
-18.7  11  1.876613e-01
-19  11  1.116768e-01
-19.3  11  6.585943e-02
-19.7  11  3.005521e-02
-20  11  8.766411e-03
-20.3  11  1.834027e-03
-2.070000e+01  1.100000e+01  0.0
-2.100000e+01  1.100000e+01  0.0
-2.130000e+01  1.100000e+01  0.0
-2.170000e+01  1.100000e+01  0.0
-2.200000e+01  1.100000e+01  0.0
-13.3  14  2.133607e-02
-13.7  14  5.773444e-02
-14  14  1.252891e-01
-14.3  14  3.658592e-01
-14.7  14  1.234725e+00
-15  14  1.980483e+00
-15.3  14  2.813239e+00
-15.7  14  1.606178e+00
-16  14  2.256857e+00
-16.3  14  1.956850e+00
-16.7  14  1.665908e+00
-17  14  1.151702e+00
-17.3  14  9.932169e-01
-17.7  14  5.057796e-01
-18  14  3.132113e-01
-18.3  14  2.057740e-01
-18.7  14  9.671089e-02
-19  14  6.397129e-02
-19.3  14  3.477954e-02
-19.7  14  8.569158e-03
-20  14  1.765054e-03
-2.030000e+01  1.400000e+01  0.0
-2.070000e+01  1.400000e+01  0.0
-2.100000e+01  1.400000e+01  0.0
-2.130000e+01  1.400000e+01  0.0
-2.170000e+01  1.400000e+01  0.0
-2.200000e+01  1.400000e+01  0.0
-13.3  17  2.955407e-02
-13.7  17  7.639968e-02
-14  17  2.484809e-01
-14.3  17  5.025984e-01
-14.7  17  8.044181e-01
-15  17  1.639335e+00
-15.3  17  2.197538e+00
-15.7  17  1.578605e+00
-16  17  1.500071e+00
-16.3  17  1.728300e+00
-16.7  17  1.121834e+00
-17  17  8.400751e-01
-17.3  17  5.842590e-01
-17.7  17  2.984402e-01
-18  17  1.823314e-01
-18.3  17  1.128403e-01
-18.7  17  6.486891e-02
-19  17  3.824876e-02
-19.3  17  1.092301e-02
-19.7  17  1.889724e-03
-2.000000e+01  1.700000e+01  0.0
-2.030000e+01  1.700000e+01  0.0
-2.070000e+01  1.700000e+01  0.0
-2.100000e+01  1.700000e+01  0.0
-2.130000e+01  1.700000e+01  0.0
-2.170000e+01  1.700000e+01  0.0
-2.200000e+01  1.700000e+01  0.0
-13.3  21  5.062955e-02
-13.7  21  9.491704e-02
-14  21  2.077327e-01
-14.3  21  4.000018e-01
-14.7  21  4.016163e-01
-15  21  1.354841e+00
-15.3  21  1.716739e+00
-15.7  21  1.314120e+00
-16  21  1.356459e+00
-16.3  21  9.548241e-01
-16.7  21  6.745266e-01
-17  21  4.823335e-01
-17.3  21  3.020923e-01
-17.7  21  1.504717e-01
-18  21  9.954567e-02
-18.3  21  7.630947e-02
-18.7  21  3.660662e-02
-19  21  1.133505e-02
-19.3  21  2.412056e-03
-1.970000e+01  2.100000e+01  0.0
-2.000000e+01  2.100000e+01  0.0
-2.030000e+01  2.100000e+01  0.0
-2.070000e+01  2.100000e+01  0.0
-2.100000e+01  2.100000e+01  0.0
-2.130000e+01  2.100000e+01  0.0
-2.170000e+01  2.100000e+01  0.0
-2.200000e+01  2.100000e+01  0.0
-13.3  26  4.552125e-02
-13.7  26  7.351657e-02
-14  26  1.624554e-01
-14.3  26  6.151085e-01
-14.7  26  6.644879e-01
-15  26  8.094545e-01
-15.3  26  1.246958e+00
-15.7  26  9.192024e-01
-16  26  8.972341e-01
-16.3  26  6.627390e-01
-16.7  26  4.139628e-01
-17  26  2.775936e-01
-17.3  26  1.589563e-01
-17.7  26  8.263683e-02
-18  26  6.473468e-02
-18.3  26  3.668453e-02
-18.7  26  9.892433e-03
-19  26  2.068641e-03
-1.930000e+01  2.600000e+01  0.0
-1.970000e+01  2.600000e+01  0.0
-2.000000e+01  2.600000e+01  0.0
-2.030000e+01  2.600000e+01  0.0
-2.070000e+01  2.600000e+01  0.0
-2.100000e+01  2.600000e+01  0.0
-2.130000e+01  2.600000e+01  0.0
-2.170000e+01  2.600000e+01  0.0
-2.200000e+01  2.600000e+01  0.0
-13.3  32  3.927022e-02
-13.7  32  3.659753e-02
-14  32  2.555373e-01
-14.3  32  2.588327e-01
-14.7  32  6.010643e-01
-15  32  5.018285e-01
-15.3  32  9.286942e-01
-15.7  32  5.784693e-01
-16  32  5.729720e-01
-16.3  32  4.500048e-01
-16.7  32  2.361762e-01
-17  32  1.599463e-01
-17.3  32  1.100205e-01
-17.7  32  5.962443e-02
-18  32  3.565054e-02
-18.3  32  1.231727e-02
-18.7  32  2.122511e-03
-1.900000e+01  3.200000e+01  0.0
-1.930000e+01  3.200000e+01  0.0
-1.970000e+01  3.200000e+01  0.0
-2.000000e+01  3.200000e+01  0.0
-2.030000e+01  3.200000e+01  0.0
-2.070000e+01  3.200000e+01  0.0
-2.100000e+01  3.200000e+01  0.0
-2.130000e+01  3.200000e+01  0.0
-2.170000e+01  3.200000e+01  0.0
-2.200000e+01  3.200000e+01  0.0
-13.3  39  1.802436e-02
-13.7  39  9.334221e-02
-14  39  1.883653e-01
-14.3  39  2.409623e-01
-14.7  39  3.148150e-01
-15  39  3.614721e-01
-15.3  39  5.571983e-01
-15.7  39  3.785377e-01
-16  39  3.337212e-01
-16.3  39  2.283751e-01
-16.7  39  1.245000e-01
-17  39  8.231399e-02
-17.3  39  5.925204e-02
-17.7  39  2.958904e-02
-18  39  9.294455e-03
-1.830000e+01  3.900000e+01  0.0
-1.870000e+01  3.900000e+01  0.0
-1.900000e+01  3.900000e+01  0.0
-1.930000e+01  3.900000e+01  0.0
-1.970000e+01  3.900000e+01  0.0
-2.000000e+01  3.900000e+01  0.0
-2.030000e+01  3.900000e+01  0.0
-2.070000e+01  3.900000e+01  0.0
-2.100000e+01  3.900000e+01  0.0
-2.130000e+01  3.900000e+01  0.0
-2.170000e+01  3.900000e+01  0.0
-2.200000e+01  3.900000e+01  0.0
-13.3  48  1.858054e-02
-13.7  48  2.695372e-02
-14  48  5.726908e-02
-14.3  48  2.717440e-01
-14.7  48  1.042772e-01
-15  48  2.655903e-01
-15.3  48  2.199300e-01
-15.7  48  2.080429e-01
-16  48  1.602054e-01
-16.3  48  1.216569e-01
-16.7  48  6.597948e-02
-17  48  4.717623e-02
-17.3  48  3.128819e-02
-17.7  48  8.989505e-03
-1.800000e+01  4.800000e+01  0.0
-1.830000e+01  4.800000e+01  0.0
-1.870000e+01  4.800000e+01  0.0
-1.900000e+01  4.800000e+01  0.0
-1.930000e+01  4.800000e+01  0.0
-1.970000e+01  4.800000e+01  0.0
-2.000000e+01  4.800000e+01  0.0
-2.030000e+01  4.800000e+01  0.0
-2.070000e+01  4.800000e+01  0.0
-2.100000e+01  4.800000e+01  0.0
-2.130000e+01  4.800000e+01  0.0
-2.170000e+01  4.800000e+01  0.0
-2.200000e+01  4.800000e+01  0.0
-13.3  58  5.804690e-03
-13.7  58  1.733507e-02
-14  58  5.199986e-02
-14.3  58  7.668420e-02
-14.7  58  5.879100e-02
-15  58  8.477651e-02
-15.3  58  1.321678e-01
-15.7  58  1.017294e-01
-16  58  7.725190e-02
-16.3  58  5.574507e-02
-16.7  58  3.486775e-02
-17  58  2.378181e-02
-17.3  58  9.617847e-03
-1.770000e+01  5.800000e+01  0.0
-1.800000e+01  5.800000e+01  0.0
-1.830000e+01  5.800000e+01  0.0
-1.870000e+01  5.800000e+01  0.0
-1.900000e+01  5.800000e+01  0.0
-1.930000e+01  5.800000e+01  0.0
-1.970000e+01  5.800000e+01  0.0
-2.000000e+01  5.800000e+01  0.0
-2.030000e+01  5.800000e+01  0.0
-2.070000e+01  5.800000e+01  0.0
-2.100000e+01  5.800000e+01  0.0
-2.130000e+01  5.800000e+01  0.0
-2.170000e+01  5.800000e+01  0.0
-2.200000e+01  5.800000e+01  0.0
-13.3  88  1.491552e-03
-13.7  88  2.039534e-03
-14  88  3.264809e-03
-14.3  88  8.150522e-03
-14.7  88  1.095971e-02
-15  88  1.347237e-02
-15.3  88  1.520830e-02
-15.7  88  9.655318e-03
-16  88  9.887739e-03
-16.3  88  8.794280e-03
-16.7  88  3.997274e-03
-17  88  1.074625e-03
-1.730000e+01  8.800000e+01  0.0
-1.770000e+01  8.800000e+01  0.0
-1.800000e+01  8.800000e+01  0.0
-1.830000e+01  8.800000e+01  0.0
-1.870000e+01  8.800000e+01  0.0
-1.900000e+01  8.800000e+01  0.0
-1.930000e+01  8.800000e+01  0.0
-1.970000e+01  8.800000e+01  0.0
-2.000000e+01  8.800000e+01  0.0
-2.030000e+01  8.800000e+01  0.0
-2.070000e+01  8.800000e+01  0.0
-2.100000e+01  8.800000e+01  0.0
-2.130000e+01  8.800000e+01  0.0
-2.170000e+01  8.800000e+01  0.0
-2.200000e+01  8.800000e+01  0.0
-13.3  108  0.000000e+00
-13.7  108  0.000000e+00
-14  108  0.000000e+00
-14.3  108  0.000000e+00
-14.7  108  0.000000e+00
-15  108  0.000000e+00
-15.3  108  0.000000e+00
-15.7  108  0.000000e+00
-16  108  0.000000e+00
-16.3  108  0.000000e+00
-16.7  108  0.000000e+00
-1.700000e+01  1.080000e+02  0.0
-1.730000e+01  1.080000e+02  0.0
-1.770000e+01  1.080000e+02  0.0
-1.800000e+01  1.080000e+02  0.0
-1.830000e+01  1.080000e+02  0.0
-1.870000e+01  1.080000e+02  0.0
-1.900000e+01  1.080000e+02  0.0
-1.930000e+01  1.080000e+02  0.0
-1.970000e+01  1.080000e+02  0.0
-2.000000e+01  1.080000e+02  0.0
-2.030000e+01  1.080000e+02  0.0
-2.070000e+01  1.080000e+02  0.0
-2.100000e+01  1.080000e+02  0.0
-2.130000e+01  1.080000e+02  0.0
-2.170000e+01  1.080000e+02  0.0
-2.200000e+01  1.080000e+02  0.0
-13.3  132  0.000000e+00
-13.7  132  0.000000e+00
-14  132  0.000000e+00
-14.3  132  0.000000e+00
-14.7  132  0.000000e+00
-15  132  0.000000e+00
-15.3  132  0.000000e+00
-15.7  132  0.000000e+00
-16  132  0.000000e+00
-16.3  132  0.000000e+00
-1.670000e+01  1.320000e+02  0.0
-1.700000e+01  1.320000e+02  0.0
-1.730000e+01  1.320000e+02  0.0
-1.770000e+01  1.320000e+02  0.0
-1.800000e+01  1.320000e+02  0.0
-1.830000e+01  1.320000e+02  0.0
-1.870000e+01  1.320000e+02  0.0
-1.900000e+01  1.320000e+02  0.0
-1.930000e+01  1.320000e+02  0.0
-1.970000e+01  1.320000e+02  0.0
-2.000000e+01  1.320000e+02  0.0
-2.030000e+01  1.320000e+02  0.0
-2.070000e+01  1.320000e+02  0.0
-2.100000e+01  1.320000e+02  0.0
-2.130000e+01  1.320000e+02  0.0
-2.170000e+01  1.320000e+02  0.0
-2.200000e+01  1.320000e+02  0.0
-13.3  162  0.000000e+00
-13.7  162  0.000000e+00
-14  162  0.000000e+00
-14.3  162  0.000000e+00
-14.7  162  0.000000e+00
-15  162  0.000000e+00
-15.3  162  0.000000e+00
-15.7  162  0.000000e+00
-16  162  0.000000e+00
-1.630000e+01  1.620000e+02  0.0
-1.670000e+01  1.620000e+02  0.0
-1.700000e+01  1.620000e+02  0.0
-1.730000e+01  1.620000e+02  0.0
-1.770000e+01  1.620000e+02  0.0
-1.800000e+01  1.620000e+02  0.0
-1.830000e+01  1.620000e+02  0.0
-1.870000e+01  1.620000e+02  0.0
-1.900000e+01  1.620000e+02  0.0
-1.930000e+01  1.620000e+02  0.0
-1.970000e+01  1.620000e+02  0.0
-2.000000e+01  1.620000e+02  0.0
-2.030000e+01  1.620000e+02  0.0
-2.070000e+01  1.620000e+02  0.0
-2.100000e+01  1.620000e+02  0.0
-2.130000e+01  1.620000e+02  0.0
-2.170000e+01  1.620000e+02  0.0
-2.200000e+01  1.620000e+02  0.0
-13.3  199  0.000000e+00
-13.7  199  0.000000e+00
-14  199  0.000000e+00
-14.3  199  0.000000e+00
-14.7  199  0.000000e+00
-15  199  0.000000e+00
-15.3  199  0.000000e+00
-15.7  199  0.000000e+00
-1.600000e+01  1.990000e+02  0.0
-1.630000e+01  1.990000e+02  0.0
-1.670000e+01  1.990000e+02  0.0
-1.700000e+01  1.990000e+02  0.0
-1.730000e+01  1.990000e+02  0.0
-1.770000e+01  1.990000e+02  0.0
-1.800000e+01  1.990000e+02  0.0
-1.830000e+01  1.990000e+02  0.0
-1.870000e+01  1.990000e+02  0.0
-1.900000e+01  1.990000e+02  0.0
-1.930000e+01  1.990000e+02  0.0
-1.970000e+01  1.990000e+02  0.0
-2.000000e+01  1.990000e+02  0.0
-2.030000e+01  1.990000e+02  0.0
-2.070000e+01  1.990000e+02  0.0
-2.100000e+01  1.990000e+02  0.0
-2.130000e+01  1.990000e+02  0.0
-2.170000e+01  1.990000e+02  0.0
-2.200000e+01  1.990000e+02  0.0
-13.3  244  0.000000e+00
-13.7  244  0.000000e+00
-14  244  0.000000e+00
-14.3  244  0.000000e+00
-14.7  244  0.000000e+00
-15  244  0.000000e+00
-15.3  244  0.000000e+00
-15.7  244  0.000000e+00
-1.600000e+01  2.440000e+02  0.0
-1.630000e+01  2.440000e+02  0.0
-1.670000e+01  2.440000e+02  0.0
-1.700000e+01  2.440000e+02  0.0
-1.730000e+01  2.440000e+02  0.0
-1.770000e+01  2.440000e+02  0.0
-1.800000e+01  2.440000e+02  0.0
-1.830000e+01  2.440000e+02  0.0
-1.870000e+01  2.440000e+02  0.0
-1.900000e+01  2.440000e+02  0.0
-1.930000e+01  2.440000e+02  0.0
-1.970000e+01  2.440000e+02  0.0
-2.000000e+01  2.440000e+02  0.0
-2.030000e+01  2.440000e+02  0.0
-2.070000e+01  2.440000e+02  0.0
-2.100000e+01  2.440000e+02  0.0
-2.130000e+01  2.440000e+02  0.0
-2.170000e+01  2.440000e+02  0.0
-2.200000e+01  2.440000e+02  0.0
-13.3  300  0.000000e+00
-13.7  300  0.000000e+00
-14  300  0.000000e+00
-14.3  300  0.000000e+00
-14.7  300  0.000000e+00
-15  300  0.000000e+00
-15.3  300  0.000000e+00
-1.570000e+01  3.000000e+02  0.0
-1.600000e+01  3.000000e+02  0.0
-1.630000e+01  3.000000e+02  0.0
-1.670000e+01  3.000000e+02  0.0
-1.700000e+01  3.000000e+02  0.0
-1.730000e+01  3.000000e+02  0.0
-1.770000e+01  3.000000e+02  0.0
-1.800000e+01  3.000000e+02  0.0
-1.830000e+01  3.000000e+02  0.0
-1.870000e+01  3.000000e+02  0.0
-1.900000e+01  3.000000e+02  0.0
-1.930000e+01  3.000000e+02  0.0
-1.970000e+01  3.000000e+02  0.0
-2.000000e+01  3.000000e+02  0.0
-2.030000e+01  3.000000e+02  0.0
-2.070000e+01  3.000000e+02  0.0
-2.100000e+01  3.000000e+02  0.0
-2.130000e+01  3.000000e+02  0.0
-2.170000e+01  3.000000e+02  0.0
-2.200000e+01  3.000000e+02  0.0
