# log10(y)    mass[MeV]    Nhits
-13.3  5  1.461534e-05
-13.7  5  2.251253e-04
-14  5  3.605153e-03
-14.3  5  3.687586e-02
-14.7  5  1.835139e-01
-15  5  6.182440e-01
-15.3  5  1.525488e+00
-15.7  5  2.240648e+00
-16  5  2.637816e+00
-16.3  5  3.828911e+00
-16.7  5  2.638007e+00
-17  5  2.948498e+00
-17.3  5  2.547283e+00
-17.7  5  2.365783e+00
-18  5  1.948808e+00
-18.3  5  1.431363e+00
-18.7  5  8.460334e-01
-19  5  5.486173e-01
-19.3  5  3.379404e-01
-19.7  5  1.484838e-01
-20  5  8.612431e-02
-20.3  5  4.860553e-02
-20.7  5  2.372825e-02
-21  5  1.329834e-02
-21.3  5  4.489203e-03
-21.7  5  6.870675e-04
-2.200000e+01  5.000000e+00  0.0
-13.3  6  2.659768e-04
-13.7  6  2.369863e-03
-14  6  1.125795e-02
-14.3  6  9.733855e-02
-14.7  6  4.303326e-01
-15  6  1.100516e+00
-15.3  6  2.642609e+00
-15.7  6  2.715626e+00
-16  6  3.247545e+00
-16.3  6  3.001668e+00
-16.7  6  2.410687e+00
-17  6  2.221037e+00
-17.3  6  2.785404e+00
-17.7  6  2.098203e+00
-18  6  1.674476e+00
-18.3  6  1.071976e+00
-18.7  6  5.931364e-01
-19  6  3.789079e-01
-19.3  6  2.205942e-01
-19.7  6  9.120243e-02
-20  6  5.620080e-02
-20.3  6  3.888512e-02
-20.7  6  1.739676e-02
-21  6  5.573099e-03
-21.3  6  1.138954e-03
-2.170000e+01  6.000000e+00  0.0
-2.200000e+01  6.000000e+00  0.0
-13.3  8  2.212294e-03
-13.7  8  9.055558e-03
-14  8  3.393657e-02
-14.3  8  1.659805e-01
-14.7  8  4.546105e-01
-15  8  1.528026e+00
-15.3  8  2.596420e+00
-15.7  8  2.877234e+00
-16  8  2.825144e+00
-16.3  8  2.472693e+00
-16.7  8  1.728940e+00
-17  8  1.749643e+00
-17.3  8  1.585964e+00
-17.7  8  1.234123e+00
-18  8  8.340549e-01
-18.3  8  5.807912e-01
-18.7  8  2.888670e-01
-19  8  1.740853e-01
-19.3  8  9.914532e-02
-19.7  8  4.594063e-02
-20  8  3.498569e-02
-20.3  8  2.014041e-02
-20.7  8  5.284313e-03
-21  8  1.085570e-03
-2.130000e+01  8.000000e+00  0.0
-2.170000e+01  8.000000e+00  0.0
-2.200000e+01  8.000000e+00  0.0
-13.3  9  2.992347e-03
-13.7  9  1.722831e-02
-14  9  7.933840e-02
-14.3  9  3.543627e-01
-14.7  9  7.597083e-01
-15  9  1.951553e+00
-15.3  9  3.705229e+00
-15.7  9  3.243633e+00
-16  9  2.701270e+00
-16.3  9  2.325106e+00
-16.7  9  1.793189e+00
-17  9  1.957747e+00
-17.3  9  1.594802e+00
-17.7  9  1.032336e+00
-18  9  7.447955e-01
-18.3  9  4.868586e-01
-18.7  9  2.338740e-01
-19  9  1.363856e-01
-19.3  9  8.466921e-02
-19.7  9  4.849415e-02
-20  9  2.654582e-02
-20.3  9  8.735209e-03
-20.7  9  1.488541e-03
-2.100000e+01  9.000000e+00  0.0
-2.130000e+01  9.000000e+00  0.0
-2.170000e+01  9.000000e+00  0.0
-2.200000e+01  9.000000e+00  0.0
-13.3  11  9.345379e-03
-13.7  11  3.567792e-02
-14  11  1.348275e-01
-14.3  11  3.432660e-01
-14.7  11  8.607147e-01
-15  11  2.304345e+00
-15.3  11  3.384324e+00
-15.7  11  2.413909e+00
-16  11  2.066585e+00
-16.3  11  2.148191e+00
-16.7  11  1.314136e+00
-17  11  1.404253e+00
-17.3  11  1.025122e+00
-17.7  11  6.613153e-01
-18  11  4.500954e-01
-18.3  11  2.838751e-01
-18.7  11  1.507084e-01
-19  11  9.562271e-02
-19.3  11  5.931756e-02
-19.7  11  2.791025e-02
-20  11  8.581711e-03
-20.3  11  1.960088e-03
-2.070000e+01  1.100000e+01  0.0
-2.100000e+01  1.100000e+01  0.0
-2.130000e+01  1.100000e+01  0.0
-2.170000e+01  1.100000e+01  0.0
-2.200000e+01  1.100000e+01  0.0
-13.3  14  2.197254e-02
-13.7  14  6.458924e-02
-14  14  1.425807e-01
-14.3  14  3.997243e-01
-14.7  14  1.267801e+00
-15  14  1.929935e+00
-15.3  14  2.638646e+00
-15.7  14  1.479886e+00
-16  14  1.986429e+00
-16.3  14  1.619473e+00
-16.7  14  1.315482e+00
-17  14  8.696084e-01
-17.3  14  7.243850e-01
-17.7  14  3.623636e-01
-18  14  2.245467e-01
-18.3  14  1.503236e-01
-18.7  14  7.264975e-02
-19  14  4.930857e-02
-19.3  14  2.725776e-02
-19.7  14  6.933341e-03
-20  14  1.497911e-03
-2.030000e+01  1.400000e+01  0.0
-2.070000e+01  1.400000e+01  0.0
-2.100000e+01  1.400000e+01  0.0
-2.130000e+01  1.400000e+01  0.0
-2.170000e+01  1.400000e+01  0.0
-2.200000e+01  1.400000e+01  0.0
-13.3  17  2.807026e-02
-13.7  17  7.862748e-02
-14  17  2.691595e-01
-14.3  17  5.477263e-01
-14.7  17  8.546237e-01
-15  17  1.681308e+00
-15.3  17  2.209519e+00
-15.7  17  1.532519e+00
-16  17  1.389000e+00
-16.3  17  1.526026e+00
-16.7  17  9.448330e-01
-17  17  6.741240e-01
-17.3  17  4.493446e-01
-17.7  17  2.238188e-01
-18  17  1.350001e-01
-18.3  17  8.402178e-02
-18.7  17  4.896344e-02
-19  17  2.921041e-02
-19.3  17  8.566951e-03
-19.7  17  1.556152e-03
-2.000000e+01  1.700000e+01  0.0
-2.030000e+01  1.700000e+01  0.0
-2.070000e+01  1.700000e+01  0.0
-2.100000e+01  1.700000e+01  0.0
-2.130000e+01  1.700000e+01  0.0
-2.170000e+01  1.700000e+01  0.0
-2.200000e+01  1.700000e+01  0.0
-13.3  21  3.993140e-02
-13.7  21  8.184636e-02
-14  21  1.928997e-01
-14.3  21  3.879941e-01
-14.7  21  3.954630e-01
-15  21  1.332261e+00
-15.3  21  1.676222e+00
-15.7  21  1.260471e+00
-16  21  1.270842e+00
-16.3  21  8.635805e-01
-16.7  21  5.900788e-01
-17  21  4.019392e-01
-17.3  21  2.381366e-01
-17.7  21  1.129156e-01
-18  21  7.041785e-02
-18.3  21  5.215104e-02
-18.7  21  2.455947e-02
-19  21  7.364719e-03
-19.3  21  1.498956e-03
-1.970000e+01  2.100000e+01  0.0
-2.000000e+01  2.100000e+01  0.0
-2.030000e+01  2.100000e+01  0.0
-2.070000e+01  2.100000e+01  0.0
-2.100000e+01  2.100000e+01  0.0
-2.130000e+01  2.100000e+01  0.0
-2.170000e+01  2.100000e+01  0.0
-2.200000e+01  2.100000e+01  0.0
-13.3  26  3.448863e-02
-13.7  26  5.929649e-02
-14  26  1.390328e-01
-14.3  26  5.506998e-01
-14.7  26  6.079312e-01
-15  26  7.515332e-01
-15.3  26  1.171680e+00
-15.7  26  8.629851e-01
-16  26  8.349918e-01
-16.3  26  6.075609e-01
-16.7  26  3.709984e-01
-17  26  2.428148e-01
-17.3  26  1.343562e-01
-17.7  26  6.727941e-02
-18  26  5.156380e-02
-18.3  26  2.880740e-02
-18.7  26  7.603549e-03
-19  26  1.537521e-03
-1.930000e+01  2.600000e+01  0.0
-1.970000e+01  2.600000e+01  0.0
-2.000000e+01  2.600000e+01  0.0
-2.030000e+01  2.600000e+01  0.0
-2.070000e+01  2.600000e+01  0.0
-2.100000e+01  2.600000e+01  0.0
-2.130000e+01  2.600000e+01  0.0
-2.170000e+01  2.600000e+01  0.0
-2.200000e+01  2.600000e+01  0.0
-13.3  32  2.729976e-02
-13.7  32  2.668853e-02
-14  32  1.958865e-01
-14.3  32  2.061491e-01
-14.7  32  4.897264e-01
-15  32  4.281258e-01
-15.3  32  8.107612e-01
-15.7  32  5.108434e-01
-16  32  5.090405e-01
-16.3  32  3.995023e-01
-16.7  32  2.077779e-01
-17  32  1.381450e-01
-17.3  32  9.290960e-02
-17.7  32  4.910763e-02
-18  32  2.897662e-02
-18.3  32  9.756227e-03
-18.7  32  1.609502e-03
-1.900000e+01  3.200000e+01  0.0
-1.930000e+01  3.200000e+01  0.0
-1.970000e+01  3.200000e+01  0.0
-2.000000e+01  3.200000e+01  0.0
-2.030000e+01  3.200000e+01  0.0
-2.070000e+01  3.200000e+01  0.0
-2.100000e+01  3.200000e+01  0.0
-2.130000e+01  3.200000e+01  0.0
-2.170000e+01  3.200000e+01  0.0
-2.200000e+01  3.200000e+01  0.0
-13.3  39  1.292946e-02
-13.7  39  6.901570e-02
-14  39  1.413419e-01
-14.3  39  1.887825e-01
-14.7  39  2.543554e-01
-15  39  2.990561e-01
-15.3  39  4.705978e-01
-15.7  39  3.248295e-01
-16  39  2.906856e-01
-16.3  39  2.018500e-01
-16.7  39  1.113641e-01
-17  39  7.453902e-02
-17.3  39  5.384416e-02
-17.7  39  2.705895e-02
-18  39  8.595286e-03
-1.830000e+01  3.900000e+01  0.0
-1.870000e+01  3.900000e+01  0.0
-1.900000e+01  3.900000e+01  0.0
-1.930000e+01  3.900000e+01  0.0
-1.970000e+01  3.900000e+01  0.0
-2.000000e+01  3.900000e+01  0.0
-2.030000e+01  3.900000e+01  0.0
-2.070000e+01  3.900000e+01  0.0
-2.100000e+01  3.900000e+01  0.0
-2.130000e+01  3.900000e+01  0.0
-2.170000e+01  3.900000e+01  0.0
-2.200000e+01  3.900000e+01  0.0
-13.3  48  1.380896e-02
-13.7  48  2.022471e-02
-14  48  4.383096e-02
-14.3  48  2.144844e-01
-14.7  48  8.419374e-02
-15  48  2.191074e-01
-15.3  48  1.845517e-01
-15.7  48  1.773766e-01
-16  48  1.386931e-01
-16.3  48  1.069088e-01
-16.7  48  5.873274e-02
-17  48  4.212933e-02
-17.3  48  2.812381e-02
-17.7  48  8.171037e-03
-1.800000e+01  4.800000e+01  0.0
-1.830000e+01  4.800000e+01  0.0
-1.870000e+01  4.800000e+01  0.0
-1.900000e+01  4.800000e+01  0.0
-1.930000e+01  4.800000e+01  0.0
-1.970000e+01  4.800000e+01  0.0
-2.000000e+01  4.800000e+01  0.0
-2.030000e+01  4.800000e+01  0.0
-2.070000e+01  4.800000e+01  0.0
-2.100000e+01  4.800000e+01  0.0
-2.130000e+01  4.800000e+01  0.0
-2.170000e+01  4.800000e+01  0.0
-2.200000e+01  4.800000e+01  0.0
-13.3  58  4.416609e-03
-13.7  58  1.325722e-02
-14  58  4.050491e-02
-14.3  58  6.107352e-02
-14.7  58  4.785511e-02
-15  58  7.028791e-02
-15.3  58  1.114460e-01
-15.7  58  8.703739e-02
-16  58  6.688409e-02
-16.3  58  4.871007e-02
-16.7  58  3.049471e-02
-17  58  2.082894e-02
-17.3  58  8.441060e-03
-1.770000e+01  5.800000e+01  0.0
-1.800000e+01  5.800000e+01  0.0
-1.830000e+01  5.800000e+01  0.0
-1.870000e+01  5.800000e+01  0.0
-1.900000e+01  5.800000e+01  0.0
-1.930000e+01  5.800000e+01  0.0
-1.970000e+01  5.800000e+01  0.0
-2.000000e+01  5.800000e+01  0.0
-2.030000e+01  5.800000e+01  0.0
-2.070000e+01  5.800000e+01  0.0
-2.100000e+01  5.800000e+01  0.0
-2.130000e+01  5.800000e+01  0.0
-2.170000e+01  5.800000e+01  0.0
-2.200000e+01  5.800000e+01  0.0
-13.3  88  1.134968e-03
-13.7  88  1.483486e-03
-14  88  2.309375e-03
-14.3  88  5.666945e-03
-14.7  88  7.528499e-03
-15  88  9.161083e-03
-15.3  88  1.025494e-02
-15.7  88  6.465145e-03
-16  88  6.582152e-03
-16.3  88  5.849144e-03
-16.7  88  2.657881e-03
-17  88  7.137335e-04
-1.730000e+01  8.800000e+01  0.0
-1.770000e+01  8.800000e+01  0.0
-1.800000e+01  8.800000e+01  0.0
-1.830000e+01  8.800000e+01  0.0
-1.870000e+01  8.800000e+01  0.0
-1.900000e+01  8.800000e+01  0.0
-1.930000e+01  8.800000e+01  0.0
-1.970000e+01  8.800000e+01  0.0
-2.000000e+01  8.800000e+01  0.0
-2.030000e+01  8.800000e+01  0.0
-2.070000e+01  8.800000e+01  0.0
-2.100000e+01  8.800000e+01  0.0
-2.130000e+01  8.800000e+01  0.0
-2.170000e+01  8.800000e+01  0.0
-2.200000e+01  8.800000e+01  0.0
-13.3  108  0.000000e+00
-13.7  108  0.000000e+00
-14  108  0.000000e+00
-14.3  108  0.000000e+00
-14.7  108  0.000000e+00
-15  108  0.000000e+00
-15.3  108  0.000000e+00
-15.7  108  0.000000e+00
-16  108  0.000000e+00
-16.3  108  0.000000e+00
-16.7  108  0.000000e+00
-1.700000e+01  1.080000e+02  0.0
-1.730000e+01  1.080000e+02  0.0
-1.770000e+01  1.080000e+02  0.0
-1.800000e+01  1.080000e+02  0.0
-1.830000e+01  1.080000e+02  0.0
-1.870000e+01  1.080000e+02  0.0
-1.900000e+01  1.080000e+02  0.0
-1.930000e+01  1.080000e+02  0.0
-1.970000e+01  1.080000e+02  0.0
-2.000000e+01  1.080000e+02  0.0
-2.030000e+01  1.080000e+02  0.0
-2.070000e+01  1.080000e+02  0.0
-2.100000e+01  1.080000e+02  0.0
-2.130000e+01  1.080000e+02  0.0
-2.170000e+01  1.080000e+02  0.0
-2.200000e+01  1.080000e+02  0.0
-13.3  132  0.000000e+00
-13.7  132  0.000000e+00
-14  132  0.000000e+00
-14.3  132  0.000000e+00
-14.7  132  0.000000e+00
-15  132  0.000000e+00
-15.3  132  0.000000e+00
-15.7  132  0.000000e+00
-16  132  0.000000e+00
-16.3  132  0.000000e+00
-1.670000e+01  1.320000e+02  0.0
-1.700000e+01  1.320000e+02  0.0
-1.730000e+01  1.320000e+02  0.0
-1.770000e+01  1.320000e+02  0.0
-1.800000e+01  1.320000e+02  0.0
-1.830000e+01  1.320000e+02  0.0
-1.870000e+01  1.320000e+02  0.0
-1.900000e+01  1.320000e+02  0.0
-1.930000e+01  1.320000e+02  0.0
-1.970000e+01  1.320000e+02  0.0
-2.000000e+01  1.320000e+02  0.0
-2.030000e+01  1.320000e+02  0.0
-2.070000e+01  1.320000e+02  0.0
-2.100000e+01  1.320000e+02  0.0
-2.130000e+01  1.320000e+02  0.0
-2.170000e+01  1.320000e+02  0.0
-2.200000e+01  1.320000e+02  0.0
-13.3  162  0.000000e+00
-13.7  162  0.000000e+00
-14  162  0.000000e+00
-14.3  162  0.000000e+00
-14.7  162  0.000000e+00
-15  162  0.000000e+00
-15.3  162  0.000000e+00
-15.7  162  0.000000e+00
-16  162  0.000000e+00
-1.630000e+01  1.620000e+02  0.0
-1.670000e+01  1.620000e+02  0.0
-1.700000e+01  1.620000e+02  0.0
-1.730000e+01  1.620000e+02  0.0
-1.770000e+01  1.620000e+02  0.0
-1.800000e+01  1.620000e+02  0.0
-1.830000e+01  1.620000e+02  0.0
-1.870000e+01  1.620000e+02  0.0
-1.900000e+01  1.620000e+02  0.0
-1.930000e+01  1.620000e+02  0.0
-1.970000e+01  1.620000e+02  0.0
-2.000000e+01  1.620000e+02  0.0
-2.030000e+01  1.620000e+02  0.0
-2.070000e+01  1.620000e+02  0.0
-2.100000e+01  1.620000e+02  0.0
-2.130000e+01  1.620000e+02  0.0
-2.170000e+01  1.620000e+02  0.0
-2.200000e+01  1.620000e+02  0.0
-13.3  199  0.000000e+00
-13.7  199  0.000000e+00
-14  199  0.000000e+00
-14.3  199  0.000000e+00
-14.7  199  0.000000e+00
-15  199  0.000000e+00
-15.3  199  0.000000e+00
-15.7  199  0.000000e+00
-1.600000e+01  1.990000e+02  0.0
-1.630000e+01  1.990000e+02  0.0
-1.670000e+01  1.990000e+02  0.0
-1.700000e+01  1.990000e+02  0.0
-1.730000e+01  1.990000e+02  0.0
-1.770000e+01  1.990000e+02  0.0
-1.800000e+01  1.990000e+02  0.0
-1.830000e+01  1.990000e+02  0.0
-1.870000e+01  1.990000e+02  0.0
-1.900000e+01  1.990000e+02  0.0
-1.930000e+01  1.990000e+02  0.0
-1.970000e+01  1.990000e+02  0.0
-2.000000e+01  1.990000e+02  0.0
-2.030000e+01  1.990000e+02  0.0
-2.070000e+01  1.990000e+02  0.0
-2.100000e+01  1.990000e+02  0.0
-2.130000e+01  1.990000e+02  0.0
-2.170000e+01  1.990000e+02  0.0
-2.200000e+01  1.990000e+02  0.0
-13.3  244  0.000000e+00
-13.7  244  0.000000e+00
-14  244  0.000000e+00
-14.3  244  0.000000e+00
-14.7  244  0.000000e+00
-15  244  0.000000e+00
-15.3  244  0.000000e+00
-15.7  244  0.000000e+00
-1.600000e+01  2.440000e+02  0.0
-1.630000e+01  2.440000e+02  0.0
-1.670000e+01  2.440000e+02  0.0
-1.700000e+01  2.440000e+02  0.0
-1.730000e+01  2.440000e+02  0.0
-1.770000e+01  2.440000e+02  0.0
-1.800000e+01  2.440000e+02  0.0
-1.830000e+01  2.440000e+02  0.0
-1.870000e+01  2.440000e+02  0.0
-1.900000e+01  2.440000e+02  0.0
-1.930000e+01  2.440000e+02  0.0
-1.970000e+01  2.440000e+02  0.0
-2.000000e+01  2.440000e+02  0.0
-2.030000e+01  2.440000e+02  0.0
-2.070000e+01  2.440000e+02  0.0
-2.100000e+01  2.440000e+02  0.0
-2.130000e+01  2.440000e+02  0.0
-2.170000e+01  2.440000e+02  0.0
-2.200000e+01  2.440000e+02  0.0
-13.3  300  0.000000e+00
-13.7  300  0.000000e+00
-14  300  0.000000e+00
-14.3  300  0.000000e+00
-14.7  300  0.000000e+00
-15  300  0.000000e+00
-15.3  300  0.000000e+00
-1.570000e+01  3.000000e+02  0.0
-1.600000e+01  3.000000e+02  0.0
-1.630000e+01  3.000000e+02  0.0
-1.670000e+01  3.000000e+02  0.0
-1.700000e+01  3.000000e+02  0.0
-1.730000e+01  3.000000e+02  0.0
-1.770000e+01  3.000000e+02  0.0
-1.800000e+01  3.000000e+02  0.0
-1.830000e+01  3.000000e+02  0.0
-1.870000e+01  3.000000e+02  0.0
-1.900000e+01  3.000000e+02  0.0
-1.930000e+01  3.000000e+02  0.0
-1.970000e+01  3.000000e+02  0.0
-2.000000e+01  3.000000e+02  0.0
-2.030000e+01  3.000000e+02  0.0
-2.070000e+01  3.000000e+02  0.0
-2.100000e+01  3.000000e+02  0.0
-2.130000e+01  3.000000e+02  0.0
-2.170000e+01  3.000000e+02  0.0
-2.200000e+01  3.000000e+02  0.0
