# log10(y)    mass[MeV]    Nhits
-13.3  5  1.954395e-05
-13.7  5  2.610749e-04
-14  5  3.565171e-03
-14.3  5  3.393505e-02
-14.7  5  1.775099e-01
-15  5  6.816620e-01
-15.3  5  1.932857e+00
-15.7  5  3.159563e+00
-16  5  3.981343e+00
-16.3  5  5.959840e+00
-16.7  5  4.133843e+00
-17  5  4.637312e+00
-17.3  5  4.028741e+00
-17.7  5  3.892656e+00
-18  5  3.335771e+00
-18.3  5  2.544753e+00
-18.7  5  1.563205e+00
-19  5  1.051869e+00
-19.3  5  6.669106e-01
-19.7  5  3.009512e-01
-20  5  1.788868e-01
-20.3  5  1.036698e-01
-20.7  5  5.132138e-02
-21  5  2.897474e-02
-21.3  5  9.911637e-03
-21.7  5  1.544353e-03
-2.200000e+01  5.000000e+00  0.0
-13.3  6  2.142163e-04
-13.7  6  2.094145e-03
-14  6  1.032302e-02
-14.3  6  8.861211e-02
-14.7  6  4.042322e-01
-15  6  1.135237e+00
-15.3  6  3.088155e+00
-15.7  6  3.571355e+00
-16  6  4.665646e+00
-16.3  6  4.558568e+00
-16.7  6  3.754556e+00
-17  6  3.481959e+00
-17.3  6  4.459238e+00
-17.7  6  3.438404e+00
-18  6  2.822074e+00
-18.3  6  1.867962e+00
-18.7  6  1.071298e+00
-19  6  7.052736e-01
-19.3  6  4.227346e-01
-19.7  6  1.806156e-01
-20  6  1.141454e-01
-20.3  6  8.027461e-02
-20.7  6  3.626428e-02
-21  6  1.180102e-02
-21.3  6  2.463794e-03
-2.170000e+01  6.000000e+00  0.0
-2.200000e+01  6.000000e+00  0.0
-13.3  8  1.895312e-03
-13.7  8  7.991193e-03
-14  8  3.123237e-02
-14.3  8  1.558483e-01
-14.7  8  4.258057e-01
-15  8  1.452209e+00
-15.3  8  2.599863e+00
-15.7  8  3.113286e+00
-16  8  3.328133e+00
-16.3  8  3.143172e+00
-16.7  8  2.271453e+00
-17  8  2.478696e+00
-17.3  8  2.348146e+00
-17.7  8  1.882230e+00
-18  8  1.312116e+00
-18.3  8  9.453654e-01
-18.7  8  4.848517e-01
-19  8  3.016494e-01
-19.3  8  1.785138e-01
-19.7  8  8.532031e-02
-20  8  6.632454e-02
-20.3  8  3.865732e-02
-20.7  8  1.036584e-02
-21  8  2.190259e-03
-2.130000e+01  8.000000e+00  0.0
-2.170000e+01  8.000000e+00  0.0
-2.200000e+01  8.000000e+00  0.0
-13.3  9  2.591997e-03
-13.7  9  1.532642e-02
-14  9  7.307185e-02
-14.3  9  3.315357e-01
-14.7  9  7.112064e-01
-15  9  1.855808e+00
-15.3  9  3.686668e+00
-15.7  9  3.453160e+00
-16  9  3.091704e+00
-16.3  9  2.753781e+00
-16.7  9  2.331108e+00
-17  9  2.701171e+00
-17.3  9  2.287087e+00
-17.7  9  1.535515e+00
-18  9  1.149639e+00
-18.3  9  7.762406e-01
-18.7  9  3.856304e-01
-19  9  2.343064e-01
-19.3  9  1.504494e-01
-19.7  9  8.827511e-02
-20  9  4.899264e-02
-20.3  9  1.649185e-02
-20.7  9  2.905993e-03
-2.100000e+01  9.000000e+00  0.0
-2.130000e+01  9.000000e+00  0.0
-2.170000e+01  9.000000e+00  0.0
-2.200000e+01  9.000000e+00  0.0
-13.3  11  9.672234e-03
-13.7  11  3.542837e-02
-14  11  1.330864e-01
-14.3  11  3.390971e-01
-14.7  11  8.443742e-01
-15  11  2.252571e+00
-15.3  11  3.358544e+00
-15.7  11  2.485727e+00
-16  11  2.179519e+00
-16.3  11  2.433059e+00
-16.7  11  1.588619e+00
-17  11  1.794869e+00
-17.3  11  1.370062e+00
-17.7  11  9.147932e-01
-18  11  6.466940e-01
-18.3  11  4.195359e-01
-18.7  11  2.291794e-01
-19  11  1.480846e-01
-19.3  11  9.275568e-02
-19.7  11  4.381953e-02
-20  11  1.353117e-02
-20.3  11  3.090962e-03
-2.070000e+01  1.100000e+01  0.0
-2.100000e+01  1.100000e+01  0.0
-2.130000e+01  1.100000e+01  0.0
-2.170000e+01  1.100000e+01  0.0
-2.200000e+01  1.100000e+01  0.0
-13.3  14  2.290680e-02
-13.7  14  6.493504e-02
-14  14  1.408056e-01
-14.3  14  3.926825e-01
-14.7  14  1.241610e+00
-15  14  1.885267e+00
-15.3  14  2.592023e+00
-15.7  14  1.466085e+00
-16  14  2.032626e+00
-16.3  14  1.745087e+00
-16.7  14  1.478769e+00
-17  14  1.022930e+00
-17.3  14  8.915970e-01
-17.7  14  4.656143e-01
-18  14  2.982899e-01
-18.3  14  2.072762e-01
-18.7  14  1.031863e-01
-19  14  7.154952e-02
-19.3  14  4.004275e-02
-19.7  14  1.042083e-02
-20  14  2.330156e-03
-2.030000e+01  1.400000e+01  0.0
-2.070000e+01  1.400000e+01  0.0
-2.100000e+01  1.400000e+01  0.0
-2.130000e+01  1.400000e+01  0.0
-2.170000e+01  1.400000e+01  0.0
-2.200000e+01  1.400000e+01  0.0
-13.3  17  3.070472e-02
-13.7  17  8.339074e-02
-14  17  2.773322e-01
-14.3  17  5.540351e-01
-14.7  17  8.537566e-01
-15  17  1.665260e+00
-15.3  17  2.184299e+00
-15.7  17  1.522378e+00
-16  17  1.411350e+00
-16.3  17  1.599868e+00
-16.7  17  1.025640e+00
-17  17  7.608406e-01
-17.3  17  5.271225e-01
-17.7  17  2.700203e-01
-18  17  1.669200e-01
-18.3  17  1.050340e-01
-18.7  17  6.134187e-02
-19  17  3.655021e-02
-19.3  17  1.065858e-02
-19.7  17  1.907091e-03
-2.000000e+01  1.700000e+01  0.0
-2.030000e+01  1.700000e+01  0.0
-2.070000e+01  1.700000e+01  0.0
-2.100000e+01  1.700000e+01  0.0
-2.130000e+01  1.700000e+01  0.0
-2.170000e+01  1.700000e+01  0.0
-2.200000e+01  1.700000e+01  0.0
-13.3  21  4.217353e-02
-13.7  21  8.604383e-02
-14  21  2.000806e-01
-14.3  21  3.971630e-01
-14.7  21  4.001685e-01
-15  21  1.339337e+00
-15.3  21  1.673366e+00
-15.7  21  1.257889e+00
-16  21  1.280993e+00
-16.3  21  8.891783e-01
-16.7  21  6.211318e-01
-17  21  4.373719e-01
-17.3  21  2.693179e-01
-17.7  21  1.321953e-01
-18  21  8.598283e-02
-18.3  21  6.528721e-02
-18.7  21  3.116447e-02
-19  21  9.569997e-03
-19.3  21  2.014549e-03
-1.970000e+01  2.100000e+01  0.0
-2.000000e+01  2.100000e+01  0.0
-2.030000e+01  2.100000e+01  0.0
-2.070000e+01  2.100000e+01  0.0
-2.100000e+01  2.100000e+01  0.0
-2.130000e+01  2.100000e+01  0.0
-2.170000e+01  2.100000e+01  0.0
-2.200000e+01  2.100000e+01  0.0
-13.3  26  3.710338e-02
-13.7  26  6.405183e-02
-14  26  1.492499e-01
-14.3  26  5.849781e-01
-14.7  26  6.401053e-01
-15  26  7.844366e-01
-15.3  26  1.205808e+00
-15.7  26  8.822089e-01
-16  26  8.531725e-01
-16.3  26  6.246215e-01
-16.7  26  3.861483e-01
-17  26  2.563212e-01
-17.3  26  1.446737e-01
-17.7  26  7.397346e-02
-18  26  5.735597e-02
-18.3  26  3.227593e-02
-18.7  26  8.607939e-03
-19  26  1.766732e-03
-1.930000e+01  2.600000e+01  0.0
-1.970000e+01  2.600000e+01  0.0
-2.000000e+01  2.600000e+01  0.0
-2.030000e+01  2.600000e+01  0.0
-2.070000e+01  2.600000e+01  0.0
-2.100000e+01  2.600000e+01  0.0
-2.130000e+01  2.600000e+01  0.0
-2.170000e+01  2.600000e+01  0.0
-2.200000e+01  2.600000e+01  0.0
-13.3  32  2.853367e-02
-13.7  32  2.807859e-02
-14  32  2.061424e-01
-14.3  32  2.162781e-01
-14.7  32  5.123325e-01
-15  32  4.439404e-01
-15.3  32  8.339922e-01
-15.7  32  5.227582e-01
-16  32  5.196090e-01
-16.3  32  4.086374e-01
-16.7  32  2.142165e-01
-17  32  1.444421e-01
-17.3  32  9.870213e-02
-17.7  32  5.304654e-02
-18  32  3.156130e-02
-18.3  32  1.079615e-02
-18.7  32  1.827546e-03
-1.900000e+01  3.200000e+01  0.0
-1.930000e+01  3.200000e+01  0.0
-1.970000e+01  3.200000e+01  0.0
-2.000000e+01  3.200000e+01  0.0
-2.030000e+01  3.200000e+01  0.0
-2.070000e+01  3.200000e+01  0.0
-2.100000e+01  3.200000e+01  0.0
-2.130000e+01  3.200000e+01  0.0
-2.170000e+01  3.200000e+01  0.0
-2.200000e+01  3.200000e+01  0.0
-13.3  39  1.313449e-02
-13.7  39  7.053824e-02
-14  39  1.446239e-01
-14.3  39  1.935080e-01
-14.7  39  2.602247e-01
-15  39  3.047102e-01
-15.3  39  4.764858e-01
-15.7  39  3.266676e-01
-16  39  2.901602e-01
-16.3  39  1.999941e-01
-16.7  39  1.097162e-01
-17  39  7.306320e-02
-17.3  39  5.270533e-02
-17.7  39  2.643250e-02
-18  39  8.374816e-03
-1.830000e+01  3.900000e+01  0.0
-1.870000e+01  3.900000e+01  0.0
-1.900000e+01  3.900000e+01  0.0
-1.930000e+01  3.900000e+01  0.0
-1.970000e+01  3.900000e+01  0.0
-2.000000e+01  3.900000e+01  0.0
-2.030000e+01  3.900000e+01  0.0
-2.070000e+01  3.900000e+01  0.0
-2.100000e+01  3.900000e+01  0.0
-2.130000e+01  3.900000e+01  0.0
-2.170000e+01  3.900000e+01  0.0
-2.200000e+01  3.900000e+01  0.0
-13.3  48  1.369056e-02
-13.7  48  2.015557e-02
-14  48  4.400786e-02
-14.3  48  2.164741e-01
-14.7  48  8.504418e-02
-15  48  2.208683e-01
-15.3  48  1.851787e-01
-15.7  48  1.766203e-01
-16  48  1.366136e-01
-16.3  48  1.038692e-01
-16.7  48  5.627493e-02
-17  48  4.017590e-02
-17.3  48  2.657034e-02
-17.7  48  7.601572e-03
-1.800000e+01  4.800000e+01  0.0
-1.830000e+01  4.800000e+01  0.0
-1.870000e+01  4.800000e+01  0.0
-1.900000e+01  4.800000e+01  0.0
-1.930000e+01  4.800000e+01  0.0
-1.970000e+01  4.800000e+01  0.0
-2.000000e+01  4.800000e+01  0.0
-2.030000e+01  4.800000e+01  0.0
-2.070000e+01  4.800000e+01  0.0
-2.100000e+01  4.800000e+01  0.0
-2.130000e+01  4.800000e+01  0.0
-2.170000e+01  4.800000e+01  0.0
-2.200000e+01  4.800000e+01  0.0
-13.3  58  4.299354e-03
-13.7  58  1.303840e-02
-14  58  4.029049e-02
-14.3  58  6.109565e-02
-14.7  58  4.801604e-02
-15  58  7.063351e-02
-15.3  58  1.121064e-01
-15.7  58  8.761634e-02
-16  58  6.737071e-02
-16.3  58  4.909538e-02
-16.7  58  3.073529e-02
-17  58  2.099444e-02
-17.3  58  8.510812e-03
-1.770000e+01  5.800000e+01  0.0
-1.800000e+01  5.800000e+01  0.0
-1.830000e+01  5.800000e+01  0.0
-1.870000e+01  5.800000e+01  0.0
-1.900000e+01  5.800000e+01  0.0
-1.930000e+01  5.800000e+01  0.0
-1.970000e+01  5.800000e+01  0.0
-2.000000e+01  5.800000e+01  0.0
-2.030000e+01  5.800000e+01  0.0
-2.070000e+01  5.800000e+01  0.0
-2.100000e+01  5.800000e+01  0.0
-2.130000e+01  5.800000e+01  0.0
-2.170000e+01  5.800000e+01  0.0
-2.200000e+01  5.800000e+01  0.0
-13.3  88  1.069824e-03
-13.7  88  1.409172e-03
-14  88  2.203968e-03
-14.3  88  5.423619e-03
-14.7  88  7.219365e-03
-15  88  8.799150e-03
-15.3  88  9.862825e-03
-15.7  88  6.224695e-03
-16  88  6.343030e-03
-16.3  88  5.637285e-03
-16.7  88  2.561619e-03
-17  88  6.879690e-04
-1.730000e+01  8.800000e+01  0.0
-1.770000e+01  8.800000e+01  0.0
-1.800000e+01  8.800000e+01  0.0
-1.830000e+01  8.800000e+01  0.0
-1.870000e+01  8.800000e+01  0.0
-1.900000e+01  8.800000e+01  0.0
-1.930000e+01  8.800000e+01  0.0
-1.970000e+01  8.800000e+01  0.0
-2.000000e+01  8.800000e+01  0.0
-2.030000e+01  8.800000e+01  0.0
-2.070000e+01  8.800000e+01  0.0
-2.100000e+01  8.800000e+01  0.0
-2.130000e+01  8.800000e+01  0.0
-2.170000e+01  8.800000e+01  0.0
-2.200000e+01  8.800000e+01  0.0
-13.3  108  0.000000e+00
-13.7  108  0.000000e+00
-14  108  0.000000e+00
-14.3  108  0.000000e+00
-14.7  108  0.000000e+00
-15  108  0.000000e+00
-15.3  108  0.000000e+00
-15.7  108  0.000000e+00
-16  108  0.000000e+00
-16.3  108  0.000000e+00
-16.7  108  0.000000e+00
-1.700000e+01  1.080000e+02  0.0
-1.730000e+01  1.080000e+02  0.0
-1.770000e+01  1.080000e+02  0.0
-1.800000e+01  1.080000e+02  0.0
-1.830000e+01  1.080000e+02  0.0
-1.870000e+01  1.080000e+02  0.0
-1.900000e+01  1.080000e+02  0.0
-1.930000e+01  1.080000e+02  0.0
-1.970000e+01  1.080000e+02  0.0
-2.000000e+01  1.080000e+02  0.0
-2.030000e+01  1.080000e+02  0.0
-2.070000e+01  1.080000e+02  0.0
-2.100000e+01  1.080000e+02  0.0
-2.130000e+01  1.080000e+02  0.0
-2.170000e+01  1.080000e+02  0.0
-2.200000e+01  1.080000e+02  0.0
-13.3  132  0.000000e+00
-13.7  132  0.000000e+00
-14  132  0.000000e+00
-14.3  132  0.000000e+00
-14.7  132  0.000000e+00
-15  132  0.000000e+00
-15.3  132  0.000000e+00
-15.7  132  0.000000e+00
-16  132  0.000000e+00
-16.3  132  0.000000e+00
-1.670000e+01  1.320000e+02  0.0
-1.700000e+01  1.320000e+02  0.0
-1.730000e+01  1.320000e+02  0.0
-1.770000e+01  1.320000e+02  0.0
-1.800000e+01  1.320000e+02  0.0
-1.830000e+01  1.320000e+02  0.0
-1.870000e+01  1.320000e+02  0.0
-1.900000e+01  1.320000e+02  0.0
-1.930000e+01  1.320000e+02  0.0
-1.970000e+01  1.320000e+02  0.0
-2.000000e+01  1.320000e+02  0.0
-2.030000e+01  1.320000e+02  0.0
-2.070000e+01  1.320000e+02  0.0
-2.100000e+01  1.320000e+02  0.0
-2.130000e+01  1.320000e+02  0.0
-2.170000e+01  1.320000e+02  0.0
-2.200000e+01  1.320000e+02  0.0
-13.3  162  0.000000e+00
-13.7  162  0.000000e+00
-14  162  0.000000e+00
-14.3  162  0.000000e+00
-14.7  162  0.000000e+00
-15  162  0.000000e+00
-15.3  162  0.000000e+00
-15.7  162  0.000000e+00
-16  162  0.000000e+00
-1.630000e+01  1.620000e+02  0.0
-1.670000e+01  1.620000e+02  0.0
-1.700000e+01  1.620000e+02  0.0
-1.730000e+01  1.620000e+02  0.0
-1.770000e+01  1.620000e+02  0.0
-1.800000e+01  1.620000e+02  0.0
-1.830000e+01  1.620000e+02  0.0
-1.870000e+01  1.620000e+02  0.0
-1.900000e+01  1.620000e+02  0.0
-1.930000e+01  1.620000e+02  0.0
-1.970000e+01  1.620000e+02  0.0
-2.000000e+01  1.620000e+02  0.0
-2.030000e+01  1.620000e+02  0.0
-2.070000e+01  1.620000e+02  0.0
-2.100000e+01  1.620000e+02  0.0
-2.130000e+01  1.620000e+02  0.0
-2.170000e+01  1.620000e+02  0.0
-2.200000e+01  1.620000e+02  0.0
-13.3  199  0.000000e+00
-13.7  199  0.000000e+00
-14  199  0.000000e+00
-14.3  199  0.000000e+00
-14.7  199  0.000000e+00
-15  199  0.000000e+00
-15.3  199  0.000000e+00
-15.7  199  0.000000e+00
-1.600000e+01  1.990000e+02  0.0
-1.630000e+01  1.990000e+02  0.0
-1.670000e+01  1.990000e+02  0.0
-1.700000e+01  1.990000e+02  0.0
-1.730000e+01  1.990000e+02  0.0
-1.770000e+01  1.990000e+02  0.0
-1.800000e+01  1.990000e+02  0.0
-1.830000e+01  1.990000e+02  0.0
-1.870000e+01  1.990000e+02  0.0
-1.900000e+01  1.990000e+02  0.0
-1.930000e+01  1.990000e+02  0.0
-1.970000e+01  1.990000e+02  0.0
-2.000000e+01  1.990000e+02  0.0
-2.030000e+01  1.990000e+02  0.0
-2.070000e+01  1.990000e+02  0.0
-2.100000e+01  1.990000e+02  0.0
-2.130000e+01  1.990000e+02  0.0
-2.170000e+01  1.990000e+02  0.0
-2.200000e+01  1.990000e+02  0.0
-13.3  244  0.000000e+00
-13.7  244  0.000000e+00
-14  244  0.000000e+00
-14.3  244  0.000000e+00
-14.7  244  0.000000e+00
-15  244  0.000000e+00
-15.3  244  0.000000e+00
-15.7  244  0.000000e+00
-1.600000e+01  2.440000e+02  0.0
-1.630000e+01  2.440000e+02  0.0
-1.670000e+01  2.440000e+02  0.0
-1.700000e+01  2.440000e+02  0.0
-1.730000e+01  2.440000e+02  0.0
-1.770000e+01  2.440000e+02  0.0
-1.800000e+01  2.440000e+02  0.0
-1.830000e+01  2.440000e+02  0.0
-1.870000e+01  2.440000e+02  0.0
-1.900000e+01  2.440000e+02  0.0
-1.930000e+01  2.440000e+02  0.0
-1.970000e+01  2.440000e+02  0.0
-2.000000e+01  2.440000e+02  0.0
-2.030000e+01  2.440000e+02  0.0
-2.070000e+01  2.440000e+02  0.0
-2.100000e+01  2.440000e+02  0.0
-2.130000e+01  2.440000e+02  0.0
-2.170000e+01  2.440000e+02  0.0
-2.200000e+01  2.440000e+02  0.0
-13.3  300  0.000000e+00
-13.7  300  0.000000e+00
-14  300  0.000000e+00
-14.3  300  0.000000e+00
-14.7  300  0.000000e+00
-15  300  0.000000e+00
-15.3  300  0.000000e+00
-1.570000e+01  3.000000e+02  0.0
-1.600000e+01  3.000000e+02  0.0
-1.630000e+01  3.000000e+02  0.0
-1.670000e+01  3.000000e+02  0.0
-1.700000e+01  3.000000e+02  0.0
-1.730000e+01  3.000000e+02  0.0
-1.770000e+01  3.000000e+02  0.0
-1.800000e+01  3.000000e+02  0.0
-1.830000e+01  3.000000e+02  0.0
-1.870000e+01  3.000000e+02  0.0
-1.900000e+01  3.000000e+02  0.0
-1.930000e+01  3.000000e+02  0.0
-1.970000e+01  3.000000e+02  0.0
-2.000000e+01  3.000000e+02  0.0
-2.030000e+01  3.000000e+02  0.0
-2.070000e+01  3.000000e+02  0.0
-2.100000e+01  3.000000e+02  0.0
-2.130000e+01  3.000000e+02  0.0
-2.170000e+01  3.000000e+02  0.0
-2.200000e+01  3.000000e+02  0.0
