# log10(y)    mass[MeV]    Nhits
-13.3  5  2.567479e-05
-13.7  5  3.151374e-04
-14  5  3.889176e-03
-14.3  5  3.243018e-02
-14.7  5  1.442493e-01
-15  5  4.885713e-01
-15.3  5  1.359521e+00
-15.7  5  2.376970e+00
-16  5  3.265971e+00
-16.3  5  5.180192e+00
-16.7  5  3.656208e+00
-17  5  4.057366e+00
-17.3  5  3.484298e+00
-17.7  5  3.223638e+00
-18  5  2.706755e+00
-18.3  5  2.068055e+00
-18.7  5  1.317093e+00
-19  5  9.684443e-01
-19.3  5  6.938699e-01
-19.7  5  3.689442e-01
-20  5  2.669463e-01
-20.3  5  2.006022e-01
-20.7  5  1.158574e-01
-21  5  7.125362e-02
-21.3  5  2.861939e-02
-21.7  5  5.597272e-03
-2.200000e+01  5.000000e+00  0.0
-13.3  6  2.462118e-04
-13.7  6  2.322124e-03
-14  6  1.068548e-02
-14.3  6  8.391457e-02
-14.7  6  3.444978e-01
-15  6  8.736602e-01
-15.3  6  2.256781e+00
-15.7  6  2.656315e+00
-16  6  3.673772e+00
-16.3  6  3.803225e+00
-16.7  6  3.238580e+00
-17  6  3.025477e+00
-17.3  6  3.846406e+00
-17.7  6  2.904280e+00
-18  6  2.334733e+00
-18.3  6  1.518169e+00
-18.7  6  8.623666e-01
-19  6  5.686445e-01
-19.3  6  3.452037e-01
-19.7  6  1.522697e-01
-20  6  1.002412e-01
-20.3  6  7.304627e-02
-20.7  6  3.383945e-02
-21  6  1.154479e-02
-21.3  6  2.607014e-03
-2.170000e+01  6.000000e+00  0.0
-2.200000e+01  6.000000e+00  0.0
-13.3  8  2.112618e-03
-13.7  8  9.125972e-03
-14  8  3.548491e-02
-14.3  8  1.710181e-01
-14.7  8  4.404140e-01
-15  8  1.388767e+00
-15.3  8  2.278693e+00
-15.7  8  2.552488e+00
-16  8  2.644160e+00
-16.3  8  2.497242e+00
-16.7  8  1.816871e+00
-17  8  2.031392e+00
-17.3  8  1.947882e+00
-17.7  8  1.561998e+00
-18  8  1.081494e+00
-18.3  8  7.703188e-01
-18.7  8  3.909707e-01
-19  8  2.411278e-01
-19.3  8  1.419352e-01
-19.7  8  6.793831e-02
-20  8  5.305704e-02
-20.3  8  3.106252e-02
-20.7  8  8.422702e-03
-21  8  1.818154e-03
-2.130000e+01  8.000000e+00  0.0
-2.170000e+01  8.000000e+00  0.0
-2.200000e+01  8.000000e+00  0.0
-13.3  9  3.211618e-03
-13.7  9  1.975825e-02
-14  9  9.334871e-02
-14.3  9  4.043261e-01
-14.7  9  8.073729e-01
-15  9  1.925678e+00
-15.3  9  3.488630e+00
-15.7  9  3.035948e+00
-16  9  2.609164e+00
-16.3  9  2.301508e+00
-16.7  9  1.936966e+00
-17  9  2.256670e+00
-17.3  9  1.913635e+00
-17.7  9  1.279394e+00
-18  9  9.473276e-01
-18.3  9  6.305415e-01
-18.7  9  3.075861e-01
-19  9  1.821144e-01
-19.3  9  1.141883e-01
-19.7  9  6.578060e-02
-20  9  3.610814e-02
-20.3  9  1.192710e-02
-20.7  9  2.040453e-03
-2.100000e+01  9.000000e+00  0.0
-2.130000e+01  9.000000e+00  0.0
-2.170000e+01  9.000000e+00  0.0
-2.200000e+01  9.000000e+00  0.0
-13.3  11  1.021671e-02
-13.7  11  4.012544e-02
-14  11  1.562487e-01
-14.3  11  3.986713e-01
-14.7  11  9.657404e-01
-15  11  2.449521e+00
-15.3  11  3.426439e+00
-15.7  11  2.379101e+00
-16  11  2.031747e+00
-16.3  11  2.158587e+00
-16.7  11  1.379336e+00
-17  11  1.544401e+00
-17.3  11  1.172953e+00
-17.7  11  7.796636e-01
-18  11  5.473497e-01
-18.3  11  3.526168e-01
-18.7  11  1.908982e-01
-19  11  1.224580e-01
-19.3  11  7.632979e-02
-19.7  11  3.596535e-02
-20  11  1.106106e-02
-20.3  11  2.512760e-03
-2.070000e+01  1.100000e+01  0.0
-2.100000e+01  1.100000e+01  0.0
-2.130000e+01  1.100000e+01  0.0
-2.170000e+01  1.100000e+01  0.0
-2.200000e+01  1.100000e+01  0.0
-13.3  14  2.097060e-02
-13.7  14  6.493642e-02
-14  14  1.500274e-01
-14.3  14  4.338319e-01
-14.7  14  1.387378e+00
-15  14  2.081918e+00
-15.3  14  2.771981e+00
-15.7  14  1.533802e+00
-16  14  2.018129e+00
-16.3  14  1.648338e+00
-16.7  14  1.360509e+00
-17  14  9.230073e-01
-17.3  14  7.940509e-01
-17.7  14  4.114415e-01
-18  14  2.628024e-01
-18.3  14  1.827236e-01
-18.7  14  9.133290e-02
-19  14  6.365464e-02
-19.3  14  3.576306e-02
-19.7  14  9.386115e-03
-20  14  2.130945e-03
-2.030000e+01  1.400000e+01  0.0
-2.070000e+01  1.400000e+01  0.0
-2.100000e+01  1.400000e+01  0.0
-2.130000e+01  1.400000e+01  0.0
-2.170000e+01  1.400000e+01  0.0
-2.200000e+01  1.400000e+01  0.0
-13.3  17  2.759034e-02
-13.7  17  7.862440e-02
-14  17  2.765730e-01
-14.3  17  5.773186e-01
-14.7  17  9.136489e-01
-15  17  1.794027e+00
-15.3  17  2.340906e+00
-15.7  17  1.597031e+00
-16  17  1.424848e+00
-16.3  17  1.561405e+00
-16.7  17  9.742463e-01
-17  17  7.064617e-01
-17.3  17  4.807567e-01
-17.7  17  2.433806e-01
-18  17  1.486793e-01
-18.3  17  9.271129e-02
-18.7  17  5.378800e-02
-19  17  3.192795e-02
-19.3  17  9.242353e-03
-19.7  17  1.634305e-03
-2.000000e+01  1.700000e+01  0.0
-2.030000e+01  1.700000e+01  0.0
-2.070000e+01  1.700000e+01  0.0
-2.100000e+01  1.700000e+01  0.0
-2.130000e+01  1.700000e+01  0.0
-2.170000e+01  1.700000e+01  0.0
-2.200000e+01  1.700000e+01  0.0
-13.3  21  4.008007e-02
-13.7  21  8.180658e-02
-14  21  1.946201e-01
-14.3  21  3.975889e-01
-14.7  21  4.107586e-01
-15  21  1.389486e+00
-15.3  21  1.746415e+00
-15.7  21  1.300859e+00
-16  21  1.299747e+00
-16.3  21  8.790925e-01
-16.7  21  6.019558e-01
-17  21  4.143055e-01
-17.3  21  2.501784e-01
-17.7  21  1.211914e-01
-18  21  7.786888e-02
-18.3  21  5.878687e-02
-18.7  21  2.798828e-02
-19  21  8.557565e-03
-19.3  21  1.790615e-03
-1.970000e+01  2.100000e+01  0.0
-2.000000e+01  2.100000e+01  0.0
-2.030000e+01  2.100000e+01  0.0
-2.070000e+01  2.100000e+01  0.0
-2.100000e+01  2.100000e+01  0.0
-2.130000e+01  2.100000e+01  0.0
-2.170000e+01  2.100000e+01  0.0
-2.200000e+01  2.100000e+01  0.0
-13.3  26  3.548581e-02
-13.7  26  6.035024e-02
-14  26  1.414234e-01
-14.3  26  5.641581e-01
-14.7  26  6.271197e-01
-15  26  7.792077e-01
-15.3  26  1.217160e+00
-15.7  26  8.923766e-01
-16  26  8.567162e-01
-16.3  26  6.192666e-01
-16.7  26  3.766913e-01
-17  26  2.466408e-01
-17.3  26  1.372668e-01
-17.7  26  6.953884e-02
-18  26  5.377615e-02
-18.3  26  3.025218e-02
-18.7  26  8.077669e-03
-19  26  1.667717e-03
-1.930000e+01  2.600000e+01  0.0
-1.970000e+01  2.600000e+01  0.0
-2.000000e+01  2.600000e+01  0.0
-2.030000e+01  2.600000e+01  0.0
-2.070000e+01  2.600000e+01  0.0
-2.100000e+01  2.600000e+01  0.0
-2.130000e+01  2.600000e+01  0.0
-2.170000e+01  2.600000e+01  0.0
-2.200000e+01  2.600000e+01  0.0
-13.3  32  2.941750e-02
-13.7  32  2.828149e-02
-14  32  2.056255e-01
-14.3  32  2.159121e-01
-14.7  32  5.129699e-01
-15  32  4.489012e-01
-15.3  32  8.487723e-01
-15.7  32  5.323888e-01
-16  32  5.263783e-01
-16.3  32  4.087051e-01
-16.7  32  2.099023e-01
-17  32  1.377081e-01
-17.3  32  9.161939e-02
-17.7  32  4.799943e-02
-18  32  2.822701e-02
-18.3  32  9.449610e-03
-18.7  32  1.547137e-03
-1.900000e+01  3.200000e+01  0.0
-1.930000e+01  3.200000e+01  0.0
-1.970000e+01  3.200000e+01  0.0
-2.000000e+01  3.200000e+01  0.0
-2.030000e+01  3.200000e+01  0.0
-2.070000e+01  3.200000e+01  0.0
-2.100000e+01  3.200000e+01  0.0
-2.130000e+01  3.200000e+01  0.0
-2.170000e+01  3.200000e+01  0.0
-2.200000e+01  3.200000e+01  0.0
-13.3  39  1.384110e-02
-13.7  39  7.334246e-02
-14  39  1.499017e-01
-14.3  39  1.996011e-01
-14.7  39  2.688750e-01
-15  39  3.159044e-01
-15.3  39  4.955442e-01
-15.7  39  3.401216e-01
-16  39  3.017607e-01
-16.3  39  2.071866e-01
-16.7  39  1.130625e-01
-17  39  7.474141e-02
-17.3  39  5.374402e-02
-17.7  39  2.679585e-02
-18  39  8.399228e-03
-1.830000e+01  3.900000e+01  0.0
-1.870000e+01  3.900000e+01  0.0
-1.900000e+01  3.900000e+01  0.0
-1.930000e+01  3.900000e+01  0.0
-1.970000e+01  3.900000e+01  0.0
-2.000000e+01  3.900000e+01  0.0
-2.030000e+01  3.900000e+01  0.0
-2.070000e+01  3.900000e+01  0.0
-2.100000e+01  3.900000e+01  0.0
-2.130000e+01  3.900000e+01  0.0
-2.170000e+01  3.900000e+01  0.0
-2.200000e+01  3.900000e+01  0.0
-13.3  48  1.469442e-02
-13.7  48  2.146344e-02
-14  48  4.635675e-02
-14.3  48  2.264104e-01
-14.7  48  8.887232e-02
-15  48  2.312371e-01
-15.3  48  1.944700e-01
-15.7  48  1.862080e-01
-16  48  1.446530e-01
-16.3  48  1.104693e-01
-16.7  48  6.007691e-02
-17  48  4.293952e-02
-17.3  48  2.845804e-02
-17.7  48  8.167218e-03
-1.800000e+01  4.800000e+01  0.0
-1.830000e+01  4.800000e+01  0.0
-1.870000e+01  4.800000e+01  0.0
-1.900000e+01  4.800000e+01  0.0
-1.930000e+01  4.800000e+01  0.0
-1.970000e+01  4.800000e+01  0.0
-2.000000e+01  4.800000e+01  0.0
-2.030000e+01  4.800000e+01  0.0
-2.070000e+01  4.800000e+01  0.0
-2.100000e+01  4.800000e+01  0.0
-2.130000e+01  4.800000e+01  0.0
-2.170000e+01  4.800000e+01  0.0
-2.200000e+01  4.800000e+01  0.0
-13.3  58  4.650661e-03
-13.7  58  1.393940e-02
-14  58  4.250274e-02
-14.3  58  6.406671e-02
-14.7  58  5.027106e-02
-15  58  7.402156e-02
-15.3  58  1.177825e-01
-15.7  58  9.238395e-02
-16  58  7.133438e-02
-16.3  58  5.221329e-02
-16.7  58  3.272894e-02
-17  58  2.240400e-02
-17.3  58  9.112918e-03
-1.770000e+01  5.800000e+01  0.0
-1.800000e+01  5.800000e+01  0.0
-1.830000e+01  5.800000e+01  0.0
-1.870000e+01  5.800000e+01  0.0
-1.900000e+01  5.800000e+01  0.0
-1.930000e+01  5.800000e+01  0.0
-1.970000e+01  5.800000e+01  0.0
-2.000000e+01  5.800000e+01  0.0
-2.030000e+01  5.800000e+01  0.0
-2.070000e+01  5.800000e+01  0.0
-2.100000e+01  5.800000e+01  0.0
-2.130000e+01  5.800000e+01  0.0
-2.170000e+01  5.800000e+01  0.0
-2.200000e+01  5.800000e+01  0.0
-13.3  88  1.256210e-03
-13.7  88  1.676989e-03
-14  88  2.647305e-03
-14.3  88  6.554928e-03
-14.7  88  8.765210e-03
-15  88  1.072598e-02
-15.3  88  1.206386e-02
-15.7  88  7.636290e-03
-16  88  7.801166e-03
-16.3  88  6.936367e-03
-16.7  88  3.152774e-03
-17  88  8.473111e-04
-1.730000e+01  8.800000e+01  0.0
-1.770000e+01  8.800000e+01  0.0
-1.800000e+01  8.800000e+01  0.0
-1.830000e+01  8.800000e+01  0.0
-1.870000e+01  8.800000e+01  0.0
-1.900000e+01  8.800000e+01  0.0
-1.930000e+01  8.800000e+01  0.0
-1.970000e+01  8.800000e+01  0.0
-2.000000e+01  8.800000e+01  0.0
-2.030000e+01  8.800000e+01  0.0
-2.070000e+01  8.800000e+01  0.0
-2.100000e+01  8.800000e+01  0.0
-2.130000e+01  8.800000e+01  0.0
-2.170000e+01  8.800000e+01  0.0
-2.200000e+01  8.800000e+01  0.0
-13.3  108  0.000000e+00
-13.7  108  0.000000e+00
-14  108  0.000000e+00
-14.3  108  0.000000e+00
-14.7  108  0.000000e+00
-15  108  0.000000e+00
-15.3  108  0.000000e+00
-15.7  108  0.000000e+00
-16  108  0.000000e+00
-16.3  108  0.000000e+00
-16.7  108  0.000000e+00
-1.700000e+01  1.080000e+02  0.0
-1.730000e+01  1.080000e+02  0.0
-1.770000e+01  1.080000e+02  0.0
-1.800000e+01  1.080000e+02  0.0
-1.830000e+01  1.080000e+02  0.0
-1.870000e+01  1.080000e+02  0.0
-1.900000e+01  1.080000e+02  0.0
-1.930000e+01  1.080000e+02  0.0
-1.970000e+01  1.080000e+02  0.0
-2.000000e+01  1.080000e+02  0.0
-2.030000e+01  1.080000e+02  0.0
-2.070000e+01  1.080000e+02  0.0
-2.100000e+01  1.080000e+02  0.0
-2.130000e+01  1.080000e+02  0.0
-2.170000e+01  1.080000e+02  0.0
-2.200000e+01  1.080000e+02  0.0
-13.3  132  0.000000e+00
-13.7  132  0.000000e+00
-14  132  0.000000e+00
-14.3  132  0.000000e+00
-14.7  132  0.000000e+00
-15  132  0.000000e+00
-15.3  132  0.000000e+00
-15.7  132  0.000000e+00
-16  132  0.000000e+00
-16.3  132  0.000000e+00
-1.670000e+01  1.320000e+02  0.0
-1.700000e+01  1.320000e+02  0.0
-1.730000e+01  1.320000e+02  0.0
-1.770000e+01  1.320000e+02  0.0
-1.800000e+01  1.320000e+02  0.0
-1.830000e+01  1.320000e+02  0.0
-1.870000e+01  1.320000e+02  0.0
-1.900000e+01  1.320000e+02  0.0
-1.930000e+01  1.320000e+02  0.0
-1.970000e+01  1.320000e+02  0.0
-2.000000e+01  1.320000e+02  0.0
-2.030000e+01  1.320000e+02  0.0
-2.070000e+01  1.320000e+02  0.0
-2.100000e+01  1.320000e+02  0.0
-2.130000e+01  1.320000e+02  0.0
-2.170000e+01  1.320000e+02  0.0
-2.200000e+01  1.320000e+02  0.0
-13.3  162  0.000000e+00
-13.7  162  0.000000e+00
-14  162  0.000000e+00
-14.3  162  0.000000e+00
-14.7  162  0.000000e+00
-15  162  0.000000e+00
-15.3  162  0.000000e+00
-15.7  162  0.000000e+00
-16  162  0.000000e+00
-1.630000e+01  1.620000e+02  0.0
-1.670000e+01  1.620000e+02  0.0
-1.700000e+01  1.620000e+02  0.0
-1.730000e+01  1.620000e+02  0.0
-1.770000e+01  1.620000e+02  0.0
-1.800000e+01  1.620000e+02  0.0
-1.830000e+01  1.620000e+02  0.0
-1.870000e+01  1.620000e+02  0.0
-1.900000e+01  1.620000e+02  0.0
-1.930000e+01  1.620000e+02  0.0
-1.970000e+01  1.620000e+02  0.0
-2.000000e+01  1.620000e+02  0.0
-2.030000e+01  1.620000e+02  0.0
-2.070000e+01  1.620000e+02  0.0
-2.100000e+01  1.620000e+02  0.0
-2.130000e+01  1.620000e+02  0.0
-2.170000e+01  1.620000e+02  0.0
-2.200000e+01  1.620000e+02  0.0
-13.3  199  0.000000e+00
-13.7  199  0.000000e+00
-14  199  0.000000e+00
-14.3  199  0.000000e+00
-14.7  199  0.000000e+00
-15  199  0.000000e+00
-15.3  199  0.000000e+00
-15.7  199  0.000000e+00
-1.600000e+01  1.990000e+02  0.0
-1.630000e+01  1.990000e+02  0.0
-1.670000e+01  1.990000e+02  0.0
-1.700000e+01  1.990000e+02  0.0
-1.730000e+01  1.990000e+02  0.0
-1.770000e+01  1.990000e+02  0.0
-1.800000e+01  1.990000e+02  0.0
-1.830000e+01  1.990000e+02  0.0
-1.870000e+01  1.990000e+02  0.0
-1.900000e+01  1.990000e+02  0.0
-1.930000e+01  1.990000e+02  0.0
-1.970000e+01  1.990000e+02  0.0
-2.000000e+01  1.990000e+02  0.0
-2.030000e+01  1.990000e+02  0.0
-2.070000e+01  1.990000e+02  0.0
-2.100000e+01  1.990000e+02  0.0
-2.130000e+01  1.990000e+02  0.0
-2.170000e+01  1.990000e+02  0.0
-2.200000e+01  1.990000e+02  0.0
-13.3  244  0.000000e+00
-13.7  244  0.000000e+00
-14  244  0.000000e+00
-14.3  244  0.000000e+00
-14.7  244  0.000000e+00
-15  244  0.000000e+00
-15.3  244  0.000000e+00
-15.7  244  0.000000e+00
-1.600000e+01  2.440000e+02  0.0
-1.630000e+01  2.440000e+02  0.0
-1.670000e+01  2.440000e+02  0.0
-1.700000e+01  2.440000e+02  0.0
-1.730000e+01  2.440000e+02  0.0
-1.770000e+01  2.440000e+02  0.0
-1.800000e+01  2.440000e+02  0.0
-1.830000e+01  2.440000e+02  0.0
-1.870000e+01  2.440000e+02  0.0
-1.900000e+01  2.440000e+02  0.0
-1.930000e+01  2.440000e+02  0.0
-1.970000e+01  2.440000e+02  0.0
-2.000000e+01  2.440000e+02  0.0
-2.030000e+01  2.440000e+02  0.0
-2.070000e+01  2.440000e+02  0.0
-2.100000e+01  2.440000e+02  0.0
-2.130000e+01  2.440000e+02  0.0
-2.170000e+01  2.440000e+02  0.0
-2.200000e+01  2.440000e+02  0.0
-13.3  300  0.000000e+00
-13.7  300  0.000000e+00
-14  300  0.000000e+00
-14.3  300  0.000000e+00
-14.7  300  0.000000e+00
-15  300  0.000000e+00
-15.3  300  0.000000e+00
-1.570000e+01  3.000000e+02  0.0
-1.600000e+01  3.000000e+02  0.0
-1.630000e+01  3.000000e+02  0.0
-1.670000e+01  3.000000e+02  0.0
-1.700000e+01  3.000000e+02  0.0
-1.730000e+01  3.000000e+02  0.0
-1.770000e+01  3.000000e+02  0.0
-1.800000e+01  3.000000e+02  0.0
-1.830000e+01  3.000000e+02  0.0
-1.870000e+01  3.000000e+02  0.0
-1.900000e+01  3.000000e+02  0.0
-1.930000e+01  3.000000e+02  0.0
-1.970000e+01  3.000000e+02  0.0
-2.000000e+01  3.000000e+02  0.0
-2.030000e+01  3.000000e+02  0.0
-2.070000e+01  3.000000e+02  0.0
-2.100000e+01  3.000000e+02  0.0
-2.130000e+01  3.000000e+02  0.0
-2.170000e+01  3.000000e+02  0.0
-2.200000e+01  3.000000e+02  0.0
