# log10(y)    mass[MeV]    Nhits
-13.3  5  1.545424e-05
-13.7  5  2.176096e-04
-14  5  3.139166e-03
-14.3  5  3.091161e-02
-14.7  5  1.613612e-01
-15  5  6.004302e-01
-15.3  5  1.633943e+00
-15.7  5  2.563790e+00
-16  5  3.090977e+00
-16.3  5  4.383800e+00
-16.7  5  2.847294e+00
-17  5  3.010776e+00
-17.3  5  2.548580e+00
-17.7  5  2.387727e+00
-18  5  2.116571e+00
-18.3  5  1.720548e+00
-18.7  5  1.156341e+00
-19  5  8.670547e-01
-19.3  5  6.066642e-01
-19.7  5  3.029951e-01
-20  5  1.992802e-01
-20.3  5  1.298592e-01
-20.7  5  6.857598e-02
-21  5  4.008529e-02
-21.3  5  1.461383e-02
-21.7  5  2.485492e-03
-2.200000e+01  5.000000e+00  0.0
-13.3  6  1.904148e-04
-13.7  6  1.847792e-03
-14  6  9.040992e-03
-14.3  6  7.841177e-02
-14.7  6  3.610099e-01
-15  6  1.004594e+00
-15.3  6  2.662935e+00
-15.7  6  2.976199e+00
-16  6  3.742541e+00
-16.3  6  3.492429e+00
-16.7  6  2.731737e+00
-17  6  2.467122e+00
-17.3  6  2.909610e+00
-17.7  6  2.186172e+00
-18  6  1.808651e+00
-18.3  6  1.246481e+00
-18.7  6  7.672162e-01
-19  6  5.458223e-01
-19.3  6  3.577044e-01
-19.7  6  1.716253e-01
-20  6  1.197630e-01
-20.3  6  9.016640e-02
-20.7  6  4.248779e-02
-21  6  1.483123e-02
-21.3  6  3.418675e-03
-2.170000e+01  6.000000e+00  0.0
-2.200000e+01  6.000000e+00  0.0
-13.3  8  1.937973e-03
-13.7  8  7.407551e-03
-14  8  2.729727e-02
-14.3  8  1.329363e-01
-14.7  8  3.643934e-01
-15  8  1.256344e+00
-15.3  8  2.256272e+00
-15.7  8  2.678534e+00
-16  8  2.811778e+00
-16.3  8  2.589230e+00
-16.7  8  1.842305e+00
-17  8  1.899006e+00
-17.3  8  1.697825e+00
-17.7  8  1.302466e+00
-18  8  8.763988e-01
-18.3  8  6.193260e-01
-18.7  8  3.171094e-01
-19  8  1.993668e-01
-19.3  8  1.209152e-01
-19.7  8  5.933710e-02
-20  8  4.704522e-02
-20.3  8  2.776750e-02
-20.7  8  7.617173e-03
-21  8  1.658392e-03
-2.130000e+01  8.000000e+00  0.0
-2.170000e+01  8.000000e+00  0.0
-2.200000e+01  8.000000e+00  0.0
-13.3  9  2.366515e-03
-13.7  9  1.328425e-02
-14  9  6.192209e-02
-14.3  9  2.804926e-01
-14.7  9  6.086895e-01
-15  9  1.607568e+00
-15.3  9  3.203659e+00
-15.7  9  2.977953e+00
-16  9  2.623923e+00
-16.3  9  2.312816e+00
-16.7  9  1.874889e+00
-17  9  2.069435e+00
-17.3  9  1.677577e+00
-17.7  9  1.078162e+00
-18  9  7.790383e-01
-18.3  9  5.165827e-01
-18.7  9  2.552815e-01
-19  9  1.566052e-01
-19.3  9  1.024131e-01
-19.7  9  6.115089e-02
-20  9  3.432798e-02
-20.3  9  1.179244e-02
-20.7  9  2.146071e-03
-2.100000e+01  9.000000e+00  0.0
-2.130000e+01  9.000000e+00  0.0
-2.170000e+01  9.000000e+00  0.0
-2.200000e+01  9.000000e+00  0.0
-13.3  11  9.076099e-03
-13.7  11  3.117620e-02
-14  11  1.119946e-01
-14.3  11  2.800551e-01
-14.7  11  6.993154e-01
-15  11  1.890123e+00
-15.3  11  2.850391e+00
-15.7  11  2.117374e+00
-16  11  1.853628e+00
-16.3  11  2.040981e+00
-16.7  11  1.300354e+00
-17  11  1.420921e+00
-17.3  11  1.044924e+00
-17.7  11  6.739509e-01
-18  11  4.576244e-01
-18.3  11  2.889656e-01
-18.7  11  1.548821e-01
-19  11  9.981131e-02
-19.3  11  6.286612e-02
-19.7  11  2.987976e-02
-20  11  9.357982e-03
-20.3  11  2.206293e-03
-2.070000e+01  1.100000e+01  0.0
-2.100000e+01  1.100000e+01  0.0
-2.130000e+01  1.100000e+01  0.0
-2.170000e+01  1.100000e+01  0.0
-2.200000e+01  1.100000e+01  0.0
-13.3  14  2.127500e-02
-13.7  14  5.884659e-02
-14  14  1.235411e-01
-14.3  14  3.357855e-01
-14.7  14  1.047614e+00
-15  14  1.587590e+00
-15.3  14  2.191115e+00
-15.7  14  1.241907e+00
-16  14  1.723689e+00
-16.3  14  1.469854e+00
-16.7  14  1.231714e+00
-17  14  8.364453e-01
-17.3  14  7.091592e-01
-17.7  14  3.563452e-01
-18  14  2.192034e-01
-18.3  14  1.437568e-01
-18.7  14  6.781727e-02
-19  14  4.511106e-02
-19.3  14  2.463349e-02
-19.7  14  6.127839e-03
-20  14  1.283962e-03
-2.030000e+01  1.400000e+01  0.0
-2.070000e+01  1.400000e+01  0.0
-2.100000e+01  1.400000e+01  0.0
-2.130000e+01  1.400000e+01  0.0
-2.170000e+01  1.400000e+01  0.0
-2.200000e+01  1.400000e+01  0.0
-13.3  17  2.826785e-02
-13.7  17  7.605903e-02
-14  17  2.479536e-01
-14.3  17  4.848326e-01
-14.7  17  7.349519e-01
-15  17  1.421445e+00
-15.3  17  1.861059e+00
-15.7  17  1.295352e+00
-16  17  1.198984e+00
-16.3  17  1.353337e+00
-16.7  17  8.611413e-01
-17  17  6.312294e-01
-17.3  17  4.300055e-01
-17.7  17  2.164227e-01
-18  17  1.305319e-01
-18.3  17  8.031793e-02
-18.7  17  4.611861e-02
-19  17  2.721132e-02
-19.3  17  7.794957e-03
-19.7  17  1.359775e-03
-2.000000e+01  1.700000e+01  0.0
-2.030000e+01  1.700000e+01  0.0
-2.070000e+01  1.700000e+01  0.0
-2.100000e+01  1.700000e+01  0.0
-2.130000e+01  1.700000e+01  0.0
-2.170000e+01  1.700000e+01  0.0
-2.200000e+01  1.700000e+01  0.0
-13.3  21  3.998531e-02
-13.7  21  8.074473e-02
-14  21  1.851287e-01
-14.3  21  3.614161e-01
-14.7  21  3.582895e-01
-15  21  1.188854e+00
-15.3  21  1.470783e+00
-15.7  21  1.096388e+00
-16  21  1.110521e+00
-16.3  21  7.661299e-01
-16.7  21  5.321909e-01
-17  21  3.715489e-01
-17.3  21  2.263679e-01
-17.7  21  1.099783e-01
-18  21  7.057505e-02
-18.3  21  5.313167e-02
-18.7  21  2.523917e-02
-19  21  7.681590e-03
-19.3  21  1.595127e-03
-1.970000e+01  2.100000e+01  0.0
-2.000000e+01  2.100000e+01  0.0
-2.030000e+01  2.100000e+01  0.0
-2.070000e+01  2.100000e+01  0.0
-2.100000e+01  2.100000e+01  0.0
-2.130000e+01  2.100000e+01  0.0
-2.170000e+01  2.100000e+01  0.0
-2.200000e+01  2.100000e+01  0.0
-13.3  26  3.607580e-02
-13.7  26  6.123397e-02
-14  26  1.406352e-01
-14.3  26  5.433077e-01
-14.7  26  5.881943e-01
-15  26  7.134407e-01
-15.3  26  1.080005e+00
-15.7  26  7.834112e-01
-16  26  7.522270e-01
-16.3  26  5.477064e-01
-16.7  26  3.368219e-01
-17  26  2.226253e-01
-17.3  26  1.250293e-01
-17.7  26  6.363215e-02
-18  26  4.921926e-02
-18.3  26  2.766121e-02
-18.7  26  7.363197e-03
-19  26  1.507031e-03
-1.930000e+01  2.600000e+01  0.0
-1.970000e+01  2.600000e+01  0.0
-2.000000e+01  2.600000e+01  0.0
-2.030000e+01  2.600000e+01  0.0
-2.070000e+01  2.600000e+01  0.0
-2.100000e+01  2.600000e+01  0.0
-2.130000e+01  2.600000e+01  0.0
-2.170000e+01  2.600000e+01  0.0
-2.200000e+01  2.600000e+01  0.0
-13.3  32  2.838108e-02
-13.7  32  2.740010e-02
-14  32  1.979311e-01
-14.3  32  2.050239e-01
-14.7  32  4.814735e-01
-15  32  4.084975e-01
-15.3  32  7.569425e-01
-15.7  32  4.701980e-01
-16  32  4.635922e-01
-16.3  32  3.618069e-01
-16.7  32  1.882138e-01
-17  32  1.258669e-01
-17.3  32  8.537374e-02
-17.7  32  4.556679e-02
-18  32  2.703115e-02
-18.3  32  9.193476e-03
-18.7  32  1.541334e-03
-1.900000e+01  3.200000e+01  0.0
-1.930000e+01  3.200000e+01  0.0
-1.970000e+01  3.200000e+01  0.0
-2.000000e+01  3.200000e+01  0.0
-2.030000e+01  3.200000e+01  0.0
-2.070000e+01  3.200000e+01  0.0
-2.100000e+01  3.200000e+01  0.0
-2.130000e+01  3.200000e+01  0.0
-2.170000e+01  3.200000e+01  0.0
-2.200000e+01  3.200000e+01  0.0
-13.3  39  1.358790e-02
-13.7  39  7.173767e-02
-14  39  1.460100e-01
-14.3  39  1.908120e-01
-14.7  39  2.519564e-01
-15  39  2.904587e-01
-15.3  39  4.476713e-01
-15.7  39  3.035783e-01
-16  39  2.671896e-01
-16.3  39  1.828194e-01
-16.7  39  9.983214e-02
-17  39  6.625174e-02
-17.3  39  4.777996e-02
-17.7  39  2.395373e-02
-18  39  7.586492e-03
-1.830000e+01  3.900000e+01  0.0
-1.870000e+01  3.900000e+01  0.0
-1.900000e+01  3.900000e+01  0.0
-1.930000e+01  3.900000e+01  0.0
-1.970000e+01  3.900000e+01  0.0
-2.000000e+01  3.900000e+01  0.0
-2.030000e+01  3.900000e+01  0.0
-2.070000e+01  3.900000e+01  0.0
-2.100000e+01  3.900000e+01  0.0
-2.130000e+01  3.900000e+01  0.0
-2.170000e+01  3.900000e+01  0.0
-2.200000e+01  3.900000e+01  0.0
-13.3  48  1.451730e-02
-13.7  48  2.118223e-02
-14  48  4.549452e-02
-14.3  48  2.189607e-01
-14.7  48  8.464923e-02
-15  48  2.163118e-01
-15.3  48  1.789502e-01
-15.7  48  1.685700e-01
-16  48  1.289399e-01
-16.3  48  9.709986e-02
-16.7  48  5.224447e-02
-17  48  3.725791e-02
-17.3  48  2.459011e-02
-17.7  48  7.013563e-03
-1.800000e+01  4.800000e+01  0.0
-1.830000e+01  4.800000e+01  0.0
-1.870000e+01  4.800000e+01  0.0
-1.900000e+01  4.800000e+01  0.0
-1.930000e+01  4.800000e+01  0.0
-1.970000e+01  4.800000e+01  0.0
-2.000000e+01  4.800000e+01  0.0
-2.030000e+01  4.800000e+01  0.0
-2.070000e+01  4.800000e+01  0.0
-2.100000e+01  4.800000e+01  0.0
-2.130000e+01  4.800000e+01  0.0
-2.170000e+01  4.800000e+01  0.0
-2.200000e+01  4.800000e+01  0.0
-13.3  58  4.604236e-03
-13.7  58  1.378630e-02
-14  58  4.177647e-02
-14.3  58  6.231952e-02
-14.7  58  4.826791e-02
-15  58  7.013276e-02
-15.3  58  1.099842e-01
-15.7  58  8.498358e-02
-16  58  6.465462e-02
-16.3  58  4.665566e-02
-16.7  58  2.915975e-02
-17  58  1.985950e-02
-17.3  58  8.009480e-03
-1.770000e+01  5.800000e+01  0.0
-1.800000e+01  5.800000e+01  0.0
-1.830000e+01  5.800000e+01  0.0
-1.870000e+01  5.800000e+01  0.0
-1.900000e+01  5.800000e+01  0.0
-1.930000e+01  5.800000e+01  0.0
-1.970000e+01  5.800000e+01  0.0
-2.000000e+01  5.800000e+01  0.0
-2.030000e+01  5.800000e+01  0.0
-2.070000e+01  5.800000e+01  0.0
-2.100000e+01  5.800000e+01  0.0
-2.130000e+01  5.800000e+01  0.0
-2.170000e+01  5.800000e+01  0.0
-2.200000e+01  5.800000e+01  0.0
-13.3  88  1.212681e-03
-13.7  88  1.604723e-03
-14  88  2.517280e-03
-14.3  88  6.206300e-03
-14.7  88  8.272335e-03
-15  88  1.009411e-02
-15.3  88  1.132522e-02
-15.7  88  7.153453e-03
-16  88  7.294435e-03
-16.3  88  6.483533e-03
-16.7  88  2.946286e-03
-17  88  7.913937e-04
-1.730000e+01  8.800000e+01  0.0
-1.770000e+01  8.800000e+01  0.0
-1.800000e+01  8.800000e+01  0.0
-1.830000e+01  8.800000e+01  0.0
-1.870000e+01  8.800000e+01  0.0
-1.900000e+01  8.800000e+01  0.0
-1.930000e+01  8.800000e+01  0.0
-1.970000e+01  8.800000e+01  0.0
-2.000000e+01  8.800000e+01  0.0
-2.030000e+01  8.800000e+01  0.0
-2.070000e+01  8.800000e+01  0.0
-2.100000e+01  8.800000e+01  0.0
-2.130000e+01  8.800000e+01  0.0
-2.170000e+01  8.800000e+01  0.0
-2.200000e+01  8.800000e+01  0.0
-13.3  108  0.000000e+00
-13.7  108  0.000000e+00
-14  108  0.000000e+00
-14.3  108  0.000000e+00
-14.7  108  0.000000e+00
-15  108  0.000000e+00
-15.3  108  0.000000e+00
-15.7  108  0.000000e+00
-16  108  0.000000e+00
-16.3  108  0.000000e+00
-16.7  108  0.000000e+00
-1.700000e+01  1.080000e+02  0.0
-1.730000e+01  1.080000e+02  0.0
-1.770000e+01  1.080000e+02  0.0
-1.800000e+01  1.080000e+02  0.0
-1.830000e+01  1.080000e+02  0.0
-1.870000e+01  1.080000e+02  0.0
-1.900000e+01  1.080000e+02  0.0
-1.930000e+01  1.080000e+02  0.0
-1.970000e+01  1.080000e+02  0.0
-2.000000e+01  1.080000e+02  0.0
-2.030000e+01  1.080000e+02  0.0
-2.070000e+01  1.080000e+02  0.0
-2.100000e+01  1.080000e+02  0.0
-2.130000e+01  1.080000e+02  0.0
-2.170000e+01  1.080000e+02  0.0
-2.200000e+01  1.080000e+02  0.0
-13.3  132  0.000000e+00
-13.7  132  0.000000e+00
-14  132  0.000000e+00
-14.3  132  0.000000e+00
-14.7  132  0.000000e+00
-15  132  0.000000e+00
-15.3  132  0.000000e+00
-15.7  132  0.000000e+00
-16  132  0.000000e+00
-16.3  132  0.000000e+00
-1.670000e+01  1.320000e+02  0.0
-1.700000e+01  1.320000e+02  0.0
-1.730000e+01  1.320000e+02  0.0
-1.770000e+01  1.320000e+02  0.0
-1.800000e+01  1.320000e+02  0.0
-1.830000e+01  1.320000e+02  0.0
-1.870000e+01  1.320000e+02  0.0
-1.900000e+01  1.320000e+02  0.0
-1.930000e+01  1.320000e+02  0.0
-1.970000e+01  1.320000e+02  0.0
-2.000000e+01  1.320000e+02  0.0
-2.030000e+01  1.320000e+02  0.0
-2.070000e+01  1.320000e+02  0.0
-2.100000e+01  1.320000e+02  0.0
-2.130000e+01  1.320000e+02  0.0
-2.170000e+01  1.320000e+02  0.0
-2.200000e+01  1.320000e+02  0.0
-13.3  162  0.000000e+00
-13.7  162  0.000000e+00
-14  162  0.000000e+00
-14.3  162  0.000000e+00
-14.7  162  0.000000e+00
-15  162  0.000000e+00
-15.3  162  0.000000e+00
-15.7  162  0.000000e+00
-16  162  0.000000e+00
-1.630000e+01  1.620000e+02  0.0
-1.670000e+01  1.620000e+02  0.0
-1.700000e+01  1.620000e+02  0.0
-1.730000e+01  1.620000e+02  0.0
-1.770000e+01  1.620000e+02  0.0
-1.800000e+01  1.620000e+02  0.0
-1.830000e+01  1.620000e+02  0.0
-1.870000e+01  1.620000e+02  0.0
-1.900000e+01  1.620000e+02  0.0
-1.930000e+01  1.620000e+02  0.0
-1.970000e+01  1.620000e+02  0.0
-2.000000e+01  1.620000e+02  0.0
-2.030000e+01  1.620000e+02  0.0
-2.070000e+01  1.620000e+02  0.0
-2.100000e+01  1.620000e+02  0.0
-2.130000e+01  1.620000e+02  0.0
-2.170000e+01  1.620000e+02  0.0
-2.200000e+01  1.620000e+02  0.0
-13.3  199  0.000000e+00
-13.7  199  0.000000e+00
-14  199  0.000000e+00
-14.3  199  0.000000e+00
-14.7  199  0.000000e+00
-15  199  0.000000e+00
-15.3  199  0.000000e+00
-15.7  199  0.000000e+00
-1.600000e+01  1.990000e+02  0.0
-1.630000e+01  1.990000e+02  0.0
-1.670000e+01  1.990000e+02  0.0
-1.700000e+01  1.990000e+02  0.0
-1.730000e+01  1.990000e+02  0.0
-1.770000e+01  1.990000e+02  0.0
-1.800000e+01  1.990000e+02  0.0
-1.830000e+01  1.990000e+02  0.0
-1.870000e+01  1.990000e+02  0.0
-1.900000e+01  1.990000e+02  0.0
-1.930000e+01  1.990000e+02  0.0
-1.970000e+01  1.990000e+02  0.0
-2.000000e+01  1.990000e+02  0.0
-2.030000e+01  1.990000e+02  0.0
-2.070000e+01  1.990000e+02  0.0
-2.100000e+01  1.990000e+02  0.0
-2.130000e+01  1.990000e+02  0.0
-2.170000e+01  1.990000e+02  0.0
-2.200000e+01  1.990000e+02  0.0
-13.3  244  0.000000e+00
-13.7  244  0.000000e+00
-14  244  0.000000e+00
-14.3  244  0.000000e+00
-14.7  244  0.000000e+00
-15  244  0.000000e+00
-15.3  244  0.000000e+00
-15.7  244  0.000000e+00
-1.600000e+01  2.440000e+02  0.0
-1.630000e+01  2.440000e+02  0.0
-1.670000e+01  2.440000e+02  0.0
-1.700000e+01  2.440000e+02  0.0
-1.730000e+01  2.440000e+02  0.0
-1.770000e+01  2.440000e+02  0.0
-1.800000e+01  2.440000e+02  0.0
-1.830000e+01  2.440000e+02  0.0
-1.870000e+01  2.440000e+02  0.0
-1.900000e+01  2.440000e+02  0.0
-1.930000e+01  2.440000e+02  0.0
-1.970000e+01  2.440000e+02  0.0
-2.000000e+01  2.440000e+02  0.0
-2.030000e+01  2.440000e+02  0.0
-2.070000e+01  2.440000e+02  0.0
-2.100000e+01  2.440000e+02  0.0
-2.130000e+01  2.440000e+02  0.0
-2.170000e+01  2.440000e+02  0.0
-2.200000e+01  2.440000e+02  0.0
-13.3  300  0.000000e+00
-13.7  300  0.000000e+00
-14  300  0.000000e+00
-14.3  300  0.000000e+00
-14.7  300  0.000000e+00
-15  300  0.000000e+00
-15.3  300  0.000000e+00
-1.570000e+01  3.000000e+02  0.0
-1.600000e+01  3.000000e+02  0.0
-1.630000e+01  3.000000e+02  0.0
-1.670000e+01  3.000000e+02  0.0
-1.700000e+01  3.000000e+02  0.0
-1.730000e+01  3.000000e+02  0.0
-1.770000e+01  3.000000e+02  0.0
-1.800000e+01  3.000000e+02  0.0
-1.830000e+01  3.000000e+02  0.0
-1.870000e+01  3.000000e+02  0.0
-1.900000e+01  3.000000e+02  0.0
-1.930000e+01  3.000000e+02  0.0
-1.970000e+01  3.000000e+02  0.0
-2.000000e+01  3.000000e+02  0.0
-2.030000e+01  3.000000e+02  0.0
-2.070000e+01  3.000000e+02  0.0
-2.100000e+01  3.000000e+02  0.0
-2.130000e+01  3.000000e+02  0.0
-2.170000e+01  3.000000e+02  0.0
-2.200000e+01  3.000000e+02  0.0
