# log10(y)    mass[MeV]    Nhits
-13.3  5  1.584351e-05
-13.7  5  2.147990e-04
-14  5  3.030196e-03
-14.3  5  2.958303e-02
-14.7  5  1.517664e-01
-15  5  5.495034e-01
-15.3  5  1.455805e+00
-15.7  5  2.233727e+00
-16  5  2.649431e+00
-16.3  5  3.742813e+00
-16.7  5  2.467690e+00
-17  5  2.679467e+00
-17.3  5  2.302382e+00
-17.7  5  2.215904e+00
-18  5  1.955640e+00
-18.3  5  1.579908e+00
-18.7  5  1.070636e+00
-19  5  8.313573e-01
-19.3  5  6.123598e-01
-19.7  5  3.272207e-01
-20  5  2.326437e-01
-20.3  5  1.673171e-01
-20.7  5  9.351261e-02
-21  5  5.638338e-02
-21.3  5  2.176892e-02
-21.7  5  4.008832e-03
-2.200000e+01  5.000000e+00  0.0
-13.3  6  2.355921e-04
-13.7  6  2.144338e-03
-14  6  9.848697e-03
-14.3  6  8.113847e-02
-14.7  6  3.571464e-01
-15  6  9.489291e-01
-15.3  6  2.409557e+00
-15.7  6  2.600368e+00
-16  6  3.191279e+00
-16.3  6  2.943473e+00
-16.7  6  2.312407e+00
-17  6  2.103683e+00
-17.3  6  2.576404e+00
-17.7  6  1.973013e+00
-18  6  1.641076e+00
-18.3  6  1.130512e+00
-18.7  6  7.004890e-01
-19  6  5.090237e-01
-19.3  6  3.472403e-01
-19.7  6  1.789951e-01
-20  6  1.344803e-01
-20.3  6  1.070160e-01
-20.7  6  5.226115e-02
-21  6  1.939206e-02
-21.3  6  4.883749e-03
-2.170000e+01  6.000000e+00  0.0
-2.200000e+01  6.000000e+00  0.0
-13.3  8  3.289732e-03
-13.7  8  1.130867e-02
-14  8  3.716417e-02
-14.3  8  1.623814e-01
-14.7  8  4.080361e-01
-15  8  1.316895e+00
-15.3  8  2.238244e+00
-15.7  8  2.541890e+00
-16  8  2.575192e+00
-16.3  8  2.310107e+00
-16.7  8  1.627816e+00
-17  8  1.654383e+00
-17.3  8  1.487145e+00
-17.7  8  1.153510e+00
-18  8  7.843962e-01
-18.3  8  5.558083e-01
-18.7  8  2.824625e-01
-19  8  1.745627e-01
-19.3  8  1.025700e-01
-19.7  8  4.869869e-02
-20  8  3.765339e-02
-20.3  8  2.186448e-02
-20.7  8  5.818025e-03
-21  8  1.214225e-03
-2.130000e+01  8.000000e+00  0.0
-2.170000e+01  8.000000e+00  0.0
-2.200000e+01  8.000000e+00  0.0
-13.3  9  3.311196e-03
-13.7  9  1.734928e-02
-14  9  7.533305e-02
-14.3  9  3.196493e-01
-14.7  9  6.587413e-01
-15  9  1.666355e+00
-15.3  9  3.194568e+00
-15.7  9  2.866312e+00
-16  9  2.451500e+00
-16.3  9  2.134001e+00
-16.7  9  1.680726e+00
-17  9  1.837487e+00
-17.3  9  1.491887e+00
-17.7  9  9.653170e-01
-18  9  7.019255e-01
-18.3  9  4.654484e-01
-18.7  9  2.281814e-01
-19  9  1.370068e-01
-19.3  9  8.723630e-02
-19.7  9  5.087036e-02
-20  9  2.812674e-02
-20.3  9  9.402539e-03
-20.7  9  1.636320e-03
-2.100000e+01  9.000000e+00  0.0
-2.130000e+01  9.000000e+00  0.0
-2.170000e+01  9.000000e+00  0.0
-2.200000e+01  9.000000e+00  0.0
-13.3  11  1.526243e-02
-13.7  11  5.036042e-02
-14  11  1.669023e-01
-14.3  11  3.793962e-01
-14.7  11  8.638275e-01
-15  11  2.161780e+00
-15.3  11  3.065472e+00
-15.7  11  2.165477e+00
-16  11  1.856655e+00
-16.3  11  1.951115e+00
-16.7  11  1.205816e+00
-17  11  1.294095e+00
-17.3  11  9.450203e-01
-17.7  11  6.098916e-01
-18  11  4.171243e-01
-18.3  11  2.657995e-01
-18.7  11  1.440463e-01
-19  11  9.348008e-02
-19.3  11  5.906883e-02
-19.7  11  2.810534e-02
-20  11  8.806619e-03
-20.3  11  2.071536e-03
-2.070000e+01  1.100000e+01  0.0
-2.100000e+01  1.100000e+01  0.0
-2.130000e+01  1.100000e+01  0.0
-2.170000e+01  1.100000e+01  0.0
-2.200000e+01  1.100000e+01  0.0
-13.3  14  3.019237e-02
-13.7  14  8.468487e-02
-14  14  1.742437e-01
-14.3  14  4.547477e-01
-14.7  14  1.348295e+00
-15  14  1.936470e+00
-15.3  14  2.535868e+00
-15.7  14  1.400955e+00
-16  14  1.842426e+00
-16.3  14  1.494136e+00
-16.7  14  1.215146e+00
-17  14  8.045632e-01
-17.3  14  6.700208e-01
-17.7  14  3.343496e-01
-18  14  2.067426e-01
-18.3  14  1.384860e-01
-18.7  14  6.731109e-02
-19  14  4.606026e-02
-19.3  14  2.562927e-02
-19.7  14  6.618544e-03
-20  14  1.471991e-03
-2.030000e+01  1.400000e+01  0.0
-2.070000e+01  1.400000e+01  0.0
-2.100000e+01  1.400000e+01  0.0
-2.130000e+01  1.400000e+01  0.0
-2.170000e+01  1.400000e+01  0.0
-2.200000e+01  1.400000e+01  0.0
-13.3  17  3.741758e-02
-13.7  17  1.050605e-01
-14  17  3.466277e-01
-14.3  17  6.692482e-01
-14.7  17  9.852596e-01
-15  17  1.832153e+00
-15.3  17  2.338968e+00
-15.7  17  1.552137e+00
-16  17  1.358641e+00
-16.3  17  1.467993e+00
-16.7  17  9.008586e-01
-17  17  6.382942e-01
-17.3  17  4.216223e-01
-17.7  17  2.074794e-01
-18  17  1.223316e-01
-18.3  17  7.414953e-02
-18.7  17  4.220874e-02
-19  17  2.480916e-02
-19.3  17  7.065591e-03
-19.7  17  1.225132e-03
-2.000000e+01  1.700000e+01  0.0
-2.030000e+01  1.700000e+01  0.0
-2.070000e+01  1.700000e+01  0.0
-2.100000e+01  1.700000e+01  0.0
-2.130000e+01  1.700000e+01  0.0
-2.170000e+01  1.700000e+01  0.0
-2.200000e+01  1.700000e+01  0.0
-13.3  21  5.092643e-02
-13.7  21  1.082431e-01
-14  21  2.553068e-01
-14.3  21  5.017576e-01
-14.7  21  4.922222e-01
-15  21  1.609937e+00
-15.3  21  1.938952e+00
-15.7  21  1.384926e+00
-16  21  1.347849e+00
-16.3  21  8.903847e-01
-16.7  21  5.992697e-01
-17  21  4.030869e-01
-17.3  21  2.371718e-01
-17.7  21  1.122240e-01
-18  21  7.005699e-02
-18.3  21  5.199742e-02
-18.7  21  2.453572e-02
-19  21  7.385927e-03
-19.3  21  1.512613e-03
-1.970000e+01  2.100000e+01  0.0
-2.000000e+01  2.100000e+01  0.0
-2.030000e+01  2.100000e+01  0.0
-2.070000e+01  2.100000e+01  0.0
-2.100000e+01  2.100000e+01  0.0
-2.130000e+01  2.100000e+01  0.0
-2.170000e+01  2.100000e+01  0.0
-2.200000e+01  2.100000e+01  0.0
-13.3  26  4.037308e-02
-13.7  26  7.253973e-02
-14  26  1.735922e-01
-14.3  26  6.868199e-01
-14.7  26  7.492539e-01
-15  26  9.108105e-01
-15.3  26  1.365904e+00
-15.7  26  9.737824e-01
-16  26  9.117575e-01
-16.3  26  6.464722e-01
-16.7  26  3.859850e-01
-17  26  2.486904e-01
-17.3  26  1.354862e-01
-17.7  26  6.700316e-02
-18  26  5.104642e-02
-18.3  26  2.843381e-02
-18.7  26  7.470997e-03
-19  26  1.499260e-03
-1.930000e+01  2.600000e+01  0.0
-1.970000e+01  2.600000e+01  0.0
-2.000000e+01  2.600000e+01  0.0
-2.030000e+01  2.600000e+01  0.0
-2.070000e+01  2.600000e+01  0.0
-2.100000e+01  2.600000e+01  0.0
-2.130000e+01  2.600000e+01  0.0
-2.170000e+01  2.600000e+01  0.0
-2.200000e+01  2.600000e+01  0.0
-13.3  32  3.064042e-02
-13.7  32  3.100060e-02
-14  32  2.328077e-01
-14.3  32  2.469939e-01
-14.7  32  5.872019e-01
-15  32  5.077887e-01
-15.3  32  9.420223e-01
-15.7  32  5.814450e-01
-16  32  5.662629e-01
-16.3  32  4.342676e-01
-16.7  32  2.211284e-01
-17  32  1.444140e-01
-17.3  32  9.599005e-02
-17.7  32  5.034226e-02
-18  32  2.964462e-02
-18.3  32  9.952352e-03
-18.7  32  1.637665e-03
-1.900000e+01  3.200000e+01  0.0
-1.930000e+01  3.200000e+01  0.0
-1.970000e+01  3.200000e+01  0.0
-2.000000e+01  3.200000e+01  0.0
-2.030000e+01  3.200000e+01  0.0
-2.070000e+01  3.200000e+01  0.0
-2.100000e+01  3.200000e+01  0.0
-2.130000e+01  3.200000e+01  0.0
-2.170000e+01  3.200000e+01  0.0
-2.200000e+01  3.200000e+01  0.0
-13.3  39  1.383830e-02
-13.7  39  7.615226e-02
-14  39  1.574903e-01
-14.3  39  2.149250e-01
-14.7  39  2.907709e-01
-15  39  3.400125e-01
-15.3  39  5.279789e-01
-15.7  39  3.584624e-01
-16  39  3.144913e-01
-16.3  39  2.137091e-01
-16.7  39  1.157696e-01
-17  39  7.606159e-02
-17.3  39  5.460471e-02
-17.7  39  2.716372e-02
-18  39  8.493292e-03
-1.830000e+01  3.900000e+01  0.0
-1.870000e+01  3.900000e+01  0.0
-1.900000e+01  3.900000e+01  0.0
-1.930000e+01  3.900000e+01  0.0
-1.970000e+01  3.900000e+01  0.0
-2.000000e+01  3.900000e+01  0.0
-2.030000e+01  3.900000e+01  0.0
-2.070000e+01  3.900000e+01  0.0
-2.100000e+01  3.900000e+01  0.0
-2.130000e+01  3.900000e+01  0.0
-2.170000e+01  3.900000e+01  0.0
-2.200000e+01  3.900000e+01  0.0
-13.3  48  1.414816e-02
-13.7  48  2.109548e-02
-14  48  4.702662e-02
-14.3  48  2.359304e-01
-14.7  48  9.341767e-02
-15  48  2.431493e-01
-15.3  48  2.033634e-01
-15.7  48  1.928406e-01
-16  48  1.479101e-01
-16.3  48  1.113199e-01
-16.7  48  5.973008e-02
-17  48  4.250234e-02
-17.3  48  2.793565e-02
-17.7  48  7.916944e-03
-1.800000e+01  4.800000e+01  0.0
-1.830000e+01  4.800000e+01  0.0
-1.870000e+01  4.800000e+01  0.0
-1.900000e+01  4.800000e+01  0.0
-1.930000e+01  4.800000e+01  0.0
-1.970000e+01  4.800000e+01  0.0
-2.000000e+01  4.800000e+01  0.0
-2.030000e+01  4.800000e+01  0.0
-2.070000e+01  4.800000e+01  0.0
-2.100000e+01  4.800000e+01  0.0
-2.130000e+01  4.800000e+01  0.0
-2.170000e+01  4.800000e+01  0.0
-2.200000e+01  4.800000e+01  0.0
-13.3  58  4.418687e-03
-13.7  58  1.363841e-02
-14  58  4.323609e-02
-14.3  58  6.672747e-02
-14.7  58  5.307101e-02
-15  58  7.863993e-02
-15.3  58  1.254134e-01
-15.7  58  9.827493e-02
-16  58  7.563527e-02
-16.3  58  5.509785e-02
-16.7  58  3.446340e-02
-17  58  2.350743e-02
-17.3  58  9.508174e-03
-1.770000e+01  5.800000e+01  0.0
-1.800000e+01  5.800000e+01  0.0
-1.830000e+01  5.800000e+01  0.0
-1.870000e+01  5.800000e+01  0.0
-1.900000e+01  5.800000e+01  0.0
-1.930000e+01  5.800000e+01  0.0
-1.970000e+01  5.800000e+01  0.0
-2.000000e+01  5.800000e+01  0.0
-2.030000e+01  5.800000e+01  0.0
-2.070000e+01  5.800000e+01  0.0
-2.100000e+01  5.800000e+01  0.0
-2.130000e+01  5.800000e+01  0.0
-2.170000e+01  5.800000e+01  0.0
-2.200000e+01  5.800000e+01  0.0
-13.3  88  1.037783e-03
-13.7  88  1.381989e-03
-14  88  2.177064e-03
-14.3  88  5.382373e-03
-14.7  88  7.188736e-03
-15  88  8.787414e-03
-15.3  88  9.874128e-03
-15.7  88  6.245015e-03
-16  88  6.375218e-03
-16.3  88  5.667628e-03
-16.7  88  2.575802e-03
-17  88  6.920819e-04
-1.730000e+01  8.800000e+01  0.0
-1.770000e+01  8.800000e+01  0.0
-1.800000e+01  8.800000e+01  0.0
-1.830000e+01  8.800000e+01  0.0
-1.870000e+01  8.800000e+01  0.0
-1.900000e+01  8.800000e+01  0.0
-1.930000e+01  8.800000e+01  0.0
-1.970000e+01  8.800000e+01  0.0
-2.000000e+01  8.800000e+01  0.0
-2.030000e+01  8.800000e+01  0.0
-2.070000e+01  8.800000e+01  0.0
-2.100000e+01  8.800000e+01  0.0
-2.130000e+01  8.800000e+01  0.0
-2.170000e+01  8.800000e+01  0.0
-2.200000e+01  8.800000e+01  0.0
-13.3  108  0.000000e+00
-13.7  108  0.000000e+00
-14  108  0.000000e+00
-14.3  108  0.000000e+00
-14.7  108  0.000000e+00
-15  108  0.000000e+00
-15.3  108  0.000000e+00
-15.7  108  0.000000e+00
-16  108  0.000000e+00
-16.3  108  0.000000e+00
-16.7  108  0.000000e+00
-1.700000e+01  1.080000e+02  0.0
-1.730000e+01  1.080000e+02  0.0
-1.770000e+01  1.080000e+02  0.0
-1.800000e+01  1.080000e+02  0.0
-1.830000e+01  1.080000e+02  0.0
-1.870000e+01  1.080000e+02  0.0
-1.900000e+01  1.080000e+02  0.0
-1.930000e+01  1.080000e+02  0.0
-1.970000e+01  1.080000e+02  0.0
-2.000000e+01  1.080000e+02  0.0
-2.030000e+01  1.080000e+02  0.0
-2.070000e+01  1.080000e+02  0.0
-2.100000e+01  1.080000e+02  0.0
-2.130000e+01  1.080000e+02  0.0
-2.170000e+01  1.080000e+02  0.0
-2.200000e+01  1.080000e+02  0.0
-13.3  132  0.000000e+00
-13.7  132  0.000000e+00
-14  132  0.000000e+00
-14.3  132  0.000000e+00
-14.7  132  0.000000e+00
-15  132  0.000000e+00
-15.3  132  0.000000e+00
-15.7  132  0.000000e+00
-16  132  0.000000e+00
-16.3  132  0.000000e+00
-1.670000e+01  1.320000e+02  0.0
-1.700000e+01  1.320000e+02  0.0
-1.730000e+01  1.320000e+02  0.0
-1.770000e+01  1.320000e+02  0.0
-1.800000e+01  1.320000e+02  0.0
-1.830000e+01  1.320000e+02  0.0
-1.870000e+01  1.320000e+02  0.0
-1.900000e+01  1.320000e+02  0.0
-1.930000e+01  1.320000e+02  0.0
-1.970000e+01  1.320000e+02  0.0
-2.000000e+01  1.320000e+02  0.0
-2.030000e+01  1.320000e+02  0.0
-2.070000e+01  1.320000e+02  0.0
-2.100000e+01  1.320000e+02  0.0
-2.130000e+01  1.320000e+02  0.0
-2.170000e+01  1.320000e+02  0.0
-2.200000e+01  1.320000e+02  0.0
-13.3  162  0.000000e+00
-13.7  162  0.000000e+00
-14  162  0.000000e+00
-14.3  162  0.000000e+00
-14.7  162  0.000000e+00
-15  162  0.000000e+00
-15.3  162  0.000000e+00
-15.7  162  0.000000e+00
-16  162  0.000000e+00
-1.630000e+01  1.620000e+02  0.0
-1.670000e+01  1.620000e+02  0.0
-1.700000e+01  1.620000e+02  0.0
-1.730000e+01  1.620000e+02  0.0
-1.770000e+01  1.620000e+02  0.0
-1.800000e+01  1.620000e+02  0.0
-1.830000e+01  1.620000e+02  0.0
-1.870000e+01  1.620000e+02  0.0
-1.900000e+01  1.620000e+02  0.0
-1.930000e+01  1.620000e+02  0.0
-1.970000e+01  1.620000e+02  0.0
-2.000000e+01  1.620000e+02  0.0
-2.030000e+01  1.620000e+02  0.0
-2.070000e+01  1.620000e+02  0.0
-2.100000e+01  1.620000e+02  0.0
-2.130000e+01  1.620000e+02  0.0
-2.170000e+01  1.620000e+02  0.0
-2.200000e+01  1.620000e+02  0.0
-13.3  199  0.000000e+00
-13.7  199  0.000000e+00
-14  199  0.000000e+00
-14.3  199  0.000000e+00
-14.7  199  0.000000e+00
-15  199  0.000000e+00
-15.3  199  0.000000e+00
-15.7  199  0.000000e+00
-1.600000e+01  1.990000e+02  0.0
-1.630000e+01  1.990000e+02  0.0
-1.670000e+01  1.990000e+02  0.0
-1.700000e+01  1.990000e+02  0.0
-1.730000e+01  1.990000e+02  0.0
-1.770000e+01  1.990000e+02  0.0
-1.800000e+01  1.990000e+02  0.0
-1.830000e+01  1.990000e+02  0.0
-1.870000e+01  1.990000e+02  0.0
-1.900000e+01  1.990000e+02  0.0
-1.930000e+01  1.990000e+02  0.0
-1.970000e+01  1.990000e+02  0.0
-2.000000e+01  1.990000e+02  0.0
-2.030000e+01  1.990000e+02  0.0
-2.070000e+01  1.990000e+02  0.0
-2.100000e+01  1.990000e+02  0.0
-2.130000e+01  1.990000e+02  0.0
-2.170000e+01  1.990000e+02  0.0
-2.200000e+01  1.990000e+02  0.0
-13.3  244  0.000000e+00
-13.7  244  0.000000e+00
-14  244  0.000000e+00
-14.3  244  0.000000e+00
-14.7  244  0.000000e+00
-15  244  0.000000e+00
-15.3  244  0.000000e+00
-15.7  244  0.000000e+00
-1.600000e+01  2.440000e+02  0.0
-1.630000e+01  2.440000e+02  0.0
-1.670000e+01  2.440000e+02  0.0
-1.700000e+01  2.440000e+02  0.0
-1.730000e+01  2.440000e+02  0.0
-1.770000e+01  2.440000e+02  0.0
-1.800000e+01  2.440000e+02  0.0
-1.830000e+01  2.440000e+02  0.0
-1.870000e+01  2.440000e+02  0.0
-1.900000e+01  2.440000e+02  0.0
-1.930000e+01  2.440000e+02  0.0
-1.970000e+01  2.440000e+02  0.0
-2.000000e+01  2.440000e+02  0.0
-2.030000e+01  2.440000e+02  0.0
-2.070000e+01  2.440000e+02  0.0
-2.100000e+01  2.440000e+02  0.0
-2.130000e+01  2.440000e+02  0.0
-2.170000e+01  2.440000e+02  0.0
-2.200000e+01  2.440000e+02  0.0
-13.3  300  0.000000e+00
-13.7  300  0.000000e+00
-14  300  0.000000e+00
-14.3  300  0.000000e+00
-14.7  300  0.000000e+00
-15  300  0.000000e+00
-15.3  300  0.000000e+00
-1.570000e+01  3.000000e+02  0.0
-1.600000e+01  3.000000e+02  0.0
-1.630000e+01  3.000000e+02  0.0
-1.670000e+01  3.000000e+02  0.0
-1.700000e+01  3.000000e+02  0.0
-1.730000e+01  3.000000e+02  0.0
-1.770000e+01  3.000000e+02  0.0
-1.800000e+01  3.000000e+02  0.0
-1.830000e+01  3.000000e+02  0.0
-1.870000e+01  3.000000e+02  0.0
-1.900000e+01  3.000000e+02  0.0
-1.930000e+01  3.000000e+02  0.0
-1.970000e+01  3.000000e+02  0.0
-2.000000e+01  3.000000e+02  0.0
-2.030000e+01  3.000000e+02  0.0
-2.070000e+01  3.000000e+02  0.0
-2.100000e+01  3.000000e+02  0.0
-2.130000e+01  3.000000e+02  0.0
-2.170000e+01  3.000000e+02  0.0
-2.200000e+01  3.000000e+02  0.0
