# log10(y)    mass[MeV]    Nhits
-13.3  5  2.264939e-05
-13.7  5  3.194463e-04
-14  5  4.446786e-03
-14.3  5  4.168879e-02
-14.7  5  2.078071e-01
-15  5  7.525916e-01
-15.3  5  2.049627e+00
-15.7  5  3.285444e+00
-16  5  4.083328e+00
-16.3  5  6.011938e+00
-16.7  5  4.090601e+00
-17  5  4.495149e+00
-17.3  5  3.852031e+00
-17.7  5  3.496203e+00
-18  5  2.825361e+00
-18.3  5  2.028856e+00
-18.7  5  1.164887e+00
-19  5  7.295926e-01
-19.3  5  4.351367e-01
-19.7  5  1.847808e-01
-20  5  1.035098e-01
-20.3  5  5.606172e-02
-20.7  5  2.674832e-02
-21  5  1.480717e-02
-21.3  5  4.886688e-03
-21.7  5  7.249869e-04
-2.200000e+01  5.000000e+00  0.0
-13.3  6  1.940810e-04
-13.7  6  2.078670e-03
-14  6  1.130163e-02
-14.3  6  1.026447e-01
-14.7  6  4.689632e-01
-15  6  1.275169e+00
-15.3  6  3.341319e+00
-15.7  6  3.766025e+00
-16  6  4.846170e+00
-16.3  6  4.677015e+00
-16.7  6  3.804136e+00
-17  6  3.502994e+00
-17.3  6  4.324703e+00
-17.7  6  3.206211e+00
-18  6  2.514078e+00
-18.3  6  1.573536e+00
-18.7  6  8.464675e-01
-19  6  5.260101e-01
-19.3  6  2.969802e-01
-19.7  6  1.180074e-01
-20  6  7.027395e-02
-20.3  6  4.748224e-02
-20.7  6  2.093260e-02
-21  6  6.542881e-03
-21.3  6  1.291352e-03
-2.170000e+01  6.000000e+00  0.0
-2.200000e+01  6.000000e+00  0.0
-13.3  8  1.736572e-03
-13.7  8  6.996213e-03
-14  8  2.845592e-02
-14.3  8  1.552441e-01
-14.7  8  4.579101e-01
-15  8  1.616432e+00
-15.3  8  2.893733e+00
-15.7  8  3.407636e+00
-16  8  3.571454e+00
-16.3  8  3.314309e+00
-16.7  8  2.375972e+00
-17  8  2.535707e+00
-17.3  8  2.352057e+00
-17.7  8  1.844277e+00
-18  8  1.246736e+00
-18.3  8  8.620647e-01
-18.7  8  4.238134e-01
-19  8  2.511628e-01
-19.3  8  1.393102e-01
-19.7  8  6.286673e-02
-20  8  4.691996e-02
-20.3  8  2.665537e-02
-20.7  8  6.820294e-03
-21  8  1.351763e-03
-2.130000e+01  8.000000e+00  0.0
-2.170000e+01  8.000000e+00  0.0
-2.200000e+01  8.000000e+00  0.0
-13.3  9  2.433080e-03
-13.7  9  1.375668e-02
-14  9  6.793663e-02
-14.3  9  3.323479e-01
-14.7  9  7.605922e-01
-15  9  2.049874e+00
-15.3  9  4.084333e+00
-15.7  9  3.778730e+00
-16  9  3.329144e+00
-16.3  9  2.941940e+00
-16.7  9  2.433205e+00
-17  9  2.766019e+00
-17.3  9  2.301312e+00
-17.7  9  1.509382e+00
-18  9  1.094500e+00
-18.3  9  7.139276e-01
-18.7  9  3.402017e-01
-19  9  1.949909e-01
-19.3  9  1.186327e-01
-19.7  9  6.674549e-02
-20  9  3.611653e-02
-20.3  9  1.163673e-02
-20.7  9  1.913449e-03
-2.100000e+01  9.000000e+00  0.0
-2.130000e+01  9.000000e+00  0.0
-2.170000e+01  9.000000e+00  0.0
-2.200000e+01  9.000000e+00  0.0
-13.3  11  9.752890e-03
-13.7  11  3.332735e-02
-14  11  1.221918e-01
-14.3  11  3.196352e-01
-14.7  11  8.375256e-01
-15  11  2.335767e+00
-15.3  11  3.570818e+00
-15.7  11  2.664479e+00
-16  11  2.335754e+00
-16.3  11  2.589115e+00
-16.7  11  1.671538e+00
-17  11  1.864347e+00
-17.3  11  1.403904e+00
-17.7  11  9.246240e-01
-18  11  6.406018e-01
-18.3  11  4.073514e-01
-18.7  11  2.165283e-01
-19  11  1.365209e-01
-19.3  11  8.394222e-02
-19.7  11  3.922598e-02
-20  11  1.189223e-02
-20.3  11  2.638062e-03
-2.070000e+01  1.100000e+01  0.0
-2.100000e+01  1.100000e+01  0.0
-2.130000e+01  1.100000e+01  0.0
-2.170000e+01  1.100000e+01  0.0
-2.200000e+01  1.100000e+01  0.0
-13.3  14  2.678721e-02
-13.7  14  6.917680e-02
-14  14  1.395728e-01
-14.3  14  3.760627e-01
-14.7  14  1.191731e+00
-15  14  1.851799e+00
-15.3  14  2.613442e+00
-15.7  14  1.494446e+00
-16  14  2.105918e+00
-16.3  14  1.820303e+00
-16.7  14  1.542282e+00
-17  14  1.063692e+00
-17.3  14  9.226978e-01
-17.7  14  4.791372e-01
-18  14  3.054228e-01
-18.3  14  2.108803e-01
-18.7  14  1.043598e-01
-19  14  7.200947e-02
-19.3  14  4.017445e-02
-19.7  14  1.038992e-02
-20  14  2.299029e-03
-2.030000e+01  1.400000e+01  0.0
-2.070000e+01  1.400000e+01  0.0
-2.100000e+01  1.400000e+01  0.0
-2.130000e+01  1.400000e+01  0.0
-2.170000e+01  1.400000e+01  0.0
-2.200000e+01  1.400000e+01  0.0
-13.3  17  3.512138e-02
-13.7  17  9.044452e-02
-14  17  2.845377e-01
-14.3  17  5.464937e-01
-14.7  17  8.288184e-01
-15  17  1.624150e+00
-15.3  17  2.147424e+00
-15.7  17  1.519983e+00
-16  17  1.431309e+00
-16.3  17  1.635915e+00
-16.7  17  1.052026e+00
-17  17  7.794996e-01
-17.3  17  5.370067e-01
-17.7  17  2.729463e-01
-18  17  1.666984e-01
-18.3  17  1.037141e-01
-18.7  17  6.005995e-02
-19  17  3.561404e-02
-19.3  17  1.029843e-02
-19.7  17  1.822496e-03
-2.000000e+01  1.700000e+01  0.0
-2.030000e+01  1.700000e+01  0.0
-2.070000e+01  1.700000e+01  0.0
-2.100000e+01  1.700000e+01  0.0
-2.130000e+01  1.700000e+01  0.0
-2.170000e+01  1.700000e+01  0.0
-2.200000e+01  1.700000e+01  0.0
-13.3  21  5.246745e-02
-13.7  21  1.027294e-01
-14  21  2.279730e-01
-14.3  21  4.341660e-01
-14.7  21  4.246026e-01
-15  21  1.405349e+00
-15.3  21  1.740464e+00
-15.7  21  1.305921e+00
-16  21  1.332527e+00
-16.3  21  9.273455e-01
-16.7  21  6.488302e-01
-17  21  4.575267e-01
-17.3  21  2.819941e-01
-17.7  21  1.384966e-01
-18  21  9.014210e-02
-18.3  21  6.848136e-02
-18.7  21  3.270181e-02
-19  21  1.005058e-02
-19.3  21  2.119405e-03
-1.970000e+01  2.100000e+01  0.0
-2.000000e+01  2.100000e+01  0.0
-2.030000e+01  2.100000e+01  0.0
-2.070000e+01  2.100000e+01  0.0
-2.100000e+01  2.100000e+01  0.0
-2.130000e+01  2.100000e+01  0.0
-2.170000e+01  2.100000e+01  0.0
-2.200000e+01  2.100000e+01  0.0
-13.3  26  4.443485e-02
-13.7  26  7.510962e-02
-14  26  1.703379e-01
-14.3  26  6.490872e-01
-14.7  26  6.972738e-01
-15  26  8.418385e-01
-15.3  26  1.272411e+00
-15.7  26  9.258262e-01
-16  26  8.938771e-01
-16.3  26  6.549231e-01
-16.7  26  4.058884e-01
-17  26  2.703670e-01
-17.3  26  1.535396e-01
-17.7  26  7.916784e-02
-18  26  6.174293e-02
-18.3  26  3.489778e-02
-18.7  26  9.375149e-03
-19  26  1.949941e-03
-1.930000e+01  2.600000e+01  0.0
-1.970000e+01  2.600000e+01  0.0
-2.000000e+01  2.600000e+01  0.0
-2.030000e+01  2.600000e+01  0.0
-2.070000e+01  2.600000e+01  0.0
-2.100000e+01  2.600000e+01  0.0
-2.130000e+01  2.600000e+01  0.0
-2.170000e+01  2.600000e+01  0.0
-2.200000e+01  2.600000e+01  0.0
-13.3  32  3.765674e-02
-13.7  32  3.612873e-02
-14  32  2.578188e-01
-14.3  32  2.637993e-01
-14.7  32  6.145312e-01
-15  32  5.125007e-01
-15.3  32  9.410905e-01
-15.7  32  5.818427e-01
-16  32  5.717043e-01
-16.3  32  4.449197e-01
-16.7  32  2.307968e-01
-17  32  1.538445e-01
-17.3  32  1.040262e-01
-17.7  32  5.535493e-02
-18  32  3.279585e-02
-18.3  32  1.112577e-02
-18.7  32  1.857227e-03
-1.900000e+01  3.200000e+01  0.0
-1.930000e+01  3.200000e+01  0.0
-1.970000e+01  3.200000e+01  0.0
-2.000000e+01  3.200000e+01  0.0
-2.030000e+01  3.200000e+01  0.0
-2.070000e+01  3.200000e+01  0.0
-2.100000e+01  3.200000e+01  0.0
-2.130000e+01  3.200000e+01  0.0
-2.170000e+01  3.200000e+01  0.0
-2.200000e+01  3.200000e+01  0.0
-13.3  39  1.669891e-02
-13.7  39  8.812043e-02
-14  39  1.790494e-01
-14.3  39  2.326287e-01
-14.7  39  3.056503e-01
-15  39  3.512995e-01
-15.3  39  5.410279e-01
-15.7  39  3.673761e-01
-16  39  3.242911e-01
-16.3  39  2.227955e-01
-16.7  39  1.221312e-01
-17  39  8.138453e-02
-17.3  39  5.877969e-02
-17.7  39  2.953825e-02
-18  39  9.388547e-03
-1.830000e+01  3.900000e+01  0.0
-1.870000e+01  3.900000e+01  0.0
-1.900000e+01  3.900000e+01  0.0
-1.930000e+01  3.900000e+01  0.0
-1.970000e+01  3.900000e+01  0.0
-2.000000e+01  3.900000e+01  0.0
-2.030000e+01  3.900000e+01  0.0
-2.070000e+01  3.900000e+01  0.0
-2.100000e+01  3.900000e+01  0.0
-2.130000e+01  3.900000e+01  0.0
-2.170000e+01  3.900000e+01  0.0
-2.200000e+01  3.900000e+01  0.0
-13.3  48  1.765707e-02
-13.7  48  2.578666e-02
-14  48  5.537514e-02
-14.3  48  2.655391e-01
-14.7  48  1.022981e-01
-15  48  2.606745e-01
-15.3  48  2.154099e-01
-15.7  48  2.030035e-01
-16  48  1.555906e-01
-16.3  48  1.175648e-01
-16.7  48  6.349497e-02
-17  48  4.534389e-02
-17.3  48  3.000818e-02
-17.7  48  8.596653e-03
-1.800000e+01  4.800000e+01  0.0
-1.830000e+01  4.800000e+01  0.0
-1.870000e+01  4.800000e+01  0.0
-1.900000e+01  4.800000e+01  0.0
-1.930000e+01  4.800000e+01  0.0
-1.970000e+01  4.800000e+01  0.0
-2.000000e+01  4.800000e+01  0.0
-2.030000e+01  4.800000e+01  0.0
-2.070000e+01  4.800000e+01  0.0
-2.100000e+01  4.800000e+01  0.0
-2.130000e+01  4.800000e+01  0.0
-2.170000e+01  4.800000e+01  0.0
-2.200000e+01  4.800000e+01  0.0
-13.3  58  5.549357e-03
-13.7  58  1.669614e-02
-14  58  5.072249e-02
-14.3  58  7.554509e-02
-14.7  58  5.833256e-02
-15  58  8.449094e-02
-15.3  58  1.320949e-01
-15.7  58  1.018008e-01
-16  58  7.729772e-02
-16.3  58  5.571169e-02
-16.7  58  3.481776e-02
-17  58  2.371324e-02
-17.3  58  9.566665e-03
-1.770000e+01  5.800000e+01  0.0
-1.800000e+01  5.800000e+01  0.0
-1.830000e+01  5.800000e+01  0.0
-1.870000e+01  5.800000e+01  0.0
-1.900000e+01  5.800000e+01  0.0
-1.930000e+01  5.800000e+01  0.0
-1.970000e+01  5.800000e+01  0.0
-2.000000e+01  5.800000e+01  0.0
-2.030000e+01  5.800000e+01  0.0
-2.070000e+01  5.800000e+01  0.0
-2.100000e+01  5.800000e+01  0.0
-2.130000e+01  5.800000e+01  0.0
-2.170000e+01  5.800000e+01  0.0
-2.200000e+01  5.800000e+01  0.0
-13.3  88  1.367964e-03
-13.7  88  1.814563e-03
-14  88  2.847918e-03
-14.3  88  7.020992e-03
-14.7  88  9.356002e-03
-15  88  1.141274e-02
-15.3  88  1.280006e-02
-15.7  88  8.082047e-03
-16  88  8.238398e-03
-16.3  88  7.321639e-03
-16.7  88  3.326651e-03
-17  88  8.933538e-04
-1.730000e+01  8.800000e+01  0.0
-1.770000e+01  8.800000e+01  0.0
-1.800000e+01  8.800000e+01  0.0
-1.830000e+01  8.800000e+01  0.0
-1.870000e+01  8.800000e+01  0.0
-1.900000e+01  8.800000e+01  0.0
-1.930000e+01  8.800000e+01  0.0
-1.970000e+01  8.800000e+01  0.0
-2.000000e+01  8.800000e+01  0.0
-2.030000e+01  8.800000e+01  0.0
-2.070000e+01  8.800000e+01  0.0
-2.100000e+01  8.800000e+01  0.0
-2.130000e+01  8.800000e+01  0.0
-2.170000e+01  8.800000e+01  0.0
-2.200000e+01  8.800000e+01  0.0
-13.3  108  0.000000e+00
-13.7  108  0.000000e+00
-14  108  0.000000e+00
-14.3  108  0.000000e+00
-14.7  108  0.000000e+00
-15  108  0.000000e+00
-15.3  108  0.000000e+00
-15.7  108  0.000000e+00
-16  108  0.000000e+00
-16.3  108  0.000000e+00
-16.7  108  0.000000e+00
-1.700000e+01  1.080000e+02  0.0
-1.730000e+01  1.080000e+02  0.0
-1.770000e+01  1.080000e+02  0.0
-1.800000e+01  1.080000e+02  0.0
-1.830000e+01  1.080000e+02  0.0
-1.870000e+01  1.080000e+02  0.0
-1.900000e+01  1.080000e+02  0.0
-1.930000e+01  1.080000e+02  0.0
-1.970000e+01  1.080000e+02  0.0
-2.000000e+01  1.080000e+02  0.0
-2.030000e+01  1.080000e+02  0.0
-2.070000e+01  1.080000e+02  0.0
-2.100000e+01  1.080000e+02  0.0
-2.130000e+01  1.080000e+02  0.0
-2.170000e+01  1.080000e+02  0.0
-2.200000e+01  1.080000e+02  0.0
-13.3  132  0.000000e+00
-13.7  132  0.000000e+00
-14  132  0.000000e+00
-14.3  132  0.000000e+00
-14.7  132  0.000000e+00
-15  132  0.000000e+00
-15.3  132  0.000000e+00
-15.7  132  0.000000e+00
-16  132  0.000000e+00
-16.3  132  0.000000e+00
-1.670000e+01  1.320000e+02  0.0
-1.700000e+01  1.320000e+02  0.0
-1.730000e+01  1.320000e+02  0.0
-1.770000e+01  1.320000e+02  0.0
-1.800000e+01  1.320000e+02  0.0
-1.830000e+01  1.320000e+02  0.0
-1.870000e+01  1.320000e+02  0.0
-1.900000e+01  1.320000e+02  0.0
-1.930000e+01  1.320000e+02  0.0
-1.970000e+01  1.320000e+02  0.0
-2.000000e+01  1.320000e+02  0.0
-2.030000e+01  1.320000e+02  0.0
-2.070000e+01  1.320000e+02  0.0
-2.100000e+01  1.320000e+02  0.0
-2.130000e+01  1.320000e+02  0.0
-2.170000e+01  1.320000e+02  0.0
-2.200000e+01  1.320000e+02  0.0
-13.3  162  0.000000e+00
-13.7  162  0.000000e+00
-14  162  0.000000e+00
-14.3  162  0.000000e+00
-14.7  162  0.000000e+00
-15  162  0.000000e+00
-15.3  162  0.000000e+00
-15.7  162  0.000000e+00
-16  162  0.000000e+00
-1.630000e+01  1.620000e+02  0.0
-1.670000e+01  1.620000e+02  0.0
-1.700000e+01  1.620000e+02  0.0
-1.730000e+01  1.620000e+02  0.0
-1.770000e+01  1.620000e+02  0.0
-1.800000e+01  1.620000e+02  0.0
-1.830000e+01  1.620000e+02  0.0
-1.870000e+01  1.620000e+02  0.0
-1.900000e+01  1.620000e+02  0.0
-1.930000e+01  1.620000e+02  0.0
-1.970000e+01  1.620000e+02  0.0
-2.000000e+01  1.620000e+02  0.0
-2.030000e+01  1.620000e+02  0.0
-2.070000e+01  1.620000e+02  0.0
-2.100000e+01  1.620000e+02  0.0
-2.130000e+01  1.620000e+02  0.0
-2.170000e+01  1.620000e+02  0.0
-2.200000e+01  1.620000e+02  0.0
-13.3  199  0.000000e+00
-13.7  199  0.000000e+00
-14  199  0.000000e+00
-14.3  199  0.000000e+00
-14.7  199  0.000000e+00
-15  199  0.000000e+00
-15.3  199  0.000000e+00
-15.7  199  0.000000e+00
-1.600000e+01  1.990000e+02  0.0
-1.630000e+01  1.990000e+02  0.0
-1.670000e+01  1.990000e+02  0.0
-1.700000e+01  1.990000e+02  0.0
-1.730000e+01  1.990000e+02  0.0
-1.770000e+01  1.990000e+02  0.0
-1.800000e+01  1.990000e+02  0.0
-1.830000e+01  1.990000e+02  0.0
-1.870000e+01  1.990000e+02  0.0
-1.900000e+01  1.990000e+02  0.0
-1.930000e+01  1.990000e+02  0.0
-1.970000e+01  1.990000e+02  0.0
-2.000000e+01  1.990000e+02  0.0
-2.030000e+01  1.990000e+02  0.0
-2.070000e+01  1.990000e+02  0.0
-2.100000e+01  1.990000e+02  0.0
-2.130000e+01  1.990000e+02  0.0
-2.170000e+01  1.990000e+02  0.0
-2.200000e+01  1.990000e+02  0.0
-13.3  244  0.000000e+00
-13.7  244  0.000000e+00
-14  244  0.000000e+00
-14.3  244  0.000000e+00
-14.7  244  0.000000e+00
-15  244  0.000000e+00
-15.3  244  0.000000e+00
-15.7  244  0.000000e+00
-1.600000e+01  2.440000e+02  0.0
-1.630000e+01  2.440000e+02  0.0
-1.670000e+01  2.440000e+02  0.0
-1.700000e+01  2.440000e+02  0.0
-1.730000e+01  2.440000e+02  0.0
-1.770000e+01  2.440000e+02  0.0
-1.800000e+01  2.440000e+02  0.0
-1.830000e+01  2.440000e+02  0.0
-1.870000e+01  2.440000e+02  0.0
-1.900000e+01  2.440000e+02  0.0
-1.930000e+01  2.440000e+02  0.0
-1.970000e+01  2.440000e+02  0.0
-2.000000e+01  2.440000e+02  0.0
-2.030000e+01  2.440000e+02  0.0
-2.070000e+01  2.440000e+02  0.0
-2.100000e+01  2.440000e+02  0.0
-2.130000e+01  2.440000e+02  0.0
-2.170000e+01  2.440000e+02  0.0
-2.200000e+01  2.440000e+02  0.0
-13.3  300  0.000000e+00
-13.7  300  0.000000e+00
-14  300  0.000000e+00
-14.3  300  0.000000e+00
-14.7  300  0.000000e+00
-15  300  0.000000e+00
-15.3  300  0.000000e+00
-1.570000e+01  3.000000e+02  0.0
-1.600000e+01  3.000000e+02  0.0
-1.630000e+01  3.000000e+02  0.0
-1.670000e+01  3.000000e+02  0.0
-1.700000e+01  3.000000e+02  0.0
-1.730000e+01  3.000000e+02  0.0
-1.770000e+01  3.000000e+02  0.0
-1.800000e+01  3.000000e+02  0.0
-1.830000e+01  3.000000e+02  0.0
-1.870000e+01  3.000000e+02  0.0
-1.900000e+01  3.000000e+02  0.0
-1.930000e+01  3.000000e+02  0.0
-1.970000e+01  3.000000e+02  0.0
-2.000000e+01  3.000000e+02  0.0
-2.030000e+01  3.000000e+02  0.0
-2.070000e+01  3.000000e+02  0.0
-2.100000e+01  3.000000e+02  0.0
-2.130000e+01  3.000000e+02  0.0
-2.170000e+01  3.000000e+02  0.0
-2.200000e+01  3.000000e+02  0.0
