# log10(y)    mass[MeV]    Nhits
-13.3  5  2.020679e-05
-13.7  5  2.461513e-04
-14  5  3.207838e-03
-14.3  5  3.108913e-02
-14.7  5  1.743536e-01
-15  5  7.478997e-01
-15.3  5  2.383444e+00
-15.7  5  4.238735e+00
-16  5  5.508865e+00
-16.3  5  8.030943e+00
-16.7  5  5.172786e+00
-17  5  5.300822e+00
-17.3  5  4.375939e+00
-17.7  5  3.654766e+00
-18  5  2.933114e+00
-18.3  5  2.171911e+00
-18.7  5  1.329365e+00
-19  5  9.129595e-01
-19.3  5  5.976740e-01
-19.7  5  2.812952e-01
-20  5  1.755745e-01
-20.3  5  1.083970e-01
-20.7  5  5.570271e-02
-21  5  3.210699e-02
-21.3  5  1.141964e-02
-21.7  5  1.880813e-03
-2.200000e+01  5.000000e+00  0.0
-13.3  6  2.489721e-04
-13.7  6  2.249651e-03
-14  6  1.012997e-02
-14.3  6  8.338875e-02
-14.7  6  3.891699e-01
-15  6  1.173989e+00
-15.3  6  3.515938e+00
-15.7  6  4.446979e+00
-16  6  6.147306e+00
-16.3  6  6.090006e+00
-16.7  6  4.881763e+00
-17  6  4.417575e+00
-17.3  6  5.019698e+00
-17.7  6  3.547538e+00
-18  6  2.724227e+00
-18.3  6  1.716886e+00
-18.7  6  9.597762e-01
-19  6  6.304086e-01
-19.3  6  3.830940e-01
-19.7  6  1.693385e-01
-20  6  1.112828e-01
-20.3  6  8.072433e-02
-20.7  6  3.722761e-02
-21  6  1.256325e-02
-21.3  6  2.771441e-03
-2.170000e+01  6.000000e+00  0.0
-2.200000e+01  6.000000e+00  0.0
-13.3  8  1.883913e-03
-13.7  8  7.846058e-03
-14  8  3.014319e-02
-14.3  8  1.466232e-01
-14.7  8  3.963244e-01
-15  8  1.379668e+00
-15.3  8  2.606139e+00
-15.7  8  3.353395e+00
-16  8  3.850054e+00
-16.3  8  3.832389e+00
-16.7  8  2.816723e+00
-17  8  3.104643e+00
-17.3  8  2.839265e+00
-17.7  8  2.168131e+00
-18  8  1.423388e+00
-18.3  8  9.645615e-01
-18.7  8  4.731962e-01
-19  8  2.849114e-01
-19.3  8  1.653396e-01
-19.7  8  7.911072e-02
-20  8  6.208201e-02
-20.3  8  3.652219e-02
-20.7  8  1.001692e-02
-21  8  2.204830e-03
-2.130000e+01  8.000000e+00  0.0
-2.170000e+01  8.000000e+00  0.0
-2.200000e+01  8.000000e+00  0.0
-13.3  9  2.788231e-03
-13.7  9  1.573492e-02
-14  9  7.225031e-02
-14.3  9  3.169821e-01
-14.7  9  6.697597e-01
-15  9  1.772416e+00
-15.3  9  3.680447e+00
-15.7  9  3.671878e+00
-16  9  3.494767e+00
-16.3  9  3.192154e+00
-16.7  9  2.834093e+00
-17  9  3.282824e+00
-17.3  9  2.711702e+00
-17.7  9  1.742095e+00
-18  9  1.230418e+00
-18.3  9  7.866189e-01
-18.7  9  3.695908e-01
-19  9  2.105860e-01
-19.3  9  1.287388e-01
-19.7  9  7.306912e-02
-20  9  3.981724e-02
-20.3  9  1.301683e-02
-20.7  9  2.200467e-03
-2.100000e+01  9.000000e+00  0.0
-2.130000e+01  9.000000e+00  0.0
-2.170000e+01  9.000000e+00  0.0
-2.200000e+01  9.000000e+00  0.0
-13.3  11  9.208269e-03
-13.7  11  3.355754e-02
-14  11  1.248710e-01
-14.3  11  3.140374e-01
-14.7  11  7.752753e-01
-15  11  2.084367e+00
-15.3  11  3.203912e+00
-15.7  11  2.494641e+00
-16  11  2.250200e+00
-16.3  11  2.696672e+00
-16.7  11  1.842530e+00
-17  11  2.121029e+00
-17.3  11  1.612338e+00
-17.7  11  1.057526e+00
-18  11  7.216092e-01
-18.3  11  4.514676e-01
-18.7  11  2.359028e-01
-19  11  1.475201e-01
-19.3  11  9.059106e-02
-19.7  11  4.238969e-02
-20  11  1.292541e-02
-20.3  11  2.919948e-03
-2.070000e+01  1.100000e+01  0.0
-2.100000e+01  1.100000e+01  0.0
-2.130000e+01  1.100000e+01  0.0
-2.170000e+01  1.100000e+01  0.0
-2.200000e+01  1.100000e+01  0.0
-13.3  14  2.267474e-02
-13.7  14  6.354730e-02
-14  14  1.360862e-01
-14.3  14  3.748589e-01
-14.7  14  1.172662e+00
-15  14  1.773369e+00
-15.3  14  2.461740e+00
-15.7  14  1.409091e+00
-16  14  2.034915e+00
-16.3  14  1.847525e+00
-16.7  14  1.625298e+00
-17  14  1.159014e+00
-17.3  14  1.028032e+00
-17.7  14  5.369825e-01
-18  14  3.390504e-01
-18.3  14  2.276191e-01
-18.7  14  1.087888e-01
-19  14  7.280303e-02
-19.3  14  3.983560e-02
-19.7  14  9.926275e-03
-20  14  2.076388e-03
-2.030000e+01  1.400000e+01  0.0
-2.070000e+01  1.400000e+01  0.0
-2.100000e+01  1.400000e+01  0.0
-2.130000e+01  1.400000e+01  0.0
-2.170000e+01  1.400000e+01  0.0
-2.200000e+01  1.400000e+01  0.0
-13.3  17  3.075689e-02
-13.7  17  8.177696e-02
-14  17  2.676910e-01
-14.3  17  5.280676e-01
-14.7  17  8.054079e-01
-15  17  1.562660e+00
-15.3  17  2.052129e+00
-15.7  17  1.447849e+00
-16  17  1.387365e+00
-16.3  17  1.634364e+00
-16.7  17  1.087434e+00
-17  17  8.359124e-01
-17.3  17  5.963230e-01
-17.7  17  3.106735e-01
-18  17  1.939761e-01
-18.3  17  1.220443e-01
-18.7  17  7.095255e-02
-19  17  4.209131e-02
-19.3  17  1.214911e-02
-19.7  17  2.132623e-03
-2.000000e+01  1.700000e+01  0.0
-2.030000e+01  1.700000e+01  0.0
-2.070000e+01  1.700000e+01  0.0
-2.100000e+01  1.700000e+01  0.0
-2.130000e+01  1.700000e+01  0.0
-2.170000e+01  1.700000e+01  0.0
-2.200000e+01  1.700000e+01  0.0
-13.3  21  4.589073e-02
-13.7  21  9.043464e-02
-14  21  2.049214e-01
-14.3  21  3.987671e-01
-14.7  21  3.951419e-01
-15  21  1.310994e+00
-15.3  21  1.623012e+00
-15.7  21  1.220133e+00
-16  21  1.258718e+00
-16.3  21  8.963991e-01
-16.7  21  6.418590e-01
-17  21  4.675202e-01
-17.3  21  2.979934e-01
-17.7  21  1.502575e-01
-18  21  1.004948e-01
-18.3  21  7.739267e-02
-18.7  21  3.719577e-02
-19  21  1.154549e-02
-19.3  21  2.461166e-03
-1.970000e+01  2.100000e+01  0.0
-2.000000e+01  2.100000e+01  0.0
-2.030000e+01  2.100000e+01  0.0
-2.070000e+01  2.100000e+01  0.0
-2.100000e+01  2.100000e+01  0.0
-2.130000e+01  2.100000e+01  0.0
-2.170000e+01  2.100000e+01  0.0
-2.200000e+01  2.100000e+01  0.0
-13.3  26  4.201963e-02
-13.7  26  6.996726e-02
-14  26  1.585436e-01
-14.3  26  6.079278e-01
-14.7  26  6.560286e-01
-15  26  7.934460e-01
-15.3  26  1.197302e+00
-15.7  26  8.702073e-01
-16  26  8.439288e-01
-16.3  26  6.257182e-01
-16.7  26  3.959162e-01
-17  26  2.699495e-01
-17.3  26  1.584661e-01
-17.7  26  8.466584e-02
-18  26  6.738366e-02
-18.3  26  3.858318e-02
-18.7  26  1.056668e-02
-19  26  2.263580e-03
-1.930000e+01  2.600000e+01  0.0
-1.970000e+01  2.600000e+01  0.0
-2.000000e+01  2.600000e+01  0.0
-2.030000e+01  2.600000e+01  0.0
-2.070000e+01  2.600000e+01  0.0
-2.100000e+01  2.600000e+01  0.0
-2.130000e+01  2.600000e+01  0.0
-2.170000e+01  2.600000e+01  0.0
-2.200000e+01  2.600000e+01  0.0
-13.3  32  3.468726e-02
-13.7  32  3.300953e-02
-14  32  2.353259e-01
-14.3  32  2.415927e-01
-14.7  32  5.643800e-01
-15  32  4.731075e-01
-15.3  32  8.698682e-01
-15.7  32  5.380457e-01
-16  32  5.299019e-01
-16.3  32  4.153062e-01
-16.7  32  2.185118e-01
-17  32  1.489643e-01
-17.3  32  1.032411e-01
-17.7  32  5.636040e-02
-18  32  3.381115e-02
-18.3  32  1.174908e-02
-18.7  32  2.040101e-03
-1.900000e+01  3.200000e+01  0.0
-1.930000e+01  3.200000e+01  0.0
-1.970000e+01  3.200000e+01  0.0
-2.000000e+01  3.200000e+01  0.0
-2.030000e+01  3.200000e+01  0.0
-2.070000e+01  3.200000e+01  0.0
-2.100000e+01  3.200000e+01  0.0
-2.130000e+01  3.200000e+01  0.0
-2.170000e+01  3.200000e+01  0.0
-2.200000e+01  3.200000e+01  0.0
-13.3  39  1.616194e-02
-13.7  39  8.467039e-02
-14  39  1.717828e-01
-14.3  39  2.225004e-01
-14.7  39  2.919135e-01
-15  39  3.345766e-01
-15.3  39  5.124448e-01
-15.7  39  3.454753e-01
-16  39  3.021708e-01
-16.3  39  2.054055e-01
-16.7  39  1.115484e-01
-17  39  7.360701e-02
-17.3  39  5.299305e-02
-17.7  39  2.648779e-02
-18  39  8.346656e-03
-1.830000e+01  3.900000e+01  0.0
-1.870000e+01  3.900000e+01  0.0
-1.900000e+01  3.900000e+01  0.0
-1.930000e+01  3.900000e+01  0.0
-1.970000e+01  3.900000e+01  0.0
-2.000000e+01  3.900000e+01  0.0
-2.030000e+01  3.900000e+01  0.0
-2.070000e+01  3.900000e+01  0.0
-2.100000e+01  3.900000e+01  0.0
-2.130000e+01  3.900000e+01  0.0
-2.170000e+01  3.900000e+01  0.0
-2.200000e+01  3.900000e+01  0.0
-13.3  48  1.718334e-02
-13.7  48  2.499103e-02
-14  48  5.336972e-02
-14.3  48  2.550097e-01
-14.7  48  9.807630e-02
-15  48  2.492364e-01
-15.3  48  2.051016e-01
-15.7  48  1.920653e-01
-16  48  1.459522e-01
-16.3  48  1.091399e-01
-16.7  48  5.835090e-02
-17  48  4.154133e-02
-17.3  48  2.732446e-02
-17.7  48  7.750370e-03
-1.800000e+01  4.800000e+01  0.0
-1.830000e+01  4.800000e+01  0.0
-1.870000e+01  4.800000e+01  0.0
-1.900000e+01  4.800000e+01  0.0
-1.930000e+01  4.800000e+01  0.0
-1.970000e+01  4.800000e+01  0.0
-2.000000e+01  4.800000e+01  0.0
-2.030000e+01  4.800000e+01  0.0
-2.070000e+01  4.800000e+01  0.0
-2.100000e+01  4.800000e+01  0.0
-2.130000e+01  4.800000e+01  0.0
-2.170000e+01  4.800000e+01  0.0
-2.200000e+01  4.800000e+01  0.0
-13.3  58  5.408399e-03
-13.7  58  1.615379e-02
-14  58  4.873089e-02
-14.3  58  7.246512e-02
-14.7  58  5.603972e-02
-15  58  8.141834e-02
-15.3  58  1.278240e-01
-15.7  58  9.898593e-02
-16  58  7.554190e-02
-16.3  58  5.471874e-02
-16.7  58  3.423861e-02
-17  58  2.336610e-02
-17.3  58  9.456900e-03
-1.770000e+01  5.800000e+01  0.0
-1.800000e+01  5.800000e+01  0.0
-1.830000e+01  5.800000e+01  0.0
-1.870000e+01  5.800000e+01  0.0
-1.900000e+01  5.800000e+01  0.0
-1.930000e+01  5.800000e+01  0.0
-1.970000e+01  5.800000e+01  0.0
-2.000000e+01  5.800000e+01  0.0
-2.030000e+01  5.800000e+01  0.0
-2.070000e+01  5.800000e+01  0.0
-2.100000e+01  5.800000e+01  0.0
-2.130000e+01  5.800000e+01  0.0
-2.170000e+01  5.800000e+01  0.0
-2.200000e+01  5.800000e+01  0.0
-13.3  88  1.437744e-03
-13.7  88  1.911606e-03
-14  88  3.008264e-03
-14.3  88  7.432367e-03
-14.7  88  9.921846e-03
-15  88  1.212317e-02
-15.3  88  1.361745e-02
-15.7  88  8.609839e-03
-16  88  8.786999e-03
-16.3  88  7.811358e-03
-16.7  88  3.549986e-03
-17  88  9.537661e-04
-1.730000e+01  8.800000e+01  0.0
-1.770000e+01  8.800000e+01  0.0
-1.800000e+01  8.800000e+01  0.0
-1.830000e+01  8.800000e+01  0.0
-1.870000e+01  8.800000e+01  0.0
-1.900000e+01  8.800000e+01  0.0
-1.930000e+01  8.800000e+01  0.0
-1.970000e+01  8.800000e+01  0.0
-2.000000e+01  8.800000e+01  0.0
-2.030000e+01  8.800000e+01  0.0
-2.070000e+01  8.800000e+01  0.0
-2.100000e+01  8.800000e+01  0.0
-2.130000e+01  8.800000e+01  0.0
-2.170000e+01  8.800000e+01  0.0
-2.200000e+01  8.800000e+01  0.0
-13.3  108  0.000000e+00
-13.7  108  0.000000e+00
-14  108  0.000000e+00
-14.3  108  0.000000e+00
-14.7  108  0.000000e+00
-15  108  0.000000e+00
-15.3  108  0.000000e+00
-15.7  108  0.000000e+00
-16  108  0.000000e+00
-16.3  108  0.000000e+00
-16.7  108  0.000000e+00
-1.700000e+01  1.080000e+02  0.0
-1.730000e+01  1.080000e+02  0.0
-1.770000e+01  1.080000e+02  0.0
-1.800000e+01  1.080000e+02  0.0
-1.830000e+01  1.080000e+02  0.0
-1.870000e+01  1.080000e+02  0.0
-1.900000e+01  1.080000e+02  0.0
-1.930000e+01  1.080000e+02  0.0
-1.970000e+01  1.080000e+02  0.0
-2.000000e+01  1.080000e+02  0.0
-2.030000e+01  1.080000e+02  0.0
-2.070000e+01  1.080000e+02  0.0
-2.100000e+01  1.080000e+02  0.0
-2.130000e+01  1.080000e+02  0.0
-2.170000e+01  1.080000e+02  0.0
-2.200000e+01  1.080000e+02  0.0
-13.3  132  0.000000e+00
-13.7  132  0.000000e+00
-14  132  0.000000e+00
-14.3  132  0.000000e+00
-14.7  132  0.000000e+00
-15  132  0.000000e+00
-15.3  132  0.000000e+00
-15.7  132  0.000000e+00
-16  132  0.000000e+00
-16.3  132  0.000000e+00
-1.670000e+01  1.320000e+02  0.0
-1.700000e+01  1.320000e+02  0.0
-1.730000e+01  1.320000e+02  0.0
-1.770000e+01  1.320000e+02  0.0
-1.800000e+01  1.320000e+02  0.0
-1.830000e+01  1.320000e+02  0.0
-1.870000e+01  1.320000e+02  0.0
-1.900000e+01  1.320000e+02  0.0
-1.930000e+01  1.320000e+02  0.0
-1.970000e+01  1.320000e+02  0.0
-2.000000e+01  1.320000e+02  0.0
-2.030000e+01  1.320000e+02  0.0
-2.070000e+01  1.320000e+02  0.0
-2.100000e+01  1.320000e+02  0.0
-2.130000e+01  1.320000e+02  0.0
-2.170000e+01  1.320000e+02  0.0
-2.200000e+01  1.320000e+02  0.0
-13.3  162  0.000000e+00
-13.7  162  0.000000e+00
-14  162  0.000000e+00
-14.3  162  0.000000e+00
-14.7  162  0.000000e+00
-15  162  0.000000e+00
-15.3  162  0.000000e+00
-15.7  162  0.000000e+00
-16  162  0.000000e+00
-1.630000e+01  1.620000e+02  0.0
-1.670000e+01  1.620000e+02  0.0
-1.700000e+01  1.620000e+02  0.0
-1.730000e+01  1.620000e+02  0.0
-1.770000e+01  1.620000e+02  0.0
-1.800000e+01  1.620000e+02  0.0
-1.830000e+01  1.620000e+02  0.0
-1.870000e+01  1.620000e+02  0.0
-1.900000e+01  1.620000e+02  0.0
-1.930000e+01  1.620000e+02  0.0
-1.970000e+01  1.620000e+02  0.0
-2.000000e+01  1.620000e+02  0.0
-2.030000e+01  1.620000e+02  0.0
-2.070000e+01  1.620000e+02  0.0
-2.100000e+01  1.620000e+02  0.0
-2.130000e+01  1.620000e+02  0.0
-2.170000e+01  1.620000e+02  0.0
-2.200000e+01  1.620000e+02  0.0
-13.3  199  0.000000e+00
-13.7  199  0.000000e+00
-14  199  0.000000e+00
-14.3  199  0.000000e+00
-14.7  199  0.000000e+00
-15  199  0.000000e+00
-15.3  199  0.000000e+00
-15.7  199  0.000000e+00
-1.600000e+01  1.990000e+02  0.0
-1.630000e+01  1.990000e+02  0.0
-1.670000e+01  1.990000e+02  0.0
-1.700000e+01  1.990000e+02  0.0
-1.730000e+01  1.990000e+02  0.0
-1.770000e+01  1.990000e+02  0.0
-1.800000e+01  1.990000e+02  0.0
-1.830000e+01  1.990000e+02  0.0
-1.870000e+01  1.990000e+02  0.0
-1.900000e+01  1.990000e+02  0.0
-1.930000e+01  1.990000e+02  0.0
-1.970000e+01  1.990000e+02  0.0
-2.000000e+01  1.990000e+02  0.0
-2.030000e+01  1.990000e+02  0.0
-2.070000e+01  1.990000e+02  0.0
-2.100000e+01  1.990000e+02  0.0
-2.130000e+01  1.990000e+02  0.0
-2.170000e+01  1.990000e+02  0.0
-2.200000e+01  1.990000e+02  0.0
-13.3  244  0.000000e+00
-13.7  244  0.000000e+00
-14  244  0.000000e+00
-14.3  244  0.000000e+00
-14.7  244  0.000000e+00
-15  244  0.000000e+00
-15.3  244  0.000000e+00
-15.7  244  0.000000e+00
-1.600000e+01  2.440000e+02  0.0
-1.630000e+01  2.440000e+02  0.0
-1.670000e+01  2.440000e+02  0.0
-1.700000e+01  2.440000e+02  0.0
-1.730000e+01  2.440000e+02  0.0
-1.770000e+01  2.440000e+02  0.0
-1.800000e+01  2.440000e+02  0.0
-1.830000e+01  2.440000e+02  0.0
-1.870000e+01  2.440000e+02  0.0
-1.900000e+01  2.440000e+02  0.0
-1.930000e+01  2.440000e+02  0.0
-1.970000e+01  2.440000e+02  0.0
-2.000000e+01  2.440000e+02  0.0
-2.030000e+01  2.440000e+02  0.0
-2.070000e+01  2.440000e+02  0.0
-2.100000e+01  2.440000e+02  0.0
-2.130000e+01  2.440000e+02  0.0
-2.170000e+01  2.440000e+02  0.0
-2.200000e+01  2.440000e+02  0.0
-13.3  300  0.000000e+00
-13.7  300  0.000000e+00
-14  300  0.000000e+00
-14.3  300  0.000000e+00
-14.7  300  0.000000e+00
-15  300  0.000000e+00
-15.3  300  0.000000e+00
-1.570000e+01  3.000000e+02  0.0
-1.600000e+01  3.000000e+02  0.0
-1.630000e+01  3.000000e+02  0.0
-1.670000e+01  3.000000e+02  0.0
-1.700000e+01  3.000000e+02  0.0
-1.730000e+01  3.000000e+02  0.0
-1.770000e+01  3.000000e+02  0.0
-1.800000e+01  3.000000e+02  0.0
-1.830000e+01  3.000000e+02  0.0
-1.870000e+01  3.000000e+02  0.0
-1.900000e+01  3.000000e+02  0.0
-1.930000e+01  3.000000e+02  0.0
-1.970000e+01  3.000000e+02  0.0
-2.000000e+01  3.000000e+02  0.0
-2.030000e+01  3.000000e+02  0.0
-2.070000e+01  3.000000e+02  0.0
-2.100000e+01  3.000000e+02  0.0
-2.130000e+01  3.000000e+02  0.0
-2.170000e+01  3.000000e+02  0.0
-2.200000e+01  3.000000e+02  0.0
