# Erec [keV] Efficiency   https://arxiv.org/pdf/2107.13438 and https://arxiv.org/pdf/2408.00664
0.0 0.0
1.1600400809568105 0.0
1.8045084315672557 0.023668617015333293
2.7067651058025364 0.09171593325724256
3.9957018070234267 0.22189349613287881
5.155746804883547 0.33579877900340904
6.444683506104438 0.4334319511601364
7.604723587061248 0.5
9.022556908546209 0.5532544164997173
10.569277016488629 0.5976331157262931
12.502682068319956 0.6301775064452021
14.822772064040207 0.6582839820971063
17.40064546648198 0.6834319229449194
20.365198895909362 0.7041420051561617
23.716432352322343 0.7248520027217527
27.841035696513156 0.7455621131482121
32.610097557507785 0.7618342520772325
38.53920441636255 0.775147912632596
44.46831127521731 0.7840236016905204
50.91299478132174 0.7899408123747879
58.77551652581445 0.7943786992265758
66.25134349261162 0.7973372622458839
73.46938705268728 0.8002958534804091
78.75403539473821 0.7973372622458839
82.10526885115118 0.7914200515616164
84.9409256603145 0.7781065038671212
87.26101565603474 0.7588757172731415
89.0655290045053 0.7411242545116414
90.87003251916926 0.7130177224293033
92.80343757100059 0.6760354730738234
94.73684262283192 0.6316567738472476
96.4124642679417 0.5843194833861465
98.73255426366195 0.5133135759097122
101.43931936946451 0.42751476869108584
104.27497617862781 0.33284018776888386
107.6262194688474 0.2337277482101111
110.9774430914538 0.15088753222601026
113.94200143778444 0.0976331157262929
116.00430802678318 0.06804731624190906
117.93771307861451 0.04881650143271221
121.16005483166673 0.026627151819424332
124.12461317799742 0.013313519479278037
127.47583680060377 0.004437802206136452
131.9871152548769 0.0014793802629138844
140.0 0.0