# Erec [keV] Efficiency   https://arxiv.org/pdf/2502.18005
0.0 0.0
1.5189866490428705 0.0
2.5316454881226904 0.010084007645165864
3.2067503077913346 0.04537822674091785
4.388186156576737 0.16806722150314635
5.3164548812269095 0.3310924391837099
6.4978907300123145 0.48403364921910746
7.257385664110603 0.5495798271378003
8.35443139846636 0.631932791319365
9.789031152233294 0.6890756722754576
11.308017801276167 0.7210084058935213
12.995781460024626 0.7361344814738272
15.696200738699202 0.747899199801559
20.000003219153704 0.7563025608767162
24.810127071263853 0.7613445646992991
29.029536218135004 0.7647059219518736
33.41771915555803 0.766386568521882
38.22784944597559 0.7680672150918909
41.26582274406134 0.7680672150918909
44.556963166282316 0.7579832074467248
47.08860865440502 0.7428571318664189
48.52320518901824 0.7277311203986698
49.78902793307958 0.6991596799206234
51.13923757241687 0.6655462356199943
52.1518996306504 0.631932791319365
53.333335479435796 0.5899159859435784
54.34599109936191 0.5394958194926344
55.78058763397513 0.4722689308913757
57.13080371161984 0.3915966773923769
58.565400246233054 0.3176470742859695
59.99999678084628 0.2487395391147024
61.60337354431881 0.1815126505134438
63.291137203067265 0.1193277016222113
65.4852351100862 0.06554624203124981
67.93248726462552 0.0336134443006293
70.54852608633158 0.011764782440288552
73.5021124891414 0.005042067935140006
80 0.0016806465700087783