# Erec [keV] Efficiency   https://arxiv.org/pdf/2601.11296
0.6207216108198782 0.01
0.7497687185525692 0.01985950107058935
0.8871414819967471 0.03203637613450322
1.0286771526960066 0.04609533024188638
1.1868639760195652 0.061669117512115595
1.374190514933992 0.07914432449527795
1.374190514933992 0.07914432449527795
1.5615170538484189 0.09444288562722802
1.7821462156087946 0.10810852938450859
1.9736355029796282 0.1187113061338796
2.173450604860623 0.12635139788273864
2.389916700567243 0.1290058578565307
2.6105458623276188 0.1290058578565307
2.8103606466112643 0.1290058578565307
3.035152556828047 0.12635139788273864
3.259944467044829 0.1212052588391865
3.4847363772616116 0.11506628704907468
3.730342029760424 0.10923825040320267
3.9509715091181494 0.1005211360213245
4.129971915925065 0.09444288562722802
4.3381125147188735 0.08781455488984552
4.546253113512681 0.07914432449527795
4.754393712306488 0.07133013550739035
4.920906191341534 0.06563805468590404
5 0.06495926428261589