# log10(y)    mass[MeV]    Nhits
-13.3  5  1.014356e-04
-13.7  5  8.009756e-04
-14  5  7.112517e-03
-14.3  5  4.703537e-02
-14.7  5  1.760478e-01
-15  5  5.030183e-01
-15.3  5  1.131912e+00
-15.7  5  1.546490e+00
-16  5  1.665215e+00
-16.3  5  2.161580e+00
-16.7  5  1.335092e+00
-17  5  1.393907e+00
-17.3  5  1.178436e+00
-17.7  5  1.072726e+00
-18  5  8.919461e-01
-18.3  5  6.658776e-01
-18.7  5  4.043061e-01
-19  5  2.742557e-01
-19.3  5  1.790571e-01
-19.7  5  8.532694e-02
-20  5  5.499382e-02
-20.3  5  3.622614e-02
-20.7  5  1.954549e-02
-21  5  1.160964e-02
-21.3  5  4.391925e-03
-21.7  5  7.979215e-04
-2.200000e+01  5.000000e+00  0.0
-13.3  6  8.418537e-04
-13.7  6  5.328040e-03
-14  6  1.686795e-02
-14.3  6  9.650718e-02
-14.7  6  3.121443e-01
-15  6  6.492062e-01
-15.3  6  1.379243e+00
-15.7  6  1.317117e+00
-16  6  1.488658e+00
-16.3  6  1.297977e+00
-16.7  6  9.913876e-01
-17  6  8.970037e-01
-17.3  6  1.100330e+00
-17.7  6  8.403778e-01
-18  6  6.850896e-01
-18.3  6  4.500792e-01
-18.7  6  2.567561e-01
-19  6  1.693120e-01
-19.3  6  1.026776e-01
-19.7  6  4.531100e-02
-20  6  2.993683e-02
-20.3  6  2.191573e-02
-20.7  6  1.019079e-02
-21  6  3.503495e-03
-21.3  6  8.018802e-04
-2.170000e+01  6.000000e+00  0.0
-2.200000e+01  6.000000e+00  0.0
-13.3  8  1.380162e-02
-13.7  8  3.776557e-02
-14  8  9.262848e-02
-14.3  8  2.787876e-01
-14.7  8  4.642752e-01
-15  8  1.023524e+00
-15.3  8  1.255763e+00
-15.7  8  1.122555e+00
-16  8  9.658242e-01
-16.3  8  7.853685e-01
-16.7  8  5.368637e-01
-17  8  5.272256e-01
-17.3  8  4.861228e-01
-17.7  8  3.911705e-01
-18  8  2.763155e-01
-18.3  8  2.015341e-01
-18.7  8  1.038016e-01
-19  8  6.436747e-02
-19.3  8  3.755332e-02
-19.7  8  1.760251e-02
-20  8  1.345569e-02
-20.3  8  7.751769e-03
-20.7  8  2.031032e-03
-21  8  4.144348e-04
-2.130000e+01  8.000000e+00  0.0
-2.170000e+01  8.000000e+00  0.0
-2.200000e+01  8.000000e+00  0.0
-13.3  9  1.490233e-02
-13.7  9  5.442157e-02
-14  9  1.642924e-01
-14.3  9  4.666530e-01
-14.7  9  6.435378e-01
-15  9  1.122503e+00
-15.3  9  1.583502e+00
-15.7  9  1.129426e+00
-16  9  8.315965e-01
-16.3  9  6.882317e-01
-16.7  9  4.951999e-01
-17  9  5.398212e-01
-17.3  9  4.515428e-01
-17.7  9  3.057899e-01
-18  9  2.331326e-01
-18.3  9  1.596923e-01
-18.7  9  8.004029e-02
-19  9  4.864485e-02
-19.3  9  3.095957e-02
-19.7  9  1.795969e-02
-20  9  9.883929e-03
-20.3  9  3.271380e-03
-20.7  9  5.584900e-04
-2.100000e+01  9.000000e+00  0.0
-2.130000e+01  9.000000e+00  0.0
-2.170000e+01  9.000000e+00  0.0
-2.200000e+01  9.000000e+00  0.0
-13.3  11  3.095330e-02
-13.7  11  8.886213e-02
-14  11  2.476140e-01
-14.3  11  4.526244e-01
-14.7  11  7.934395e-01
-15  11  1.508740e+00
-15.3  11  1.654864e+00
-15.7  11  9.372141e-01
-16  11  7.349931e-01
-16.3  11  6.382838e-01
-16.7  11  3.566148e-01
-17  11  3.680865e-01
-17.3  11  2.697806e-01
-17.7  11  1.784609e-01
-18  11  1.276335e-01
-18.3  11  8.461726e-02
-18.7  11  4.772547e-02
-19  11  3.167592e-02
-19.3  11  2.021154e-02
-19.7  11  9.647206e-03
-20  11  3.026957e-03
-20.3  11  7.071178e-04
-2.070000e+01  1.100000e+01  0.0
-2.100000e+01  1.100000e+01  0.0
-2.130000e+01  1.100000e+01  0.0
-2.170000e+01  1.100000e+01  0.0
-2.200000e+01  1.100000e+01  0.0
-13.3  14  4.168416e-02
-13.7  14  1.000015e-01
-14  14  1.776074e-01
-14.3  14  3.961720e-01
-14.7  14  9.891767e-01
-15  14  1.184867e+00
-15.3  14  1.293669e+00
-15.7  14  6.540251e-01
-16  14  7.114767e-01
-16.3  14  4.891300e-01
-16.7  14  3.647974e-01
-17  14  2.270490e-01
-17.3  14  1.830399e-01
-17.7  14  9.114625e-02
-18  14  5.740832e-02
-18.3  14  3.994058e-02
-18.7  14  2.013919e-02
-19  14  1.415113e-02
-19.3  14  7.991372e-03
-19.7  14  2.112951e-03
-20  14  4.821909e-04
-2.030000e+01  1.400000e+01  0.0
-2.070000e+01  1.400000e+01  0.0
-2.100000e+01  1.400000e+01  0.0
-2.130000e+01  1.400000e+01  0.0
-2.170000e+01  1.400000e+01  0.0
-2.200000e+01  1.400000e+01  0.0
-13.3  17  3.180780e-02
-13.7  17  7.980277e-02
-14  17  2.369916e-01
-14.3  17  4.124944e-01
-14.7  17  5.437102e-01
-15  17  8.996047e-01
-15.3  17  1.072136e+00
-15.7  17  6.249037e-01
-16  17  4.737807e-01
-16.3  17  4.614642e-01
-16.7  17  2.621648e-01
-17  17  1.748438e-01
-17.3  17  1.110634e-01
-17.7  17  5.394625e-02
-18  17  3.208993e-02
-18.3  17  1.996776e-02
-18.7  17  1.169868e-02
-19  17  7.019235e-03
-19.3  17  2.082359e-03
-19.7  17  3.851395e-04
-2.000000e+01  1.700000e+01  0.0
-2.030000e+01  1.700000e+01  0.0
-2.070000e+01  1.700000e+01  0.0
-2.100000e+01  1.700000e+01  0.0
-2.130000e+01  1.700000e+01  0.0
-2.170000e+01  1.700000e+01  0.0
-2.200000e+01  1.700000e+01  0.0
-13.3  21  3.285628e-02
-13.7  21  6.189490e-02
-14  21  1.327261e-01
-14.3  21  2.408631e-01
-14.7  21  2.187128e-01
-15  21  6.798291e-01
-15.3  21  7.556785e-01
-15.7  21  4.864944e-01
-16  21  4.352279e-01
-16.3  21  2.646587e-01
-16.7  21  1.685259e-01
-17  21  1.067274e-01
-17.3  21  5.965805e-02
-17.7  21  2.723649e-02
-18  21  1.641961e-02
-18.3  21  1.198384e-02
-18.7  21  5.617333e-03
-19  21  1.671440e-03
-19.3  21  3.365318e-04
-1.970000e+01  2.100000e+01  0.0
-2.000000e+01  2.100000e+01  0.0
-2.030000e+01  2.100000e+01  0.0
-2.070000e+01  2.100000e+01  0.0
-2.100000e+01  2.100000e+01  0.0
-2.130000e+01  2.100000e+01  0.0
-2.170000e+01  2.100000e+01  0.0
-2.200000e+01  2.100000e+01  0.0
-13.3  26  1.985472e-02
-13.7  26  3.315537e-02
-14  26  7.502092e-02
-14.3  26  2.829144e-01
-14.7  26  2.978542e-01
-15  26  3.483045e-01
-15.3  26  4.846150e-01
-15.7  26  3.253443e-01
-16  26  2.853713e-01
-16.3  26  1.909639e-01
-16.7  26  1.077092e-01
-17  26  6.640168e-02
-17.3  26  3.451608e-02
-17.7  26  1.642904e-02
-18  26  1.230494e-02
-18.3  26  6.806871e-03
-18.7  26  1.772368e-03
-19  26  3.517835e-04
-1.930000e+01  2.600000e+01  0.0
-1.970000e+01  2.600000e+01  0.0
-2.000000e+01  2.600000e+01  0.0
-2.030000e+01  2.600000e+01  0.0
-2.070000e+01  2.600000e+01  0.0
-2.100000e+01  2.600000e+01  0.0
-2.130000e+01  2.600000e+01  0.0
-2.170000e+01  2.600000e+01  0.0
-2.200000e+01  2.600000e+01  0.0
-13.3  32  1.118005e-02
-13.7  32  1.100223e-02
-14  32  8.106854e-02
-14.3  32  8.473304e-02
-14.7  32  1.990802e-01
-15  32  1.658512e-01
-15.3  32  2.965793e-01
-15.7  32  1.769788e-01
-16  32  1.657756e-01
-16.3  32  1.217612e-01
-16.7  32  5.924339e-02
-17  32  3.695541e-02
-17.3  32  2.367844e-02
-17.7  32  1.205179e-02
-18  32  7.021878e-03
-18.3  32  2.313953e-03
-18.7  32  3.708346e-04
-1.900000e+01  3.200000e+01  0.0
-1.930000e+01  3.200000e+01  0.0
-1.970000e+01  3.200000e+01  0.0
-2.000000e+01  3.200000e+01  0.0
-2.030000e+01  3.200000e+01  0.0
-2.070000e+01  3.200000e+01  0.0
-2.100000e+01  3.200000e+01  0.0
-2.130000e+01  3.200000e+01  0.0
-2.170000e+01  3.200000e+01  0.0
-2.200000e+01  3.200000e+01  0.0
-13.3  39  3.839568e-03
-13.7  39  2.148406e-02
-14  39  4.469951e-02
-14.3  39  6.167075e-02
-14.7  39  8.333513e-02
-15  39  9.653933e-02
-15.3  39  1.472800e-01
-15.7  39  9.786121e-02
-16  39  8.359726e-02
-16.3  39  5.508723e-02
-16.7  39  2.902874e-02
-17  39  1.851274e-02
-17.3  39  1.315583e-02
-17.7  39  6.432176e-03
-18  39  1.954543e-03
-1.830000e+01  3.900000e+01  0.0
-1.870000e+01  3.900000e+01  0.0
-1.900000e+01  3.900000e+01  0.0
-1.930000e+01  3.900000e+01  0.0
-1.970000e+01  3.900000e+01  0.0
-2.000000e+01  3.900000e+01  0.0
-2.030000e+01  3.900000e+01  0.0
-2.070000e+01  3.900000e+01  0.0
-2.100000e+01  3.900000e+01  0.0
-2.130000e+01  3.900000e+01  0.0
-2.170000e+01  3.900000e+01  0.0
-2.200000e+01  3.900000e+01  0.0
-13.3  48  3.433267e-03
-13.7  48  5.216755e-03
-14  48  1.198632e-02
-14.3  48  6.188786e-02
-14.7  48  2.480682e-02
-15  48  6.489717e-02
-15.3  48  5.421673e-02
-15.7  48  5.112480e-02
-16  48  3.885071e-02
-16.3  48  2.888695e-02
-16.7  48  1.531078e-02
-17  48  1.084660e-02
-17.3  48  7.069116e-03
-17.7  48  1.976830e-03
-1.800000e+01  4.800000e+01  0.0
-1.830000e+01  4.800000e+01  0.0
-1.870000e+01  4.800000e+01  0.0
-1.900000e+01  4.800000e+01  0.0
-1.930000e+01  4.800000e+01  0.0
-1.970000e+01  4.800000e+01  0.0
-2.000000e+01  4.800000e+01  0.0
-2.030000e+01  4.800000e+01  0.0
-2.070000e+01  4.800000e+01  0.0
-2.100000e+01  4.800000e+01  0.0
-2.130000e+01  4.800000e+01  0.0
-2.170000e+01  4.800000e+01  0.0
-2.200000e+01  4.800000e+01  0.0
-13.3  58  9.921513e-04
-13.7  58  3.162715e-03
-14  58  1.048122e-02
-14.3  58  1.665712e-02
-14.7  58  1.350707e-02
-15  58  2.024877e-02
-15.3  58  3.253623e-02
-15.7  58  2.559739e-02
-16  58  1.972296e-02
-16.3  58  1.435315e-02
-16.7  58  8.964586e-03
-17  58  6.099475e-03
-17.3  58  2.457111e-03
-1.770000e+01  5.800000e+01  0.0
-1.800000e+01  5.800000e+01  0.0
-1.830000e+01  5.800000e+01  0.0
-1.870000e+01  5.800000e+01  0.0
-1.900000e+01  5.800000e+01  0.0
-1.930000e+01  5.800000e+01  0.0
-1.970000e+01  5.800000e+01  0.0
-2.000000e+01  5.800000e+01  0.0
-2.030000e+01  5.800000e+01  0.0
-2.070000e+01  5.800000e+01  0.0
-2.100000e+01  5.800000e+01  0.0
-2.130000e+01  5.800000e+01  0.0
-2.170000e+01  5.800000e+01  0.0
-2.200000e+01  5.800000e+01  0.0
-13.3  88  2.093826e-04
-13.7  88  2.856311e-04
-14  88  4.576819e-04
-14.3  88  1.144500e-03
-14.7  88  1.541603e-03
-15  88  1.898447e-03
-15.3  88  2.146864e-03
-15.7  88  1.365276e-03
-16  88  1.400322e-03
-16.3  88  1.246014e-03
-16.7  88  5.666100e-04
-17  88  1.524478e-04
-1.730000e+01  8.800000e+01  0.0
-1.770000e+01  8.800000e+01  0.0
-1.800000e+01  8.800000e+01  0.0
-1.830000e+01  8.800000e+01  0.0
-1.870000e+01  8.800000e+01  0.0
-1.900000e+01  8.800000e+01  0.0
-1.930000e+01  8.800000e+01  0.0
-1.970000e+01  8.800000e+01  0.0
-2.000000e+01  8.800000e+01  0.0
-2.030000e+01  8.800000e+01  0.0
-2.070000e+01  8.800000e+01  0.0
-2.100000e+01  8.800000e+01  0.0
-2.130000e+01  8.800000e+01  0.0
-2.170000e+01  8.800000e+01  0.0
-2.200000e+01  8.800000e+01  0.0
-13.3  108  0.000000e+00
-13.7  108  0.000000e+00
-14  108  0.000000e+00
-14.3  108  0.000000e+00
-14.7  108  0.000000e+00
-15  108  0.000000e+00
-15.3  108  0.000000e+00
-15.7  108  0.000000e+00
-16  108  0.000000e+00
-16.3  108  0.000000e+00
-16.7  108  0.000000e+00
-1.700000e+01  1.080000e+02  0.0
-1.730000e+01  1.080000e+02  0.0
-1.770000e+01  1.080000e+02  0.0
-1.800000e+01  1.080000e+02  0.0
-1.830000e+01  1.080000e+02  0.0
-1.870000e+01  1.080000e+02  0.0
-1.900000e+01  1.080000e+02  0.0
-1.930000e+01  1.080000e+02  0.0
-1.970000e+01  1.080000e+02  0.0
-2.000000e+01  1.080000e+02  0.0
-2.030000e+01  1.080000e+02  0.0
-2.070000e+01  1.080000e+02  0.0
-2.100000e+01  1.080000e+02  0.0
-2.130000e+01  1.080000e+02  0.0
-2.170000e+01  1.080000e+02  0.0
-2.200000e+01  1.080000e+02  0.0
-13.3  132  0.000000e+00
-13.7  132  0.000000e+00
-14  132  0.000000e+00
-14.3  132  0.000000e+00
-14.7  132  0.000000e+00
-15  132  0.000000e+00
-15.3  132  0.000000e+00
-15.7  132  0.000000e+00
-16  132  0.000000e+00
-16.3  132  0.000000e+00
-1.670000e+01  1.320000e+02  0.0
-1.700000e+01  1.320000e+02  0.0
-1.730000e+01  1.320000e+02  0.0
-1.770000e+01  1.320000e+02  0.0
-1.800000e+01  1.320000e+02  0.0
-1.830000e+01  1.320000e+02  0.0
-1.870000e+01  1.320000e+02  0.0
-1.900000e+01  1.320000e+02  0.0
-1.930000e+01  1.320000e+02  0.0
-1.970000e+01  1.320000e+02  0.0
-2.000000e+01  1.320000e+02  0.0
-2.030000e+01  1.320000e+02  0.0
-2.070000e+01  1.320000e+02  0.0
-2.100000e+01  1.320000e+02  0.0
-2.130000e+01  1.320000e+02  0.0
-2.170000e+01  1.320000e+02  0.0
-2.200000e+01  1.320000e+02  0.0
-13.3  162  0.000000e+00
-13.7  162  0.000000e+00
-14  162  0.000000e+00
-14.3  162  0.000000e+00
-14.7  162  0.000000e+00
-15  162  0.000000e+00
-15.3  162  0.000000e+00
-15.7  162  0.000000e+00
-16  162  0.000000e+00
-1.630000e+01  1.620000e+02  0.0
-1.670000e+01  1.620000e+02  0.0
-1.700000e+01  1.620000e+02  0.0
-1.730000e+01  1.620000e+02  0.0
-1.770000e+01  1.620000e+02  0.0
-1.800000e+01  1.620000e+02  0.0
-1.830000e+01  1.620000e+02  0.0
-1.870000e+01  1.620000e+02  0.0
-1.900000e+01  1.620000e+02  0.0
-1.930000e+01  1.620000e+02  0.0
-1.970000e+01  1.620000e+02  0.0
-2.000000e+01  1.620000e+02  0.0
-2.030000e+01  1.620000e+02  0.0
-2.070000e+01  1.620000e+02  0.0
-2.100000e+01  1.620000e+02  0.0
-2.130000e+01  1.620000e+02  0.0
-2.170000e+01  1.620000e+02  0.0
-2.200000e+01  1.620000e+02  0.0
-13.3  199  0.000000e+00
-13.7  199  0.000000e+00
-14  199  0.000000e+00
-14.3  199  0.000000e+00
-14.7  199  0.000000e+00
-15  199  0.000000e+00
-15.3  199  0.000000e+00
-15.7  199  0.000000e+00
-1.600000e+01  1.990000e+02  0.0
-1.630000e+01  1.990000e+02  0.0
-1.670000e+01  1.990000e+02  0.0
-1.700000e+01  1.990000e+02  0.0
-1.730000e+01  1.990000e+02  0.0
-1.770000e+01  1.990000e+02  0.0
-1.800000e+01  1.990000e+02  0.0
-1.830000e+01  1.990000e+02  0.0
-1.870000e+01  1.990000e+02  0.0
-1.900000e+01  1.990000e+02  0.0
-1.930000e+01  1.990000e+02  0.0
-1.970000e+01  1.990000e+02  0.0
-2.000000e+01  1.990000e+02  0.0
-2.030000e+01  1.990000e+02  0.0
-2.070000e+01  1.990000e+02  0.0
-2.100000e+01  1.990000e+02  0.0
-2.130000e+01  1.990000e+02  0.0
-2.170000e+01  1.990000e+02  0.0
-2.200000e+01  1.990000e+02  0.0
-13.3  244  0.000000e+00
-13.7  244  0.000000e+00
-14  244  0.000000e+00
-14.3  244  0.000000e+00
-14.7  244  0.000000e+00
-15  244  0.000000e+00
-15.3  244  0.000000e+00
-15.7  244  0.000000e+00
-1.600000e+01  2.440000e+02  0.0
-1.630000e+01  2.440000e+02  0.0
-1.670000e+01  2.440000e+02  0.0
-1.700000e+01  2.440000e+02  0.0
-1.730000e+01  2.440000e+02  0.0
-1.770000e+01  2.440000e+02  0.0
-1.800000e+01  2.440000e+02  0.0
-1.830000e+01  2.440000e+02  0.0
-1.870000e+01  2.440000e+02  0.0
-1.900000e+01  2.440000e+02  0.0
-1.930000e+01  2.440000e+02  0.0
-1.970000e+01  2.440000e+02  0.0
-2.000000e+01  2.440000e+02  0.0
-2.030000e+01  2.440000e+02  0.0
-2.070000e+01  2.440000e+02  0.0
-2.100000e+01  2.440000e+02  0.0
-2.130000e+01  2.440000e+02  0.0
-2.170000e+01  2.440000e+02  0.0
-2.200000e+01  2.440000e+02  0.0
-13.3  300  0.000000e+00
-13.7  300  0.000000e+00
-14  300  0.000000e+00
-14.3  300  0.000000e+00
-14.7  300  0.000000e+00
-15  300  0.000000e+00
-15.3  300  0.000000e+00
-1.570000e+01  3.000000e+02  0.0
-1.600000e+01  3.000000e+02  0.0
-1.630000e+01  3.000000e+02  0.0
-1.670000e+01  3.000000e+02  0.0
-1.700000e+01  3.000000e+02  0.0
-1.730000e+01  3.000000e+02  0.0
-1.770000e+01  3.000000e+02  0.0
-1.800000e+01  3.000000e+02  0.0
-1.830000e+01  3.000000e+02  0.0
-1.870000e+01  3.000000e+02  0.0
-1.900000e+01  3.000000e+02  0.0
-1.930000e+01  3.000000e+02  0.0
-1.970000e+01  3.000000e+02  0.0
-2.000000e+01  3.000000e+02  0.0
-2.030000e+01  3.000000e+02  0.0
-2.070000e+01  3.000000e+02  0.0
-2.100000e+01  3.000000e+02  0.0
-2.130000e+01  3.000000e+02  0.0
-2.170000e+01  3.000000e+02  0.0
-2.200000e+01  3.000000e+02  0.0
