# log10(y)    mass[MeV]    Nhits
-13.3  5  2.769894e-04
-13.7  5  1.756563e-03
-14  5  1.336894e-02
-14.3  5  8.194486e-02
-14.7  5  3.011465e-01
-15  5  8.650176e-01
-15.3  5  1.941444e+00
-15.7  5  2.597667e+00
-16  5  2.697421e+00
-16.3  5  3.322252e+00
-16.7  5  1.902356e+00
-17  5  1.826175e+00
-17.3  5  1.474438e+00
-17.7  5  1.183947e+00
-18  5  9.309914e-01
-18.3  5  6.715731e-01
-18.7  5  3.953176e-01
-19  5  2.576034e-01
-19.3  5  1.599969e-01
-19.7  5  7.103750e-02
-20  5  4.168518e-02
-20.3  5  2.386974e-02
-20.7  5  1.175097e-02
-21  5  6.616369e-03
-21.3  5  2.252979e-03
-21.7  5  3.490805e-04
-2.200000e+01  5.000000e+00  0.0
-13.3  6  8.094902e-04
-13.7  6  6.035648e-03
-14  6  2.204113e-02
-14.3  6  1.405335e-01
-14.7  6  4.881412e-01
-15  6  1.063959e+00
-15.3  6  2.314758e+00
-15.7  6  2.211310e+00
-16  6  2.451943e+00
-16.3  6  2.056530e+00
-16.7  6  1.482599e+00
-17  6  1.295788e+00
-17.3  6  1.386777e+00
-17.7  6  9.750612e-01
-18  6  7.506447e-01
-18.3  6  4.723346e-01
-18.7  6  2.605870e-01
-19  6  1.673281e-01
-19.3  6  9.835469e-02
-19.7  6  4.127580e-02
-20  6  2.578977e-02
-20.3  6  1.802107e-02
-20.7  6  8.112972e-03
-21  6  2.626538e-03
-21.3  6  5.449664e-04
-2.170000e+01  6.000000e+00  0.0
-2.200000e+01  6.000000e+00  0.0
-13.3  8  5.750783e-03
-13.7  8  1.795135e-02
-14  8  5.408159e-02
-14.3  8  2.048273e-01
-14.7  8  4.225737e-01
-15  8  1.111064e+00
-15.3  8  1.569814e+00
-15.7  8  1.548026e+00
-16  8  1.414383e+00
-16.3  8  1.180751e+00
-16.7  8  8.090163e-01
-17  8  7.710020e-01
-17.3  8  6.656591e-01
-17.7  8  5.019879e-01
-18  8  3.320056e-01
-18.3  8  2.290527e-01
-18.7  8  1.140823e-01
-19  8  6.932301e-02
-19.3  8  4.013711e-02
-19.7  8  1.891923e-02
-20  8  1.459393e-02
-20.3  8  8.471332e-03
-20.7  8  2.256924e-03
-21  8  4.734843e-04
-2.130000e+01  8.000000e+00  0.0
-2.170000e+01  8.000000e+00  0.0
-2.200000e+01  8.000000e+00  0.0
-13.3  9  6.872536e-03
-13.7  9  2.754470e-02
-14  9  9.692234e-02
-14.3  9  3.307610e-01
-14.7  9  5.462854e-01
-15  9  1.123594e+00
-15.3  9  1.819975e+00
-15.7  9  1.442690e+00
-16  9  1.137376e+00
-16.3  9  9.620035e-01
-16.7  9  7.125493e-01
-17  9  7.577571e-01
-17.3  9  6.062920e-01
-17.7  9  3.872747e-01
-18  9  2.779342e-01
-18.3  9  1.822170e-01
-18.7  9  8.835810e-02
-19  9  5.247107e-02
-19.3  9  3.320148e-02
-19.7  9  1.931253e-02
-20  9  1.067241e-02
-20.3  9  3.569771e-03
-20.7  9  6.240579e-04
-2.100000e+01  9.000000e+00  0.0
-2.130000e+01  9.000000e+00  0.0
-2.170000e+01  9.000000e+00  0.0
-2.200000e+01  9.000000e+00  0.0
-13.3  11  1.466853e-02
-13.7  11  4.095690e-02
-14  11  1.215658e-01
-14.3  11  2.496030e-01
-14.7  11  5.058307e-01
-15  11  1.119824e+00
-15.3  11  1.421093e+00
-15.7  11  9.183217e-01
-16  11  7.614101e-01
-16.3  11  7.499282e-01
-16.7  11  4.496245e-01
-17  11  4.767746e-01
-17.3  11  3.471096e-01
-17.7  11  2.238845e-01
-18  11  1.527065e-01
-18.3  11  9.663434e-02
-18.7  11  5.152978e-02
-19  11  3.277560e-02
-19.3  11  2.033839e-02
-19.7  11  9.564299e-03
-20  11  2.933373e-03
-20.3  11  6.641245e-04
-2.070000e+01  1.100000e+01  0.0
-2.100000e+01  1.100000e+01  0.0
-2.130000e+01  1.100000e+01  0.0
-2.170000e+01  1.100000e+01  0.0
-2.200000e+01  1.100000e+01  0.0
-13.3  14  2.655422e-02
-13.7  14  5.695890e-02
-14  14  9.751533e-02
-14.3  14  2.229563e-01
-14.7  14  5.955393e-01
-15  14  7.834360e-01
-15.3  14  9.528545e-01
-15.7  14  5.100501e-01
-16  14  6.321924e-01
-16.3  14  4.936943e-01
-16.7  14  3.966362e-01
-17  14  2.619496e-01
-17.3  14  2.193721e-01
-17.7  14  1.106942e-01
-18  14  6.920168e-02
-18.3  14  4.691572e-02
-18.7  14  2.296600e-02
-19  14  1.576180e-02
-19.3  14  8.777131e-03
-19.7  14  2.265591e-03
-20  14  5.016017e-04
-2.030000e+01  1.400000e+01  0.0
-2.070000e+01  1.400000e+01  0.0
-2.100000e+01  1.400000e+01  0.0
-2.130000e+01  1.400000e+01  0.0
-2.170000e+01  1.400000e+01  0.0
-2.200000e+01  1.400000e+01  0.0
-13.3  17  2.227687e-02
-13.7  17  5.061433e-02
-14  17  1.419065e-01
-14.3  17  2.450091e-01
-14.7  17  3.333409e-01
-15  17  5.859298e-01
-15.3  17  7.296266e-01
-15.7  17  4.652772e-01
-16  17  3.958908e-01
-16.3  17  4.238465e-01
-16.7  17  2.604287e-01
-17  17  1.862542e-01
-17.3  17  1.250675e-01
-17.7  17  6.266174e-02
-18  17  3.787889e-02
-18.3  17  2.347153e-02
-18.7  17  1.357964e-02
-19  17  8.056016e-03
-19.3  17  2.332089e-03
-19.7  17  4.134308e-04
-2.000000e+01  1.700000e+01  0.0
-2.030000e+01  1.700000e+01  0.0
-2.070000e+01  1.700000e+01  0.0
-2.100000e+01  1.700000e+01  0.0
-2.130000e+01  1.700000e+01  0.0
-2.170000e+01  1.700000e+01  0.0
-2.200000e+01  1.700000e+01  0.0
-13.3  21  2.449681e-02
-13.7  21  4.266576e-02
-14  21  8.649967e-02
-14.3  21  1.534758e-01
-14.7  21  1.406104e-01
-15  21  4.462286e-01
-15.3  21  5.174047e-01
-15.7  21  3.587027e-01
-16  21  3.454565e-01
-16.3  21  2.282652e-01
-16.7  21  1.546056e-01
-17  21  1.053861e-01
-17.3  21  6.314210e-02
-17.7  21  3.040223e-02
-18  21  1.939950e-02
-18.3  21  1.459129e-02
-18.7  21  6.936743e-03
-19  21  2.115265e-03
-19.3  21  4.409864e-04
-1.970000e+01  2.100000e+01  0.0
-2.000000e+01  2.100000e+01  0.0
-2.030000e+01  2.100000e+01  0.0
-2.070000e+01  2.100000e+01  0.0
-2.100000e+01  2.100000e+01  0.0
-2.130000e+01  2.100000e+01  0.0
-2.170000e+01  2.100000e+01  0.0
-2.200000e+01  2.100000e+01  0.0
-13.3  26  1.620458e-02
-13.7  26  2.500991e-02
-14  26  5.312760e-02
-14.3  26  1.931823e-01
-14.7  26  2.015932e-01
-15  26  2.359382e-01
-15.3  26  3.371428e-01
-15.7  26  2.355779e-01
-16  26  2.184796e-01
-16.3  26  1.548531e-01
-16.7  26  9.300064e-02
-17  26  6.044579e-02
-17.3  26  3.338133e-02
-17.7  26  1.676428e-02
-18  26  1.288922e-02
-18.3  26  7.225808e-03
-18.7  26  1.916382e-03
-19  26  3.899895e-04
-1.930000e+01  2.600000e+01  0.0
-1.970000e+01  2.600000e+01  0.0
-2.000000e+01  2.600000e+01  0.0
-2.030000e+01  2.600000e+01  0.0
-2.070000e+01  2.600000e+01  0.0
-2.100000e+01  2.600000e+01  0.0
-2.130000e+01  2.600000e+01  0.0
-2.170000e+01  2.600000e+01  0.0
-2.200000e+01  2.600000e+01  0.0
-13.3  32  9.653446e-03
-13.7  32  8.853992e-03
-14  32  6.142978e-02
-14.3  32  6.198291e-02
-14.7  32  1.432443e-01
-15  32  1.170893e-01
-15.3  32  2.118749e-01
-15.7  32  1.294264e-01
-16  32  1.255973e-01
-16.3  32  9.660600e-02
-16.7  32  4.963807e-02
-17  32  3.287838e-02
-17.3  32  2.217777e-02
-17.7  32  1.180326e-02
-18  32  7.002513e-03
-18.3  32  2.382912e-03
-18.7  32  4.002638e-04
-1.900000e+01  3.200000e+01  0.0
-1.930000e+01  3.200000e+01  0.0
-1.970000e+01  3.200000e+01  0.0
-2.000000e+01  3.200000e+01  0.0
-2.030000e+01  3.200000e+01  0.0
-2.070000e+01  3.200000e+01  0.0
-2.100000e+01  3.200000e+01  0.0
-2.130000e+01  3.200000e+01  0.0
-2.170000e+01  3.200000e+01  0.0
-2.200000e+01  3.200000e+01  0.0
-13.3  39  3.275245e-03
-13.7  39  1.720800e-02
-14  39  3.498935e-02
-14.3  39  4.563721e-02
-14.7  39  6.032115e-02
-15  39  6.966037e-02
-15.3  39  1.075430e-01
-15.7  39  7.298561e-02
-16  39  6.422987e-02
-16.3  39  4.389859e-02
-16.7  39  2.393169e-02
-17  39  1.584459e-02
-17.3  39  1.141539e-02
-17.7  39  5.712388e-03
-18  39  1.803187e-03
-1.830000e+01  3.900000e+01  0.0
-1.870000e+01  3.900000e+01  0.0
-1.900000e+01  3.900000e+01  0.0
-1.930000e+01  3.900000e+01  0.0
-1.970000e+01  3.900000e+01  0.0
-2.000000e+01  3.900000e+01  0.0
-2.030000e+01  3.900000e+01  0.0
-2.070000e+01  3.900000e+01  0.0
-2.100000e+01  3.900000e+01  0.0
-2.130000e+01  3.900000e+01  0.0
-2.170000e+01  3.900000e+01  0.0
-2.200000e+01  3.900000e+01  0.0
-13.3  48  3.011007e-03
-13.7  48  4.415393e-03
-14  48  9.574639e-03
-14.3  48  4.673788e-02
-14.7  48  1.827233e-02
-15  48  4.724255e-02
-15.3  48  3.946920e-02
-15.7  48  3.752344e-02
-16  48  2.893867e-02
-16.3  48  2.194481e-02
-16.7  48  1.186551e-02
-17  48  8.468103e-03
-17.3  48  5.596461e-03
-17.7  48  1.599253e-03
-1.800000e+01  4.800000e+01  0.0
-1.830000e+01  4.800000e+01  0.0
-1.870000e+01  4.800000e+01  0.0
-1.900000e+01  4.800000e+01  0.0
-1.930000e+01  4.800000e+01  0.0
-1.970000e+01  4.800000e+01  0.0
-2.000000e+01  4.800000e+01  0.0
-2.030000e+01  4.800000e+01  0.0
-2.070000e+01  4.800000e+01  0.0
-2.100000e+01  4.800000e+01  0.0
-2.130000e+01  4.800000e+01  0.0
-2.170000e+01  4.800000e+01  0.0
-2.200000e+01  4.800000e+01  0.0
-13.3  58  8.930487e-04
-13.7  58  2.707173e-03
-14  58  8.359940e-03
-14.3  58  1.266945e-02
-14.7  58  9.951874e-03
-15  58  1.463304e-02
-15.3  58  2.321482e-02
-15.7  58  1.813597e-02
-16  58  1.393993e-02
-16.3  58  1.015495e-02
-16.7  58  6.356939e-03
-17  58  4.341787e-03
-17.3  58  1.759767e-03
-1.770000e+01  5.800000e+01  0.0
-1.800000e+01  5.800000e+01  0.0
-1.830000e+01  5.800000e+01  0.0
-1.870000e+01  5.800000e+01  0.0
-1.900000e+01  5.800000e+01  0.0
-1.930000e+01  5.800000e+01  0.0
-1.970000e+01  5.800000e+01  0.0
-2.000000e+01  5.800000e+01  0.0
-2.030000e+01  5.800000e+01  0.0
-2.070000e+01  5.800000e+01  0.0
-2.100000e+01  5.800000e+01  0.0
-2.130000e+01  5.800000e+01  0.0
-2.170000e+01  5.800000e+01  0.0
-2.200000e+01  5.800000e+01  0.0
-13.3  88  2.195087e-04
-13.7  88  2.891297e-04
-14  88  4.521962e-04
-14.3  88  1.112772e-03
-14.7  88  1.481197e-03
-15  88  1.805309e-03
-15.3  88  2.023531e-03
-15.7  88  1.277099e-03
-16  88  1.301372e-03
-16.3  88  1.156577e-03
-16.7  88  5.255559e-04
-17  88  1.411474e-04
-1.730000e+01  8.800000e+01  0.0
-1.770000e+01  8.800000e+01  0.0
-1.800000e+01  8.800000e+01  0.0
-1.830000e+01  8.800000e+01  0.0
-1.870000e+01  8.800000e+01  0.0
-1.900000e+01  8.800000e+01  0.0
-1.930000e+01  8.800000e+01  0.0
-1.970000e+01  8.800000e+01  0.0
-2.000000e+01  8.800000e+01  0.0
-2.030000e+01  8.800000e+01  0.0
-2.070000e+01  8.800000e+01  0.0
-2.100000e+01  8.800000e+01  0.0
-2.130000e+01  8.800000e+01  0.0
-2.170000e+01  8.800000e+01  0.0
-2.200000e+01  8.800000e+01  0.0
-13.3  108  0.000000e+00
-13.7  108  0.000000e+00
-14  108  0.000000e+00
-14.3  108  0.000000e+00
-14.7  108  0.000000e+00
-15  108  0.000000e+00
-15.3  108  0.000000e+00
-15.7  108  0.000000e+00
-16  108  0.000000e+00
-16.3  108  0.000000e+00
-16.7  108  0.000000e+00
-1.700000e+01  1.080000e+02  0.0
-1.730000e+01  1.080000e+02  0.0
-1.770000e+01  1.080000e+02  0.0
-1.800000e+01  1.080000e+02  0.0
-1.830000e+01  1.080000e+02  0.0
-1.870000e+01  1.080000e+02  0.0
-1.900000e+01  1.080000e+02  0.0
-1.930000e+01  1.080000e+02  0.0
-1.970000e+01  1.080000e+02  0.0
-2.000000e+01  1.080000e+02  0.0
-2.030000e+01  1.080000e+02  0.0
-2.070000e+01  1.080000e+02  0.0
-2.100000e+01  1.080000e+02  0.0
-2.130000e+01  1.080000e+02  0.0
-2.170000e+01  1.080000e+02  0.0
-2.200000e+01  1.080000e+02  0.0
-13.3  132  0.000000e+00
-13.7  132  0.000000e+00
-14  132  0.000000e+00
-14.3  132  0.000000e+00
-14.7  132  0.000000e+00
-15  132  0.000000e+00
-15.3  132  0.000000e+00
-15.7  132  0.000000e+00
-16  132  0.000000e+00
-16.3  132  0.000000e+00
-1.670000e+01  1.320000e+02  0.0
-1.700000e+01  1.320000e+02  0.0
-1.730000e+01  1.320000e+02  0.0
-1.770000e+01  1.320000e+02  0.0
-1.800000e+01  1.320000e+02  0.0
-1.830000e+01  1.320000e+02  0.0
-1.870000e+01  1.320000e+02  0.0
-1.900000e+01  1.320000e+02  0.0
-1.930000e+01  1.320000e+02  0.0
-1.970000e+01  1.320000e+02  0.0
-2.000000e+01  1.320000e+02  0.0
-2.030000e+01  1.320000e+02  0.0
-2.070000e+01  1.320000e+02  0.0
-2.100000e+01  1.320000e+02  0.0
-2.130000e+01  1.320000e+02  0.0
-2.170000e+01  1.320000e+02  0.0
-2.200000e+01  1.320000e+02  0.0
-13.3  162  0.000000e+00
-13.7  162  0.000000e+00
-14  162  0.000000e+00
-14.3  162  0.000000e+00
-14.7  162  0.000000e+00
-15  162  0.000000e+00
-15.3  162  0.000000e+00
-15.7  162  0.000000e+00
-16  162  0.000000e+00
-1.630000e+01  1.620000e+02  0.0
-1.670000e+01  1.620000e+02  0.0
-1.700000e+01  1.620000e+02  0.0
-1.730000e+01  1.620000e+02  0.0
-1.770000e+01  1.620000e+02  0.0
-1.800000e+01  1.620000e+02  0.0
-1.830000e+01  1.620000e+02  0.0
-1.870000e+01  1.620000e+02  0.0
-1.900000e+01  1.620000e+02  0.0
-1.930000e+01  1.620000e+02  0.0
-1.970000e+01  1.620000e+02  0.0
-2.000000e+01  1.620000e+02  0.0
-2.030000e+01  1.620000e+02  0.0
-2.070000e+01  1.620000e+02  0.0
-2.100000e+01  1.620000e+02  0.0
-2.130000e+01  1.620000e+02  0.0
-2.170000e+01  1.620000e+02  0.0
-2.200000e+01  1.620000e+02  0.0
-13.3  199  0.000000e+00
-13.7  199  0.000000e+00
-14  199  0.000000e+00
-14.3  199  0.000000e+00
-14.7  199  0.000000e+00
-15  199  0.000000e+00
-15.3  199  0.000000e+00
-15.7  199  0.000000e+00
-1.600000e+01  1.990000e+02  0.0
-1.630000e+01  1.990000e+02  0.0
-1.670000e+01  1.990000e+02  0.0
-1.700000e+01  1.990000e+02  0.0
-1.730000e+01  1.990000e+02  0.0
-1.770000e+01  1.990000e+02  0.0
-1.800000e+01  1.990000e+02  0.0
-1.830000e+01  1.990000e+02  0.0
-1.870000e+01  1.990000e+02  0.0
-1.900000e+01  1.990000e+02  0.0
-1.930000e+01  1.990000e+02  0.0
-1.970000e+01  1.990000e+02  0.0
-2.000000e+01  1.990000e+02  0.0
-2.030000e+01  1.990000e+02  0.0
-2.070000e+01  1.990000e+02  0.0
-2.100000e+01  1.990000e+02  0.0
-2.130000e+01  1.990000e+02  0.0
-2.170000e+01  1.990000e+02  0.0
-2.200000e+01  1.990000e+02  0.0
-13.3  244  0.000000e+00
-13.7  244  0.000000e+00
-14  244  0.000000e+00
-14.3  244  0.000000e+00
-14.7  244  0.000000e+00
-15  244  0.000000e+00
-15.3  244  0.000000e+00
-15.7  244  0.000000e+00
-1.600000e+01  2.440000e+02  0.0
-1.630000e+01  2.440000e+02  0.0
-1.670000e+01  2.440000e+02  0.0
-1.700000e+01  2.440000e+02  0.0
-1.730000e+01  2.440000e+02  0.0
-1.770000e+01  2.440000e+02  0.0
-1.800000e+01  2.440000e+02  0.0
-1.830000e+01  2.440000e+02  0.0
-1.870000e+01  2.440000e+02  0.0
-1.900000e+01  2.440000e+02  0.0
-1.930000e+01  2.440000e+02  0.0
-1.970000e+01  2.440000e+02  0.0
-2.000000e+01  2.440000e+02  0.0
-2.030000e+01  2.440000e+02  0.0
-2.070000e+01  2.440000e+02  0.0
-2.100000e+01  2.440000e+02  0.0
-2.130000e+01  2.440000e+02  0.0
-2.170000e+01  2.440000e+02  0.0
-2.200000e+01  2.440000e+02  0.0
-13.3  300  0.000000e+00
-13.7  300  0.000000e+00
-14  300  0.000000e+00
-14.3  300  0.000000e+00
-14.7  300  0.000000e+00
-15  300  0.000000e+00
-15.3  300  0.000000e+00
-1.570000e+01  3.000000e+02  0.0
-1.600000e+01  3.000000e+02  0.0
-1.630000e+01  3.000000e+02  0.0
-1.670000e+01  3.000000e+02  0.0
-1.700000e+01  3.000000e+02  0.0
-1.730000e+01  3.000000e+02  0.0
-1.770000e+01  3.000000e+02  0.0
-1.800000e+01  3.000000e+02  0.0
-1.830000e+01  3.000000e+02  0.0
-1.870000e+01  3.000000e+02  0.0
-1.900000e+01  3.000000e+02  0.0
-1.930000e+01  3.000000e+02  0.0
-1.970000e+01  3.000000e+02  0.0
-2.000000e+01  3.000000e+02  0.0
-2.030000e+01  3.000000e+02  0.0
-2.070000e+01  3.000000e+02  0.0
-2.100000e+01  3.000000e+02  0.0
-2.130000e+01  3.000000e+02  0.0
-2.170000e+01  3.000000e+02  0.0
-2.200000e+01  3.000000e+02  0.0
