# log10(y)    mass[MeV]    Nhits
-13.3  5  1.515653e-04
-13.7  5  1.398091e-03
-14  5  1.362605e-02
-14.3  5  9.125481e-02
-14.7  5  3.232549e-01
-15  5  8.314834e-01
-15.3  5  1.642823e+00
-15.7  5  1.972262e+00
-16  5  1.888696e+00
-16.3  5  2.200042e+00
-16.7  5  1.221351e+00
-17  5  1.168399e+00
-17.3  5  9.503841e-01
-17.7  5  8.094490e-01
-18  5  6.809349e-01
-18.3  5  5.322141e-01
-18.7  5  3.479356e-01
-19  5  2.584492e-01
-19.3  5  1.824382e-01
-19.7  5  9.334322e-02
-20  5  6.376483e-02
-20.3  5  4.412409e-02
-20.7  5  2.425584e-02
-21  5  1.451857e-02
-21.3  5  5.548374e-03
-21.7  5  1.014810e-03
-2.200000e+01  5.000000e+00  0.0
-13.3  6  5.126896e-04
-13.7  6  4.804094e-03
-14  6  2.148408e-02
-14.3  6  1.523052e-01
-14.7  6  5.326084e-01
-15  6  1.093360e+00
-15.3  6  2.162447e+00
-15.7  6  1.865835e+00
-16  6  1.893769e+00
-16.3  6  1.477765e+00
-16.7  6  1.015181e+00
-17  6  8.739370e-01
-17.3  6  9.243915e-01
-17.7  6  6.674677e-01
-18  6  5.373357e-01
-18.3  6  3.615674e-01
-18.7  6  2.186228e-01
-19  6  1.544961e-01
-19.3  6  1.015482e-01
-19.7  6  4.955354e-02
-20  6  3.541912e-02
-20.3  6  2.722789e-02
-20.7  6  1.301800e-02
-21  6  4.666800e-03
-21.3  6  1.122211e-03
-2.170000e+01  6.000000e+00  0.0
-2.200000e+01  6.000000e+00  0.0
-13.3  8  5.233917e-03
-13.7  8  1.456840e-02
-14  8  4.343933e-02
-14.3  8  1.760829e-01
-14.7  8  3.928628e-01
-15  8  1.076189e+00
-15.3  8  1.513465e+00
-15.7  8  1.433935e+00
-16  8  1.235654e+00
-16.3  8  9.697776e-01
-16.7  8  6.448510e-01
-17  8  5.688889e-01
-17.3  8  4.708866e-01
-17.7  8  3.503648e-01
-18  8  2.329349e-01
-18.3  8  1.646355e-01
-18.7  8  8.479855e-02
-19  8  5.384461e-02
-19.3  8  3.321833e-02
-19.7  8  1.660789e-02
-20  8  1.336932e-02
-20.3  8  7.974107e-03
-20.7  8  2.233266e-03
-21  8  5.017428e-04
-2.130000e+01  8.000000e+00  0.0
-2.170000e+01  8.000000e+00  0.0
-2.200000e+01  8.000000e+00  0.0
-13.3  9  6.171029e-03
-13.7  9  2.208066e-02
-14  9  7.624352e-02
-14.3  9  2.744818e-01
-14.7  9  4.857948e-01
-15  9  1.042930e+00
-15.3  9  1.694390e+00
-15.7  9  1.304074e+00
-16  9  9.819574e-01
-16.3  9  8.100770e-01
-16.7  9  5.552309e-01
-17  9  5.593763e-01
-17.3  9  4.344986e-01
-17.7  9  2.732677e-01
-18  9  1.961736e-01
-18.3  9  1.301063e-01
-18.7  9  6.436641e-02
-19  9  3.948604e-02
-19.3  9  2.579377e-02
-19.7  9  1.538869e-02
-20  9  8.636650e-03
-20.3  9  2.967366e-03
-20.7  9  5.412926e-04
-2.100000e+01  9.000000e+00  0.0
-2.130000e+01  9.000000e+00  0.0
-2.170000e+01  9.000000e+00  0.0
-2.200000e+01  9.000000e+00  0.0
-13.3  11  1.395198e-02
-13.7  11  3.595708e-02
-14  11  1.018653e-01
-14.3  11  2.096516e-01
-14.7  11  4.394309e-01
-15  11  1.005691e+00
-15.3  11  1.292273e+00
-15.7  11  8.250920e-01
-16  11  6.751783e-01
-16.3  11  6.337439e-01
-16.7  11  3.608423e-01
-17  11  3.651282e-01
-17.3  11  2.566125e-01
-17.7  11  1.618799e-01
-18  11  1.087098e-01
-18.3  11  6.854833e-02
-18.7  11  3.673809e-02
-19  11  2.359498e-02
-19.3  11  1.477730e-02
-19.7  11  6.991424e-03
-20  11  2.167564e-03
-20.3  11  4.999429e-04
-2.070000e+01  1.100000e+01  0.0
-2.100000e+01  1.100000e+01  0.0
-2.130000e+01  1.100000e+01  0.0
-2.170000e+01  1.100000e+01  0.0
-2.200000e+01  1.100000e+01  0.0
-13.3  14  3.035513e-02
-13.7  14  6.060540e-02
-14  14  9.661719e-02
-14.3  14  2.102406e-01
-14.7  14  5.501665e-01
-15  14  7.225301e-01
-15.3  14  8.787713e-01
-15.7  14  4.687344e-01
-16  14  5.691004e-01
-16.3  14  4.278155e-01
-16.7  14  3.323010e-01
-17  14  2.112508e-01
-17.3  14  1.701464e-01
-17.7  14  8.284366e-02
-18  14  5.054930e-02
-18.3  14  3.356864e-02
-18.7  14  1.626387e-02
-19  14  1.111573e-02
-19.3  14  6.182866e-03
-19.7  14  1.594425e-03
-20  14  3.529970e-04
-2.030000e+01  1.400000e+01  0.0
-2.070000e+01  1.400000e+01  0.0
-2.100000e+01  1.400000e+01  0.0
-2.130000e+01  1.400000e+01  0.0
-2.170000e+01  1.400000e+01  0.0
-2.200000e+01  1.400000e+01  0.0
-13.3  17  2.658621e-02
-13.7  17  5.718190e-02
-14  17  1.510073e-01
-14.3  17  2.485738e-01
-14.7  17  3.283974e-01
-15  17  5.691794e-01
-15.3  17  7.050060e-01
-15.7  17  4.429821e-01
-16  17  3.670738e-01
-16.3  17  3.810219e-01
-16.7  17  2.261262e-01
-17  17  1.549527e-01
-17.3  17  9.884004e-02
-17.7  17  4.714594e-02
-18  17  2.668424e-02
-18.3  17  1.558685e-02
-18.7  17  8.624092e-03
-19  17  4.987331e-03
-19.3  17  1.377345e-03
-19.7  17  2.279415e-04
-2.000000e+01  1.700000e+01  0.0
-2.030000e+01  1.700000e+01  0.0
-2.070000e+01  1.700000e+01  0.0
-2.100000e+01  1.700000e+01  0.0
-2.130000e+01  1.700000e+01  0.0
-2.170000e+01  1.700000e+01  0.0
-2.200000e+01  1.700000e+01  0.0
-13.3  21  2.910890e-02
-13.7  21  4.931184e-02
-14  21  9.623672e-02
-14.3  21  1.645932e-01
-14.7  21  1.464937e-01
-15  21  4.587420e-01
-15.3  21  5.226315e-01
-15.7  21  3.544931e-01
-16  21  3.340383e-01
-16.3  21  2.145021e-01
-16.7  21  1.417401e-01
-17  21  9.340404e-02
-17.3  21  5.393396e-02
-17.7  21  2.514556e-02
-18  21  1.543238e-02
-18.3  21  1.134119e-02
-18.7  21  5.325486e-03
-19  21  1.587855e-03
-19.3  21  3.198935e-04
-1.970000e+01  2.100000e+01  0.0
-2.000000e+01  2.100000e+01  0.0
-2.030000e+01  2.100000e+01  0.0
-2.070000e+01  2.100000e+01  0.0
-2.100000e+01  2.100000e+01  0.0
-2.130000e+01  2.100000e+01  0.0
-2.170000e+01  2.100000e+01  0.0
-2.200000e+01  2.100000e+01  0.0
-13.3  26  1.900824e-02
-13.7  26  2.887458e-02
-14  26  5.980005e-02
-14.3  26  2.114849e-01
-14.7  26  2.166220e-01
-15  26  2.493863e-01
-15.3  26  3.476954e-01
-15.7  26  2.389089e-01
-16  26  2.172471e-01
-16.3  26  1.507863e-01
-16.7  26  8.830812e-02
-17  26  5.606589e-02
-17.3  26  3.005101e-02
-17.7  26  1.464859e-02
-18  26  1.108233e-02
-18.3  26  6.155888e-03
-18.7  26  1.610550e-03
-19  26  3.210505e-04
-1.930000e+01  2.600000e+01  0.0
-1.970000e+01  2.600000e+01  0.0
-2.000000e+01  2.600000e+01  0.0
-2.030000e+01  2.600000e+01  0.0
-2.070000e+01  2.600000e+01  0.0
-2.100000e+01  2.600000e+01  0.0
-2.130000e+01  2.600000e+01  0.0
-2.170000e+01  2.600000e+01  0.0
-2.200000e+01  2.600000e+01  0.0
-13.3  32  1.134682e-02
-13.7  32  1.029087e-02
-14  32  7.002545e-02
-14.3  32  6.929767e-02
-14.7  32  1.580687e-01
-15  32  1.253454e-01
-15.3  32  2.223792e-01
-15.7  32  1.338891e-01
-16  32  1.278567e-01
-16.3  32  9.644372e-02
-16.7  32  4.837401e-02
-17  32  3.111960e-02
-17.3  32  2.041933e-02
-17.7  32  1.058642e-02
-18  32  6.209808e-03
-18.3  32  2.068090e-03
-18.7  32  3.354791e-04
-1.900000e+01  3.200000e+01  0.0
-1.930000e+01  3.200000e+01  0.0
-1.970000e+01  3.200000e+01  0.0
-2.000000e+01  3.200000e+01  0.0
-2.030000e+01  3.200000e+01  0.0
-2.070000e+01  3.200000e+01  0.0
-2.100000e+01  3.200000e+01  0.0
-2.130000e+01  3.200000e+01  0.0
-2.170000e+01  3.200000e+01  0.0
-2.200000e+01  3.200000e+01  0.0
-13.3  39  3.844439e-03
-13.7  39  1.989559e-02
-14  39  4.011325e-02
-14.3  39  5.090832e-02
-14.7  39  6.586846e-02
-15  39  7.478523e-02
-15.3  39  1.137719e-01
-15.7  39  7.637432e-02
-16  39  6.655046e-02
-16.3  39  4.505532e-02
-16.7  39  2.437097e-02
-17  39  1.600344e-02
-17.3  39  1.150311e-02
-17.7  39  5.731416e-03
-18  39  1.794664e-03
-1.830000e+01  3.900000e+01  0.0
-1.870000e+01  3.900000e+01  0.0
-1.900000e+01  3.900000e+01  0.0
-1.930000e+01  3.900000e+01  0.0
-1.970000e+01  3.900000e+01  0.0
-2.000000e+01  3.900000e+01  0.0
-2.030000e+01  3.900000e+01  0.0
-2.070000e+01  3.900000e+01  0.0
-2.100000e+01  3.900000e+01  0.0
-2.130000e+01  3.900000e+01  0.0
-2.170000e+01  3.900000e+01  0.0
-2.200000e+01  3.900000e+01  0.0
-13.3  48  3.489334e-03
-13.7  48  5.091605e-03
-14  48  1.090528e-02
-14.3  48  5.209964e-02
-14.7  48  2.003200e-02
-15  48  5.099457e-02
-15.3  48  4.213308e-02
-15.7  48  3.971463e-02
-16  48  3.044672e-02
-16.3  48  2.300656e-02
-16.7  48  1.242222e-02
-17  48  8.869993e-03
-17.3  48  5.867889e-03
-17.7  48  1.679502e-03
-1.800000e+01  4.800000e+01  0.0
-1.830000e+01  4.800000e+01  0.0
-1.870000e+01  4.800000e+01  0.0
-1.900000e+01  4.800000e+01  0.0
-1.930000e+01  4.800000e+01  0.0
-1.970000e+01  4.800000e+01  0.0
-2.000000e+01  4.800000e+01  0.0
-2.030000e+01  4.800000e+01  0.0
-2.070000e+01  4.800000e+01  0.0
-2.100000e+01  4.800000e+01  0.0
-2.130000e+01  4.800000e+01  0.0
-2.170000e+01  4.800000e+01  0.0
-2.200000e+01  4.800000e+01  0.0
-13.3  58  1.058764e-03
-13.7  58  3.187705e-03
-14  58  9.673499e-03
-14.3  58  1.437771e-02
-14.7  58  1.108128e-02
-15  58  1.603272e-02
-15.3  58  2.505597e-02
-15.7  58  1.931799e-02
-16  58  1.468618e-02
-16.3  58  1.060513e-02
-16.7  58  6.632392e-03
-17  58  4.522791e-03
-17.3  58  1.828757e-03
-1.770000e+01  5.800000e+01  0.0
-1.800000e+01  5.800000e+01  0.0
-1.830000e+01  5.800000e+01  0.0
-1.870000e+01  5.800000e+01  0.0
-1.900000e+01  5.800000e+01  0.0
-1.930000e+01  5.800000e+01  0.0
-1.970000e+01  5.800000e+01  0.0
-2.000000e+01  5.800000e+01  0.0
-2.030000e+01  5.800000e+01  0.0
-2.070000e+01  5.800000e+01  0.0
-2.100000e+01  5.800000e+01  0.0
-2.130000e+01  5.800000e+01  0.0
-2.170000e+01  5.800000e+01  0.0
-2.200000e+01  5.800000e+01  0.0
-13.3  88  2.473054e-04
-13.7  88  3.266503e-04
-14  88  5.116666e-04
-14.3  88  1.260248e-03
-14.7  88  1.678524e-03
-15  88  2.046843e-03
-15.3  88  2.295200e-03
-15.7  88  1.449045e-03
-16  88  1.477001e-03
-16.3  88  1.312707e-03
-16.7  88  5.965002e-04
-17  88  1.602064e-04
-1.730000e+01  8.800000e+01  0.0
-1.770000e+01  8.800000e+01  0.0
-1.800000e+01  8.800000e+01  0.0
-1.830000e+01  8.800000e+01  0.0
-1.870000e+01  8.800000e+01  0.0
-1.900000e+01  8.800000e+01  0.0
-1.930000e+01  8.800000e+01  0.0
-1.970000e+01  8.800000e+01  0.0
-2.000000e+01  8.800000e+01  0.0
-2.030000e+01  8.800000e+01  0.0
-2.070000e+01  8.800000e+01  0.0
-2.100000e+01  8.800000e+01  0.0
-2.130000e+01  8.800000e+01  0.0
-2.170000e+01  8.800000e+01  0.0
-2.200000e+01  8.800000e+01  0.0
-13.3  108  0.000000e+00
-13.7  108  0.000000e+00
-14  108  0.000000e+00
-14.3  108  0.000000e+00
-14.7  108  0.000000e+00
-15  108  0.000000e+00
-15.3  108  0.000000e+00
-15.7  108  0.000000e+00
-16  108  0.000000e+00
-16.3  108  0.000000e+00
-16.7  108  0.000000e+00
-1.700000e+01  1.080000e+02  0.0
-1.730000e+01  1.080000e+02  0.0
-1.770000e+01  1.080000e+02  0.0
-1.800000e+01  1.080000e+02  0.0
-1.830000e+01  1.080000e+02  0.0
-1.870000e+01  1.080000e+02  0.0
-1.900000e+01  1.080000e+02  0.0
-1.930000e+01  1.080000e+02  0.0
-1.970000e+01  1.080000e+02  0.0
-2.000000e+01  1.080000e+02  0.0
-2.030000e+01  1.080000e+02  0.0
-2.070000e+01  1.080000e+02  0.0
-2.100000e+01  1.080000e+02  0.0
-2.130000e+01  1.080000e+02  0.0
-2.170000e+01  1.080000e+02  0.0
-2.200000e+01  1.080000e+02  0.0
-13.3  132  0.000000e+00
-13.7  132  0.000000e+00
-14  132  0.000000e+00
-14.3  132  0.000000e+00
-14.7  132  0.000000e+00
-15  132  0.000000e+00
-15.3  132  0.000000e+00
-15.7  132  0.000000e+00
-16  132  0.000000e+00
-16.3  132  0.000000e+00
-1.670000e+01  1.320000e+02  0.0
-1.700000e+01  1.320000e+02  0.0
-1.730000e+01  1.320000e+02  0.0
-1.770000e+01  1.320000e+02  0.0
-1.800000e+01  1.320000e+02  0.0
-1.830000e+01  1.320000e+02  0.0
-1.870000e+01  1.320000e+02  0.0
-1.900000e+01  1.320000e+02  0.0
-1.930000e+01  1.320000e+02  0.0
-1.970000e+01  1.320000e+02  0.0
-2.000000e+01  1.320000e+02  0.0
-2.030000e+01  1.320000e+02  0.0
-2.070000e+01  1.320000e+02  0.0
-2.100000e+01  1.320000e+02  0.0
-2.130000e+01  1.320000e+02  0.0
-2.170000e+01  1.320000e+02  0.0
-2.200000e+01  1.320000e+02  0.0
-13.3  162  0.000000e+00
-13.7  162  0.000000e+00
-14  162  0.000000e+00
-14.3  162  0.000000e+00
-14.7  162  0.000000e+00
-15  162  0.000000e+00
-15.3  162  0.000000e+00
-15.7  162  0.000000e+00
-16  162  0.000000e+00
-1.630000e+01  1.620000e+02  0.0
-1.670000e+01  1.620000e+02  0.0
-1.700000e+01  1.620000e+02  0.0
-1.730000e+01  1.620000e+02  0.0
-1.770000e+01  1.620000e+02  0.0
-1.800000e+01  1.620000e+02  0.0
-1.830000e+01  1.620000e+02  0.0
-1.870000e+01  1.620000e+02  0.0
-1.900000e+01  1.620000e+02  0.0
-1.930000e+01  1.620000e+02  0.0
-1.970000e+01  1.620000e+02  0.0
-2.000000e+01  1.620000e+02  0.0
-2.030000e+01  1.620000e+02  0.0
-2.070000e+01  1.620000e+02  0.0
-2.100000e+01  1.620000e+02  0.0
-2.130000e+01  1.620000e+02  0.0
-2.170000e+01  1.620000e+02  0.0
-2.200000e+01  1.620000e+02  0.0
-13.3  199  0.000000e+00
-13.7  199  0.000000e+00
-14  199  0.000000e+00
-14.3  199  0.000000e+00
-14.7  199  0.000000e+00
-15  199  0.000000e+00
-15.3  199  0.000000e+00
-15.7  199  0.000000e+00
-1.600000e+01  1.990000e+02  0.0
-1.630000e+01  1.990000e+02  0.0
-1.670000e+01  1.990000e+02  0.0
-1.700000e+01  1.990000e+02  0.0
-1.730000e+01  1.990000e+02  0.0
-1.770000e+01  1.990000e+02  0.0
-1.800000e+01  1.990000e+02  0.0
-1.830000e+01  1.990000e+02  0.0
-1.870000e+01  1.990000e+02  0.0
-1.900000e+01  1.990000e+02  0.0
-1.930000e+01  1.990000e+02  0.0
-1.970000e+01  1.990000e+02  0.0
-2.000000e+01  1.990000e+02  0.0
-2.030000e+01  1.990000e+02  0.0
-2.070000e+01  1.990000e+02  0.0
-2.100000e+01  1.990000e+02  0.0
-2.130000e+01  1.990000e+02  0.0
-2.170000e+01  1.990000e+02  0.0
-2.200000e+01  1.990000e+02  0.0
-13.3  244  0.000000e+00
-13.7  244  0.000000e+00
-14  244  0.000000e+00
-14.3  244  0.000000e+00
-14.7  244  0.000000e+00
-15  244  0.000000e+00
-15.3  244  0.000000e+00
-15.7  244  0.000000e+00
-1.600000e+01  2.440000e+02  0.0
-1.630000e+01  2.440000e+02  0.0
-1.670000e+01  2.440000e+02  0.0
-1.700000e+01  2.440000e+02  0.0
-1.730000e+01  2.440000e+02  0.0
-1.770000e+01  2.440000e+02  0.0
-1.800000e+01  2.440000e+02  0.0
-1.830000e+01  2.440000e+02  0.0
-1.870000e+01  2.440000e+02  0.0
-1.900000e+01  2.440000e+02  0.0
-1.930000e+01  2.440000e+02  0.0
-1.970000e+01  2.440000e+02  0.0
-2.000000e+01  2.440000e+02  0.0
-2.030000e+01  2.440000e+02  0.0
-2.070000e+01  2.440000e+02  0.0
-2.100000e+01  2.440000e+02  0.0
-2.130000e+01  2.440000e+02  0.0
-2.170000e+01  2.440000e+02  0.0
-2.200000e+01  2.440000e+02  0.0
-13.3  300  0.000000e+00
-13.7  300  0.000000e+00
-14  300  0.000000e+00
-14.3  300  0.000000e+00
-14.7  300  0.000000e+00
-15  300  0.000000e+00
-15.3  300  0.000000e+00
-1.570000e+01  3.000000e+02  0.0
-1.600000e+01  3.000000e+02  0.0
-1.630000e+01  3.000000e+02  0.0
-1.670000e+01  3.000000e+02  0.0
-1.700000e+01  3.000000e+02  0.0
-1.730000e+01  3.000000e+02  0.0
-1.770000e+01  3.000000e+02  0.0
-1.800000e+01  3.000000e+02  0.0
-1.830000e+01  3.000000e+02  0.0
-1.870000e+01  3.000000e+02  0.0
-1.900000e+01  3.000000e+02  0.0
-1.930000e+01  3.000000e+02  0.0
-1.970000e+01  3.000000e+02  0.0
-2.000000e+01  3.000000e+02  0.0
-2.030000e+01  3.000000e+02  0.0
-2.070000e+01  3.000000e+02  0.0
-2.100000e+01  3.000000e+02  0.0
-2.130000e+01  3.000000e+02  0.0
-2.170000e+01  3.000000e+02  0.0
-2.200000e+01  3.000000e+02  0.0
