# log10(y)    mass[MeV]    Nhits
-13.3  5  1.342443e-04
-13.7  5  9.417964e-04
-14  5  7.836922e-03
-14.3  5  5.332489e-02
-14.7  5  2.178466e-01
-15  5  6.664637e-01
-15.3  5  1.506990e+00
-15.7  5  1.955537e+00
-16  5  1.931719e+00
-16.3  5  2.247971e+00
-16.7  5  1.212240e+00
-17  5  1.097592e+00
-17.3  5  8.566941e-01
-17.7  5  6.115647e-01
-18  5  4.473229e-01
-18.3  5  3.092225e-01
-18.7  5  1.802028e-01
-19  5  1.211203e-01
-19.3  5  7.964091e-02
-19.7  5  3.831777e-02
-20  5  2.477105e-02
-20.3  5  1.611494e-02
-20.7  5  8.555799e-03
-21  5  5.023354e-03
-21.3  5  1.850253e-03
-21.7  5  3.203477e-04
-2.200000e+01  5.000000e+00  0.0
-13.3  6  5.685023e-04
-13.7  6  4.205828e-03
-14  6  1.513441e-02
-14.3  6  9.670918e-02
-14.7  6  3.466319e-01
-15  6  7.837959e-01
-15.3  6  1.733982e+00
-15.7  6  1.639805e+00
-16  6  1.764966e+00
-16.3  6  1.419721e+00
-16.7  6  9.775750e-01
-17  6  8.340147e-01
-17.3  6  8.089125e-01
-17.7  6  5.273679e-01
-18  6  3.803018e-01
-18.3  6  2.268470e-01
-18.7  6  1.218155e-01
-19  6  7.869310e-02
-19.3  6  4.789546e-02
-19.7  6  2.170355e-02
-20  6  1.478349e-02
-20.3  6  1.105483e-02
-20.7  6  5.204775e-03
-21  6  1.822337e-03
-21.3  6  4.250474e-04
-2.170000e+01  6.000000e+00  0.0
-2.200000e+01  6.000000e+00  0.0
-13.3  8  5.260395e-03
-13.7  8  1.506655e-02
-14  8  4.226762e-02
-14.3  8  1.518493e-01
-14.7  8  3.047833e-01
-15  8  7.996800e-01
-15.3  8  1.141724e+00
-15.7  8  1.133243e+00
-16  8  1.029413e+00
-16.3  8  8.441122e-01
-16.7  8  5.710712e-01
-17  8  5.181830e-01
-17.3  8  4.230260e-01
-17.7  8  3.021736e-01
-18  8  1.874488e-01
-18.3  8  1.206839e-01
-18.7  8  5.684788e-02
-19  8  3.292630e-02
-19.3  8  1.830891e-02
-19.7  8  8.495101e-03
-20  8  6.546849e-03
-20.3  8  3.813865e-03
-20.7  8  1.030034e-03
-21  8  2.230348e-04
-2.130000e+01  8.000000e+00  0.0
-2.170000e+01  8.000000e+00  0.0
-2.200000e+01  8.000000e+00  0.0
-13.3  9  6.507658e-03
-13.7  9  2.407438e-02
-14  9  7.904566e-02
-14.3  9  2.550211e-01
-14.7  9  4.070896e-01
-15  9  8.270978e-01
-15.3  9  1.339054e+00
-15.7  9  1.059248e+00
-16  9  8.264257e-01
-16.3  9  6.931830e-01
-16.7  9  4.944664e-01
-17  9  5.032132e-01
-17.3  9  3.851184e-01
-17.7  9  2.324065e-01
-18  9  1.554909e-01
-18.3  9  9.522409e-02
-18.7  9  4.283224e-02
-19  9  2.310031e-02
-19.3  9  1.346161e-02
-19.7  9  7.370240e-03
-20  9  3.932426e-03
-20.3  9  1.240345e-03
-20.7  9  1.984949e-04
-2.100000e+01  9.000000e+00  0.0
-2.130000e+01  9.000000e+00  0.0
-2.170000e+01  9.000000e+00  0.0
-2.200000e+01  9.000000e+00  0.0
-13.3  11  1.459336e-02
-13.7  11  3.854315e-02
-14  11  1.075539e-01
-14.3  11  2.085150e-01
-14.7  11  4.034860e-01
-15  11  8.674951e-01
-15.3  11  1.083415e+00
-15.7  11  6.920628e-01
-16  11  5.702284e-01
-16.3  11  5.486270e-01
-16.7  11  3.195056e-01
-17  11  3.272089e-01
-17.3  11  2.291665e-01
-17.7  11  1.420706e-01
-18  11  9.155542e-02
-18.3  11  5.490300e-02
-18.7  11  2.731083e-02
-19  11  1.637565e-02
-19.3  11  9.738063e-03
-19.7  11  4.470438e-03
-20  11  1.318110e-03
-20.3  11  2.811131e-04
-2.070000e+01  1.100000e+01  0.0
-2.100000e+01  1.100000e+01  0.0
-2.130000e+01  1.100000e+01  0.0
-2.170000e+01  1.100000e+01  0.0
-2.200000e+01  1.100000e+01  0.0
-13.3  14  2.704185e-02
-13.7  14  5.536160e-02
-14  14  9.055401e-02
-14.3  14  1.977297e-01
-14.7  14  5.059663e-01
-15  14  6.428548e-01
-15.3  14  7.623930e-01
-15.7  14  4.039944e-01
-16  14  4.894058e-01
-16.3  14  3.725013e-01
-16.7  14  2.930626e-01
-17  14  1.887283e-01
-17.3  14  1.533850e-01
-17.7  14  7.472776e-02
-18  14  4.520392e-02
-18.3  14  2.935021e-02
-18.7  14  1.383180e-02
-19  14  9.227200e-03
-19.3  14  5.054970e-03
-19.7  14  1.266472e-03
-20  14  2.686526e-04
-2.030000e+01  1.400000e+01  0.0
-2.070000e+01  1.400000e+01  0.0
-2.100000e+01  1.400000e+01  0.0
-2.130000e+01  1.400000e+01  0.0
-2.170000e+01  1.400000e+01  0.0
-2.200000e+01  1.400000e+01  0.0
-13.3  17  2.405671e-02
-13.7  17  5.236473e-02
-14  17  1.406665e-01
-14.3  17  2.328396e-01
-14.7  17  3.039829e-01
-15  17  5.151383e-01
-15.3  17  6.299937e-01
-15.7  17  3.891698e-01
-16  17  3.204550e-01
-16.3  17  3.342590e-01
-16.7  17  2.004761e-01
-17  17  1.396786e-01
-17.3  17  9.124458e-02
-17.7  17  4.468300e-02
-18  17  2.632600e-02
-18.3  17  1.601126e-02
-18.7  17  9.157658e-03
-19  17  5.403710e-03
-19.3  17  1.551249e-03
-19.7  17  2.725517e-04
-2.000000e+01  1.700000e+01  0.0
-2.030000e+01  1.700000e+01  0.0
-2.070000e+01  1.700000e+01  0.0
-2.100000e+01  1.700000e+01  0.0
-2.130000e+01  1.700000e+01  0.0
-2.170000e+01  1.700000e+01  0.0
-2.200000e+01  1.700000e+01  0.0
-13.3  21  2.751528e-02
-13.7  21  4.628082e-02
-14  21  9.048072e-02
-14.3  21  1.547536e-01
-14.7  21  1.365451e-01
-15  21  4.232250e-01
-15.3  21  4.738046e-01
-15.7  21  3.153958e-01
-16  21  2.946689e-01
-16.3  21  1.889003e-01
-16.7  21  1.251494e-01
-17  21  8.300226e-02
-17.3  21  4.836719e-02
-17.7  21  2.275981e-02
-18  21  1.414902e-02
-18.3  21  1.049021e-02
-18.7  21  4.952545e-03
-19  21  1.492222e-03
-19.3  21  3.060748e-04
-1.970000e+01  2.100000e+01  0.0
-2.000000e+01  2.100000e+01  0.0
-2.030000e+01  2.100000e+01  0.0
-2.070000e+01  2.100000e+01  0.0
-2.100000e+01  2.100000e+01  0.0
-2.130000e+01  2.100000e+01  0.0
-2.170000e+01  2.100000e+01  0.0
-2.200000e+01  2.100000e+01  0.0
-13.3  26  1.862361e-02
-13.7  26  2.799793e-02
-14  26  5.778535e-02
-14.3  26  2.037468e-01
-14.7  26  2.075435e-01
-15  26  2.367083e-01
-15.3  26  3.228774e-01
-15.7  26  2.182941e-01
-16  26  1.959319e-01
-16.3  26  1.350389e-01
-16.7  26  7.883563e-02
-17  26  5.003411e-02
-17.3  26  2.684193e-02
-17.7  26  1.309491e-02
-18  26  9.906594e-03
-18.3  26  5.502360e-03
-18.7  26  1.438145e-03
-19  26  2.855572e-04
-1.930000e+01  2.600000e+01  0.0
-1.970000e+01  2.600000e+01  0.0
-2.000000e+01  2.600000e+01  0.0
-2.030000e+01  2.600000e+01  0.0
-2.070000e+01  2.600000e+01  0.0
-2.100000e+01  2.600000e+01  0.0
-2.130000e+01  2.600000e+01  0.0
-2.170000e+01  2.600000e+01  0.0
-2.200000e+01  2.600000e+01  0.0
-13.3  32  1.136812e-02
-13.7  32  1.020242e-02
-14  32  6.906613e-02
-14.3  32  6.812347e-02
-14.7  32  1.548408e-01
-15  32  1.209026e-01
-15.3  32  2.109186e-01
-15.7  32  1.252622e-01
-16  32  1.181750e-01
-16.3  32  8.840121e-02
-16.7  32  4.421459e-02
-17  32  2.853525e-02
-17.3  32  1.885616e-02
-17.7  32  9.866215e-03
-18  32  5.818652e-03
-18.3  32  1.958136e-03
-18.7  32  3.231658e-04
-1.900000e+01  3.200000e+01  0.0
-1.930000e+01  3.200000e+01  0.0
-1.970000e+01  3.200000e+01  0.0
-2.000000e+01  3.200000e+01  0.0
-2.030000e+01  3.200000e+01  0.0
-2.070000e+01  3.200000e+01  0.0
-2.100000e+01  3.200000e+01  0.0
-2.130000e+01  3.200000e+01  0.0
-2.170000e+01  3.200000e+01  0.0
-2.200000e+01  3.200000e+01  0.0
-13.3  39  3.882064e-03
-13.7  39  1.993429e-02
-14  39  4.009350e-02
-14.3  39  5.039226e-02
-14.7  39  6.448475e-02
-15  39  7.222303e-02
-15.3  39  1.080543e-01
-15.7  39  7.143970e-02
-16  39  6.136261e-02
-16.3  39  4.104081e-02
-16.7  39  2.202960e-02
-17  39  1.438925e-02
-17.3  39  1.034032e-02
-17.7  39  5.152463e-03
-18  39  1.615680e-03
-1.830000e+01  3.900000e+01  0.0
-1.870000e+01  3.900000e+01  0.0
-1.900000e+01  3.900000e+01  0.0
-1.930000e+01  3.900000e+01  0.0
-1.970000e+01  3.900000e+01  0.0
-2.000000e+01  3.900000e+01  0.0
-2.030000e+01  3.900000e+01  0.0
-2.070000e+01  3.900000e+01  0.0
-2.100000e+01  3.900000e+01  0.0
-2.130000e+01  3.900000e+01  0.0
-2.170000e+01  3.900000e+01  0.0
-2.200000e+01  3.900000e+01  0.0
-13.3  48  3.486307e-03
-13.7  48  5.064389e-03
-14  48  1.077675e-02
-14.3  48  5.108693e-02
-14.7  48  1.948574e-02
-15  48  4.900166e-02
-15.3  48  3.990595e-02
-15.7  48  3.694514e-02
-16  48  2.773885e-02
-16.3  48  2.049043e-02
-16.7  48  1.084107e-02
-17  48  7.697861e-03
-17.3  48  5.037869e-03
-17.7  48  1.417499e-03
-1.800000e+01  4.800000e+01  0.0
-1.830000e+01  4.800000e+01  0.0
-1.870000e+01  4.800000e+01  0.0
-1.900000e+01  4.800000e+01  0.0
-1.930000e+01  4.800000e+01  0.0
-1.970000e+01  4.800000e+01  0.0
-2.000000e+01  4.800000e+01  0.0
-2.030000e+01  4.800000e+01  0.0
-2.070000e+01  4.800000e+01  0.0
-2.100000e+01  4.800000e+01  0.0
-2.130000e+01  4.800000e+01  0.0
-2.170000e+01  4.800000e+01  0.0
-2.200000e+01  4.800000e+01  0.0
-13.3  58  1.053311e-03
-13.7  58  3.151029e-03
-14  58  9.504261e-03
-14.3  58  1.408824e-02
-14.7  58  1.083702e-02
-15  58  1.564566e-02
-15.3  58  2.437579e-02
-15.7  58  1.871442e-02
-16  58  1.415138e-02
-16.3  58  1.015445e-02
-16.7  58  6.339997e-03
-17  58  4.310212e-03
-17.3  58  1.733171e-03
-1.770000e+01  5.800000e+01  0.0
-1.800000e+01  5.800000e+01  0.0
-1.830000e+01  5.800000e+01  0.0
-1.870000e+01  5.800000e+01  0.0
-1.900000e+01  5.800000e+01  0.0
-1.930000e+01  5.800000e+01  0.0
-1.970000e+01  5.800000e+01  0.0
-2.000000e+01  5.800000e+01  0.0
-2.030000e+01  5.800000e+01  0.0
-2.070000e+01  5.800000e+01  0.0
-2.100000e+01  5.800000e+01  0.0
-2.130000e+01  5.800000e+01  0.0
-2.170000e+01  5.800000e+01  0.0
-2.200000e+01  5.800000e+01  0.0
-13.3  88  2.620485e-04
-13.7  88  3.483621e-04
-14  88  5.477415e-04
-14.3  88  1.352126e-03
-14.7  88  1.803650e-03
-15  88  2.202174e-03
-15.3  88  2.471874e-03
-15.7  88  1.561871e-03
-16  88  1.593077e-03
-16.3  88  1.415983e-03
-16.7  88  6.434247e-04
-17  88  1.728232e-04
-1.730000e+01  8.800000e+01  0.0
-1.770000e+01  8.800000e+01  0.0
-1.800000e+01  8.800000e+01  0.0
-1.830000e+01  8.800000e+01  0.0
-1.870000e+01  8.800000e+01  0.0
-1.900000e+01  8.800000e+01  0.0
-1.930000e+01  8.800000e+01  0.0
-1.970000e+01  8.800000e+01  0.0
-2.000000e+01  8.800000e+01  0.0
-2.030000e+01  8.800000e+01  0.0
-2.070000e+01  8.800000e+01  0.0
-2.100000e+01  8.800000e+01  0.0
-2.130000e+01  8.800000e+01  0.0
-2.170000e+01  8.800000e+01  0.0
-2.200000e+01  8.800000e+01  0.0
-13.3  108  0.000000e+00
-13.7  108  0.000000e+00
-14  108  0.000000e+00
-14.3  108  0.000000e+00
-14.7  108  0.000000e+00
-15  108  0.000000e+00
-15.3  108  0.000000e+00
-15.7  108  0.000000e+00
-16  108  0.000000e+00
-16.3  108  0.000000e+00
-16.7  108  0.000000e+00
-1.700000e+01  1.080000e+02  0.0
-1.730000e+01  1.080000e+02  0.0
-1.770000e+01  1.080000e+02  0.0
-1.800000e+01  1.080000e+02  0.0
-1.830000e+01  1.080000e+02  0.0
-1.870000e+01  1.080000e+02  0.0
-1.900000e+01  1.080000e+02  0.0
-1.930000e+01  1.080000e+02  0.0
-1.970000e+01  1.080000e+02  0.0
-2.000000e+01  1.080000e+02  0.0
-2.030000e+01  1.080000e+02  0.0
-2.070000e+01  1.080000e+02  0.0
-2.100000e+01  1.080000e+02  0.0
-2.130000e+01  1.080000e+02  0.0
-2.170000e+01  1.080000e+02  0.0
-2.200000e+01  1.080000e+02  0.0
-13.3  132  0.000000e+00
-13.7  132  0.000000e+00
-14  132  0.000000e+00
-14.3  132  0.000000e+00
-14.7  132  0.000000e+00
-15  132  0.000000e+00
-15.3  132  0.000000e+00
-15.7  132  0.000000e+00
-16  132  0.000000e+00
-16.3  132  0.000000e+00
-1.670000e+01  1.320000e+02  0.0
-1.700000e+01  1.320000e+02  0.0
-1.730000e+01  1.320000e+02  0.0
-1.770000e+01  1.320000e+02  0.0
-1.800000e+01  1.320000e+02  0.0
-1.830000e+01  1.320000e+02  0.0
-1.870000e+01  1.320000e+02  0.0
-1.900000e+01  1.320000e+02  0.0
-1.930000e+01  1.320000e+02  0.0
-1.970000e+01  1.320000e+02  0.0
-2.000000e+01  1.320000e+02  0.0
-2.030000e+01  1.320000e+02  0.0
-2.070000e+01  1.320000e+02  0.0
-2.100000e+01  1.320000e+02  0.0
-2.130000e+01  1.320000e+02  0.0
-2.170000e+01  1.320000e+02  0.0
-2.200000e+01  1.320000e+02  0.0
-13.3  162  0.000000e+00
-13.7  162  0.000000e+00
-14  162  0.000000e+00
-14.3  162  0.000000e+00
-14.7  162  0.000000e+00
-15  162  0.000000e+00
-15.3  162  0.000000e+00
-15.7  162  0.000000e+00
-16  162  0.000000e+00
-1.630000e+01  1.620000e+02  0.0
-1.670000e+01  1.620000e+02  0.0
-1.700000e+01  1.620000e+02  0.0
-1.730000e+01  1.620000e+02  0.0
-1.770000e+01  1.620000e+02  0.0
-1.800000e+01  1.620000e+02  0.0
-1.830000e+01  1.620000e+02  0.0
-1.870000e+01  1.620000e+02  0.0
-1.900000e+01  1.620000e+02  0.0
-1.930000e+01  1.620000e+02  0.0
-1.970000e+01  1.620000e+02  0.0
-2.000000e+01  1.620000e+02  0.0
-2.030000e+01  1.620000e+02  0.0
-2.070000e+01  1.620000e+02  0.0
-2.100000e+01  1.620000e+02  0.0
-2.130000e+01  1.620000e+02  0.0
-2.170000e+01  1.620000e+02  0.0
-2.200000e+01  1.620000e+02  0.0
-13.3  199  0.000000e+00
-13.7  199  0.000000e+00
-14  199  0.000000e+00
-14.3  199  0.000000e+00
-14.7  199  0.000000e+00
-15  199  0.000000e+00
-15.3  199  0.000000e+00
-15.7  199  0.000000e+00
-1.600000e+01  1.990000e+02  0.0
-1.630000e+01  1.990000e+02  0.0
-1.670000e+01  1.990000e+02  0.0
-1.700000e+01  1.990000e+02  0.0
-1.730000e+01  1.990000e+02  0.0
-1.770000e+01  1.990000e+02  0.0
-1.800000e+01  1.990000e+02  0.0
-1.830000e+01  1.990000e+02  0.0
-1.870000e+01  1.990000e+02  0.0
-1.900000e+01  1.990000e+02  0.0
-1.930000e+01  1.990000e+02  0.0
-1.970000e+01  1.990000e+02  0.0
-2.000000e+01  1.990000e+02  0.0
-2.030000e+01  1.990000e+02  0.0
-2.070000e+01  1.990000e+02  0.0
-2.100000e+01  1.990000e+02  0.0
-2.130000e+01  1.990000e+02  0.0
-2.170000e+01  1.990000e+02  0.0
-2.200000e+01  1.990000e+02  0.0
-13.3  244  0.000000e+00
-13.7  244  0.000000e+00
-14  244  0.000000e+00
-14.3  244  0.000000e+00
-14.7  244  0.000000e+00
-15  244  0.000000e+00
-15.3  244  0.000000e+00
-15.7  244  0.000000e+00
-1.600000e+01  2.440000e+02  0.0
-1.630000e+01  2.440000e+02  0.0
-1.670000e+01  2.440000e+02  0.0
-1.700000e+01  2.440000e+02  0.0
-1.730000e+01  2.440000e+02  0.0
-1.770000e+01  2.440000e+02  0.0
-1.800000e+01  2.440000e+02  0.0
-1.830000e+01  2.440000e+02  0.0
-1.870000e+01  2.440000e+02  0.0
-1.900000e+01  2.440000e+02  0.0
-1.930000e+01  2.440000e+02  0.0
-1.970000e+01  2.440000e+02  0.0
-2.000000e+01  2.440000e+02  0.0
-2.030000e+01  2.440000e+02  0.0
-2.070000e+01  2.440000e+02  0.0
-2.100000e+01  2.440000e+02  0.0
-2.130000e+01  2.440000e+02  0.0
-2.170000e+01  2.440000e+02  0.0
-2.200000e+01  2.440000e+02  0.0
-13.3  300  0.000000e+00
-13.7  300  0.000000e+00
-14  300  0.000000e+00
-14.3  300  0.000000e+00
-14.7  300  0.000000e+00
-15  300  0.000000e+00
-15.3  300  0.000000e+00
-1.570000e+01  3.000000e+02  0.0
-1.600000e+01  3.000000e+02  0.0
-1.630000e+01  3.000000e+02  0.0
-1.670000e+01  3.000000e+02  0.0
-1.700000e+01  3.000000e+02  0.0
-1.730000e+01  3.000000e+02  0.0
-1.770000e+01  3.000000e+02  0.0
-1.800000e+01  3.000000e+02  0.0
-1.830000e+01  3.000000e+02  0.0
-1.870000e+01  3.000000e+02  0.0
-1.900000e+01  3.000000e+02  0.0
-1.930000e+01  3.000000e+02  0.0
-1.970000e+01  3.000000e+02  0.0
-2.000000e+01  3.000000e+02  0.0
-2.030000e+01  3.000000e+02  0.0
-2.070000e+01  3.000000e+02  0.0
-2.100000e+01  3.000000e+02  0.0
-2.130000e+01  3.000000e+02  0.0
-2.170000e+01  3.000000e+02  0.0
-2.200000e+01  3.000000e+02  0.0
