# log10(y)    mass[MeV]    Nhits
-13.3  5  2.586940e-04
-13.7  5  1.884798e-03
-14  5  1.483918e-02
-14.3  5  8.572726e-02
-14.7  5  2.857500e-01
-15  5  7.519643e-01
-15.3  5  1.602137e+00
-15.7  5  2.123987e+00
-16  5  2.268277e+00
-16.3  5  2.928894e+00
-16.7  5  1.755297e+00
-17  5  1.732216e+00
-17.3  5  1.410645e+00
-17.7  5  1.140244e+00
-18  5  8.932824e-01
-18.3  5  6.432078e-01
-18.7  5  3.798159e-01
-19  5  2.499775e-01
-19.3  5  1.574097e-01
-19.7  5  7.117145e-02
-20  5  4.268451e-02
-20.3  5  2.517224e-02
-20.7  5  1.261697e-02
-21  5  7.176477e-03
-21.3  5  2.491688e-03
-21.7  5  3.971965e-04
-2.200000e+01  5.000000e+00  0.0
-13.3  6  1.342267e-03
-13.7  6  1.010196e-02
-14  6  3.556719e-02
-14.3  6  2.044274e-01
-14.7  6  6.203160e-01
-15  6  1.180487e+00
-15.3  6  2.296263e+00
-15.7  6  2.041742e+00
-16  6  2.203816e+00
-16.3  6  1.859222e+00
-16.7  6  1.366481e+00
-17  6  1.205963e+00
-17.3  6  1.320372e+00
-17.7  6  9.322342e-01
-18  6  7.172511e-01
-18.3  6  4.509748e-01
-18.7  6  2.494334e-01
-19  6  1.611971e-01
-19.3  6  9.579905e-02
-19.7  6  4.098044e-02
-20  6  2.612745e-02
-20.3  6  1.854702e-02
-20.7  6  8.437646e-03
-21  6  2.782880e-03
-21.3  6  5.941225e-04
-2.170000e+01  6.000000e+00  0.0
-2.200000e+01  6.000000e+00  0.0
-13.3  8  6.031989e-03
-13.7  8  2.063576e-02
-14  8  6.798733e-02
-14.3  8  2.734395e-01
-14.7  8  5.681450e-01
-15  8  1.434730e+00
-15.3  8  1.887213e+00
-15.7  8  1.721268e+00
-16  8  1.471717e+00
-16.3  8  1.177370e+00
-16.7  8  7.963228e-01
-17  8  7.459296e-01
-17.3  8  6.429913e-01
-17.7  8  4.846742e-01
-18  8  3.198691e-01
-18.3  8  2.199254e-01
-18.7  8  1.092843e-01
-19  8  6.640167e-02
-19.3  8  3.862802e-02
-19.7  8  1.837038e-02
-20  8  1.429716e-02
-20.3  8  8.354865e-03
-20.7  8  2.257917e-03
-21  8  4.849713e-04
-2.130000e+01  8.000000e+00  0.0
-2.170000e+01  8.000000e+00  0.0
-2.200000e+01  8.000000e+00  0.0
-13.3  9  8.042069e-03
-13.7  9  3.491546e-02
-14  9  1.311930e-01
-14.3  9  4.651868e-01
-14.7  9  7.650467e-01
-15  9  1.506110e+00
-15.3  9  2.276081e+00
-15.7  9  1.671755e+00
-16  9  1.237260e+00
-16.3  9  1.021620e+00
-16.7  9  7.200521e-01
-17  9  7.516481e-01
-17.3  9  5.965744e-01
-17.7  9  3.783216e-01
-18  9  2.690306e-01
-18.3  9  1.745884e-01
-18.7  9  8.359102e-02
-19  9  4.874703e-02
-19.3  9  3.032563e-02
-19.7  9  1.740667e-02
-20  9  9.542174e-03
-20.3  9  3.147414e-03
-20.7  9  5.380674e-04
-2.100000e+01  9.000000e+00  0.0
-2.130000e+01  9.000000e+00  0.0
-2.170000e+01  9.000000e+00  0.0
-2.200000e+01  9.000000e+00  0.0
-13.3  11  1.513635e-02
-13.7  11  4.527324e-02
-14  11  1.443921e-01
-14.3  11  3.144055e-01
-14.7  11  6.569530e-01
-15  11  1.448203e+00
-15.3  11  1.778491e+00
-15.7  11  1.093523e+00
-16  11  8.836793e-01
-16.3  11  8.184383e-01
-16.7  11  4.714725e-01
-17  11  4.879385e-01
-17.3  11  3.501199e-01
-17.7  11  2.237199e-01
-18  11  1.511027e-01
-18.3  11  9.488582e-02
-18.7  11  5.015686e-02
-19  11  3.169604e-02
-19.3  11  1.958891e-02
-19.7  11  9.193679e-03
-20  11  2.811836e-03
-20.3  11  6.347346e-04
-2.070000e+01  1.100000e+01  0.0
-2.100000e+01  1.100000e+01  0.0
-2.130000e+01  1.100000e+01  0.0
-2.170000e+01  1.100000e+01  0.0
-2.200000e+01  1.100000e+01  0.0
-13.3  14  2.401305e-02
-13.7  14  5.509223e-02
-14  14  1.014081e-01
-14.3  14  2.481542e-01
-14.7  14  6.977223e-01
-15  14  9.416653e-01
-15.3  14  1.143900e+00
-15.7  14  6.065687e-01
-16  14  7.282159e-01
-16.3  14  5.450246e-01
-16.7  14  4.260164e-01
-17  14  2.749470e-01
-17.3  14  2.264029e-01
-17.7  14  1.130632e-01
-18  14  7.040640e-02
-18.3  14  4.774279e-02
-18.7  14  2.345418e-02
-19  14  1.616519e-02
-19.3  14  9.029693e-03
-19.7  14  2.345613e-03
-20  14  5.247984e-04
-2.030000e+01  1.400000e+01  0.0
-2.070000e+01  1.400000e+01  0.0
-2.100000e+01  1.400000e+01  0.0
-2.130000e+01  1.400000e+01  0.0
-2.170000e+01  1.400000e+01  0.0
-2.200000e+01  1.400000e+01  0.0
-13.3  17  1.978835e-02
-13.7  17  4.696557e-02
-14  17  1.397271e-01
-14.3  17  2.566271e-01
-14.7  17  3.682927e-01
-15  17  6.698514e-01
-15.3  17  8.418206e-01
-15.7  17  5.384463e-01
-16  17  4.499825e-01
-16.3  17  4.700804e-01
-16.7  17  2.820833e-01
-17  17  1.971979e-01
-17.3  17  1.297552e-01
-17.7  17  6.405277e-02
-18  17  3.810213e-02
-18.3  17  2.331190e-02
-18.7  17  1.336362e-02
-19  17  7.886609e-03
-19.3  17  2.260721e-03
-19.7  17  3.948009e-04
-2.000000e+01  1.700000e+01  0.0
-2.030000e+01  1.700000e+01  0.0
-2.070000e+01  1.700000e+01  0.0
-2.100000e+01  1.700000e+01  0.0
-2.130000e+01  1.700000e+01  0.0
-2.170000e+01  1.700000e+01  0.0
-2.200000e+01  1.700000e+01  0.0
-13.3  21  2.215826e-02
-13.7  21  3.937983e-02
-14  21  8.274187e-02
-14.3  21  1.534486e-01
-14.7  21  1.470616e-01
-15  21  4.782333e-01
-15.3  21  5.697815e-01
-15.7  21  4.009918e-01
-16  21  3.850324e-01
-16.3  21  2.510663e-01
-16.7  21  1.678765e-01
-17  21  1.126771e-01
-17.3  21  6.670619e-02
-17.7  21  3.193817e-02
-18  21  2.036150e-02
-18.3  21  1.535146e-02
-18.7  21  7.315218e-03
-19  21  2.242945e-03
-19.3  21  4.725769e-04
-1.970000e+01  2.100000e+01  0.0
-2.000000e+01  2.100000e+01  0.0
-2.030000e+01  2.100000e+01  0.0
-2.070000e+01  2.100000e+01  0.0
-2.100000e+01  2.100000e+01  0.0
-2.130000e+01  2.100000e+01  0.0
-2.170000e+01  2.100000e+01  0.0
-2.200000e+01  2.100000e+01  0.0
-13.3  26  1.440729e-02
-13.7  26  2.255250e-02
-14  26  4.920376e-02
-14.3  26  1.854830e-01
-14.7  26  1.993662e-01
-15  26  2.401267e-01
-15.3  26  3.577418e-01
-15.7  26  2.546581e-01
-16  26  2.377127e-01
-16.3  26  1.677173e-01
-16.7  26  9.943473e-02
-17  26  6.362339e-02
-17.3  26  3.435716e-02
-17.7  26  1.684835e-02
-18  26  1.278155e-02
-18.3  26  7.104496e-03
-18.7  26  1.861235e-03
-19  26  3.720674e-04
-1.930000e+01  2.600000e+01  0.0
-1.970000e+01  2.600000e+01  0.0
-2.000000e+01  2.600000e+01  0.0
-2.030000e+01  2.600000e+01  0.0
-2.070000e+01  2.600000e+01  0.0
-2.100000e+01  2.600000e+01  0.0
-2.130000e+01  2.600000e+01  0.0
-2.170000e+01  2.600000e+01  0.0
-2.200000e+01  2.600000e+01  0.0
-13.3  32  8.671463e-03
-13.7  32  8.027203e-03
-14  32  5.677019e-02
-14.3  32  5.863388e-02
-14.7  32  1.379900e-01
-15  32  1.183277e-01
-15.3  32  2.211866e-01
-15.7  32  1.376683e-01
-16  32  1.351464e-01
-16.3  32  1.042799e-01
-16.7  32  5.329166e-02
-17  32  3.484235e-02
-17.3  32  2.314311e-02
-17.7  32  1.211863e-02
-18  32  7.129670e-03
-18.3  32  2.388983e-03
-18.7  32  3.917899e-04
-1.900000e+01  3.200000e+01  0.0
-1.930000e+01  3.200000e+01  0.0
-1.970000e+01  3.200000e+01  0.0
-2.000000e+01  3.200000e+01  0.0
-2.030000e+01  3.200000e+01  0.0
-2.070000e+01  3.200000e+01  0.0
-2.100000e+01  3.200000e+01  0.0
-2.130000e+01  3.200000e+01  0.0
-2.170000e+01  3.200000e+01  0.0
-2.200000e+01  3.200000e+01  0.0
-13.3  39  2.961789e-03
-13.7  39  1.577219e-02
-14  39  3.235930e-02
-14.3  39  4.368106e-02
-14.7  39  5.965228e-02
-15  39  7.095529e-02
-15.3  39  1.125269e-01
-15.7  39  7.781499e-02
-16  39  6.942930e-02
-16.3  39  4.786515e-02
-16.7  39  2.618573e-02
-17  39  1.734570e-02
-17.3  39  1.247614e-02
-17.7  39  6.224094e-03
-18  39  1.953634e-03
-1.830000e+01  3.900000e+01  0.0
-1.870000e+01  3.900000e+01  0.0
-1.900000e+01  3.900000e+01  0.0
-1.930000e+01  3.900000e+01  0.0
-1.970000e+01  3.900000e+01  0.0
-2.000000e+01  3.900000e+01  0.0
-2.030000e+01  3.900000e+01  0.0
-2.070000e+01  3.900000e+01  0.0
-2.100000e+01  3.900000e+01  0.0
-2.130000e+01  3.900000e+01  0.0
-2.170000e+01  3.900000e+01  0.0
-2.200000e+01  3.900000e+01  0.0
-13.3  48  2.720187e-03
-13.7  48  4.012335e-03
-14  48  8.836287e-03
-14.3  48  4.445437e-02
-14.7  48  1.786338e-02
-15  48  4.760036e-02
-15.3  48  4.080957e-02
-15.7  48  3.974990e-02
-16  48  3.132583e-02
-16.3  48  2.419505e-02
-16.7  48  1.325492e-02
-17  48  9.482085e-03
-17.3  48  6.293522e-03
-17.7  48  1.809452e-03
-1.800000e+01  4.800000e+01  0.0
-1.830000e+01  4.800000e+01  0.0
-1.870000e+01  4.800000e+01  0.0
-1.900000e+01  4.800000e+01  0.0
-1.930000e+01  4.800000e+01  0.0
-1.970000e+01  4.800000e+01  0.0
-2.000000e+01  4.800000e+01  0.0
-2.030000e+01  4.800000e+01  0.0
-2.070000e+01  4.800000e+01  0.0
-2.100000e+01  4.800000e+01  0.0
-2.130000e+01  4.800000e+01  0.0
-2.170000e+01  4.800000e+01  0.0
-2.200000e+01  4.800000e+01  0.0
-13.3  58  8.111868e-04
-13.7  58  2.471197e-03
-14  58  7.756003e-03
-14.3  58  1.202014e-02
-14.7  58  9.692404e-03
-15  58  1.462994e-02
-15.3  58  2.388021e-02
-15.7  58  1.921219e-02
-16  58  1.520421e-02
-16.3  58  1.139182e-02
-16.7  58  7.174934e-03
-17  58  4.952820e-03
-17.3  58  2.043388e-03
-1.770000e+01  5.800000e+01  0.0
-1.800000e+01  5.800000e+01  0.0
-1.830000e+01  5.800000e+01  0.0
-1.870000e+01  5.800000e+01  0.0
-1.900000e+01  5.800000e+01  0.0
-1.930000e+01  5.800000e+01  0.0
-1.970000e+01  5.800000e+01  0.0
-2.000000e+01  5.800000e+01  0.0
-2.030000e+01  5.800000e+01  0.0
-2.070000e+01  5.800000e+01  0.0
-2.100000e+01  5.800000e+01  0.0
-2.130000e+01  5.800000e+01  0.0
-2.170000e+01  5.800000e+01  0.0
-2.200000e+01  5.800000e+01  0.0
-13.3  88  2.012751e-04
-13.7  88  2.667182e-04
-14  88  4.189646e-04
-14.3  88  1.034062e-03
-14.7  88  1.379513e-03
-15  88  1.684713e-03
-15.3  88  1.891618e-03
-15.7  88  1.195636e-03
-16  88  1.219945e-03
-16.3  88  1.084477e-03
-16.7  88  4.928711e-04
-17  88  1.324192e-04
-1.730000e+01  8.800000e+01  0.0
-1.770000e+01  8.800000e+01  0.0
-1.800000e+01  8.800000e+01  0.0
-1.830000e+01  8.800000e+01  0.0
-1.870000e+01  8.800000e+01  0.0
-1.900000e+01  8.800000e+01  0.0
-1.930000e+01  8.800000e+01  0.0
-1.970000e+01  8.800000e+01  0.0
-2.000000e+01  8.800000e+01  0.0
-2.030000e+01  8.800000e+01  0.0
-2.070000e+01  8.800000e+01  0.0
-2.100000e+01  8.800000e+01  0.0
-2.130000e+01  8.800000e+01  0.0
-2.170000e+01  8.800000e+01  0.0
-2.200000e+01  8.800000e+01  0.0
-13.3  108  0.000000e+00
-13.7  108  0.000000e+00
-14  108  0.000000e+00
-14.3  108  0.000000e+00
-14.7  108  0.000000e+00
-15  108  0.000000e+00
-15.3  108  0.000000e+00
-15.7  108  0.000000e+00
-16  108  0.000000e+00
-16.3  108  0.000000e+00
-16.7  108  0.000000e+00
-1.700000e+01  1.080000e+02  0.0
-1.730000e+01  1.080000e+02  0.0
-1.770000e+01  1.080000e+02  0.0
-1.800000e+01  1.080000e+02  0.0
-1.830000e+01  1.080000e+02  0.0
-1.870000e+01  1.080000e+02  0.0
-1.900000e+01  1.080000e+02  0.0
-1.930000e+01  1.080000e+02  0.0
-1.970000e+01  1.080000e+02  0.0
-2.000000e+01  1.080000e+02  0.0
-2.030000e+01  1.080000e+02  0.0
-2.070000e+01  1.080000e+02  0.0
-2.100000e+01  1.080000e+02  0.0
-2.130000e+01  1.080000e+02  0.0
-2.170000e+01  1.080000e+02  0.0
-2.200000e+01  1.080000e+02  0.0
-13.3  132  0.000000e+00
-13.7  132  0.000000e+00
-14  132  0.000000e+00
-14.3  132  0.000000e+00
-14.7  132  0.000000e+00
-15  132  0.000000e+00
-15.3  132  0.000000e+00
-15.7  132  0.000000e+00
-16  132  0.000000e+00
-16.3  132  0.000000e+00
-1.670000e+01  1.320000e+02  0.0
-1.700000e+01  1.320000e+02  0.0
-1.730000e+01  1.320000e+02  0.0
-1.770000e+01  1.320000e+02  0.0
-1.800000e+01  1.320000e+02  0.0
-1.830000e+01  1.320000e+02  0.0
-1.870000e+01  1.320000e+02  0.0
-1.900000e+01  1.320000e+02  0.0
-1.930000e+01  1.320000e+02  0.0
-1.970000e+01  1.320000e+02  0.0
-2.000000e+01  1.320000e+02  0.0
-2.030000e+01  1.320000e+02  0.0
-2.070000e+01  1.320000e+02  0.0
-2.100000e+01  1.320000e+02  0.0
-2.130000e+01  1.320000e+02  0.0
-2.170000e+01  1.320000e+02  0.0
-2.200000e+01  1.320000e+02  0.0
-13.3  162  0.000000e+00
-13.7  162  0.000000e+00
-14  162  0.000000e+00
-14.3  162  0.000000e+00
-14.7  162  0.000000e+00
-15  162  0.000000e+00
-15.3  162  0.000000e+00
-15.7  162  0.000000e+00
-16  162  0.000000e+00
-1.630000e+01  1.620000e+02  0.0
-1.670000e+01  1.620000e+02  0.0
-1.700000e+01  1.620000e+02  0.0
-1.730000e+01  1.620000e+02  0.0
-1.770000e+01  1.620000e+02  0.0
-1.800000e+01  1.620000e+02  0.0
-1.830000e+01  1.620000e+02  0.0
-1.870000e+01  1.620000e+02  0.0
-1.900000e+01  1.620000e+02  0.0
-1.930000e+01  1.620000e+02  0.0
-1.970000e+01  1.620000e+02  0.0
-2.000000e+01  1.620000e+02  0.0
-2.030000e+01  1.620000e+02  0.0
-2.070000e+01  1.620000e+02  0.0
-2.100000e+01  1.620000e+02  0.0
-2.130000e+01  1.620000e+02  0.0
-2.170000e+01  1.620000e+02  0.0
-2.200000e+01  1.620000e+02  0.0
-13.3  199  0.000000e+00
-13.7  199  0.000000e+00
-14  199  0.000000e+00
-14.3  199  0.000000e+00
-14.7  199  0.000000e+00
-15  199  0.000000e+00
-15.3  199  0.000000e+00
-15.7  199  0.000000e+00
-1.600000e+01  1.990000e+02  0.0
-1.630000e+01  1.990000e+02  0.0
-1.670000e+01  1.990000e+02  0.0
-1.700000e+01  1.990000e+02  0.0
-1.730000e+01  1.990000e+02  0.0
-1.770000e+01  1.990000e+02  0.0
-1.800000e+01  1.990000e+02  0.0
-1.830000e+01  1.990000e+02  0.0
-1.870000e+01  1.990000e+02  0.0
-1.900000e+01  1.990000e+02  0.0
-1.930000e+01  1.990000e+02  0.0
-1.970000e+01  1.990000e+02  0.0
-2.000000e+01  1.990000e+02  0.0
-2.030000e+01  1.990000e+02  0.0
-2.070000e+01  1.990000e+02  0.0
-2.100000e+01  1.990000e+02  0.0
-2.130000e+01  1.990000e+02  0.0
-2.170000e+01  1.990000e+02  0.0
-2.200000e+01  1.990000e+02  0.0
-13.3  244  0.000000e+00
-13.7  244  0.000000e+00
-14  244  0.000000e+00
-14.3  244  0.000000e+00
-14.7  244  0.000000e+00
-15  244  0.000000e+00
-15.3  244  0.000000e+00
-15.7  244  0.000000e+00
-1.600000e+01  2.440000e+02  0.0
-1.630000e+01  2.440000e+02  0.0
-1.670000e+01  2.440000e+02  0.0
-1.700000e+01  2.440000e+02  0.0
-1.730000e+01  2.440000e+02  0.0
-1.770000e+01  2.440000e+02  0.0
-1.800000e+01  2.440000e+02  0.0
-1.830000e+01  2.440000e+02  0.0
-1.870000e+01  2.440000e+02  0.0
-1.900000e+01  2.440000e+02  0.0
-1.930000e+01  2.440000e+02  0.0
-1.970000e+01  2.440000e+02  0.0
-2.000000e+01  2.440000e+02  0.0
-2.030000e+01  2.440000e+02  0.0
-2.070000e+01  2.440000e+02  0.0
-2.100000e+01  2.440000e+02  0.0
-2.130000e+01  2.440000e+02  0.0
-2.170000e+01  2.440000e+02  0.0
-2.200000e+01  2.440000e+02  0.0
-13.3  300  0.000000e+00
-13.7  300  0.000000e+00
-14  300  0.000000e+00
-14.3  300  0.000000e+00
-14.7  300  0.000000e+00
-15  300  0.000000e+00
-15.3  300  0.000000e+00
-1.570000e+01  3.000000e+02  0.0
-1.600000e+01  3.000000e+02  0.0
-1.630000e+01  3.000000e+02  0.0
-1.670000e+01  3.000000e+02  0.0
-1.700000e+01  3.000000e+02  0.0
-1.730000e+01  3.000000e+02  0.0
-1.770000e+01  3.000000e+02  0.0
-1.800000e+01  3.000000e+02  0.0
-1.830000e+01  3.000000e+02  0.0
-1.870000e+01  3.000000e+02  0.0
-1.900000e+01  3.000000e+02  0.0
-1.930000e+01  3.000000e+02  0.0
-1.970000e+01  3.000000e+02  0.0
-2.000000e+01  3.000000e+02  0.0
-2.030000e+01  3.000000e+02  0.0
-2.070000e+01  3.000000e+02  0.0
-2.100000e+01  3.000000e+02  0.0
-2.130000e+01  3.000000e+02  0.0
-2.170000e+01  3.000000e+02  0.0
-2.200000e+01  3.000000e+02  0.0
