# log10(y)    mass[MeV]    Nhits
-13.3  5  1.935563e-04
-13.7  5  1.650668e-03
-14  5  1.577590e-02
-14.3  5  1.063046e-01
-14.7  5  3.822796e-01
-15  5  1.020152e+00
-15.3  5  2.174239e+00
-15.7  5  2.896629e+00
-16  5  3.074604e+00
-16.3  5  3.841613e+00
-16.7  5  2.158669e+00
-17  5  1.962913e+00
-17.3  5  1.519246e+00
-17.7  5  1.023225e+00
-18  5  7.069585e-01
-18.3  5  4.596576e-01
-18.7  5  2.483272e-01
-19  5  1.523017e-01
-19.3  5  9.179945e-02
-19.7  5  4.024532e-02
-20  5  2.365748e-02
-20.3  5  1.376795e-02
-20.7  5  6.874877e-03
-21  5  3.906057e-03
-21.3  5  1.355030e-03
-21.7  5  2.161710e-04
-2.200000e+01  5.000000e+00  0.0
-13.3  6  7.278180e-04
-13.7  6  6.344606e-03
-14  6  2.700599e-02
-14.3  6  1.861281e-01
-14.7  6  6.424832e-01
-15  6  1.326588e+00
-15.3  6  2.722574e+00
-15.7  6  2.520426e+00
-16  6  2.783552e+00
-16.3  6  2.339577e+00
-16.7  6  1.664842e+00
-17  6  1.433164e+00
-17.3  6  1.384353e+00
-17.7  6  8.779518e-01
-18  6  6.102048e-01
-18.3  6  3.463639e-01
-18.7  6  1.743323e-01
-19  6  1.052869e-01
-19.3  6  5.921387e-02
-19.7  6  2.411525e-02
-20  6  1.495045e-02
-20.3  6  1.046970e-02
-20.7  6  4.732883e-03
-21  6  1.548634e-03
-21.3  6  3.284105e-04
-2.170000e+01  6.000000e+00  0.0
-2.200000e+01  6.000000e+00  0.0
-13.3  8  4.913656e-03
-13.7  8  1.509399e-02
-14  8  4.781495e-02
-14.3  8  2.000908e-01
-14.7  8  4.535684e-01
-15  8  1.256753e+00
-15.3  8  1.801150e+00
-15.7  8  1.768197e+00
-16  8  1.608689e+00
-16.3  8  1.343454e+00
-16.7  8  9.203663e-01
-17  8  8.636642e-01
-17.3  8  7.134205e-01
-17.7  8  5.073622e-01
-18  8  3.097984e-01
-18.3  8  1.944261e-01
-18.7  8  8.912073e-02
-19  8  5.002348e-02
-19.3  8  2.668344e-02
-19.7  8  1.193803e-02
-20  8  8.969005e-03
-20.3  8  5.143155e-03
-20.7  8  1.350217e-03
-21  8  2.816051e-04
-2.130000e+01  8.000000e+00  0.0
-2.170000e+01  8.000000e+00  0.0
-2.200000e+01  8.000000e+00  0.0
-13.3  9  6.068535e-03
-13.7  9  2.395749e-02
-14  9  8.754598e-02
-14.3  9  3.235683e-01
-14.7  9  5.779540e-01
-15  9  1.248580e+00
-15.3  9  2.059646e+00
-15.7  9  1.637727e+00
-16  9  1.292955e+00
-16.3  9  1.094751e+00
-16.7  9  8.088965e-01
-17  9  8.412031e-01
-17.3  9  6.479540e-01
-17.7  9  3.896985e-01
-18  9  2.578647e-01
-18.3  9  1.561113e-01
-18.7  9  6.955169e-02
-19  9  3.738322e-02
-19.3  9  2.195260e-02
-19.7  9  1.217746e-02
-20  9  6.568479e-03
-20.3  9  2.121688e-03
-20.7  9  3.568203e-04
-2.100000e+01  9.000000e+00  0.0
-2.130000e+01  9.000000e+00  0.0
-2.170000e+01  9.000000e+00  0.0
-2.200000e+01  9.000000e+00  0.0
-13.3  11  1.461592e-02
-13.7  11  3.800435e-02
-14  11  1.105581e-01
-14.3  11  2.335012e-01
-14.7  11  4.991028e-01
-15  11  1.159714e+00
-15.3  11  1.517746e+00
-15.7  11  9.981998e-01
-16  11  8.328196e-01
-16.3  11  8.325059e-01
-16.7  11  5.023174e-01
-17  11  5.286694e-01
-17.3  11  3.760105e-01
-17.7  11  2.342592e-01
-18  11  1.503364e-01
-18.3  11  8.915492e-02
-18.7  11  4.345219e-02
-19  11  2.551414e-02
-19.3  11  1.491975e-02
-19.7  11  6.779639e-03
-20  11  1.964288e-03
-20.3  11  4.070254e-04
-2.070000e+01  1.100000e+01  0.0
-2.100000e+01  1.100000e+01  0.0
-2.130000e+01  1.100000e+01  0.0
-2.170000e+01  1.100000e+01  0.0
-2.200000e+01  1.100000e+01  0.0
-13.3  14  2.998537e-02
-13.7  14  5.898699e-02
-14  14  9.564858e-02
-14.3  14  2.146688e-01
-14.7  14  5.805844e-01
-15  14  7.848771e-01
-15.3  14  9.803176e-01
-15.7  14  5.306121e-01
-16  14  6.712914e-01
-16.3  14  5.341576e-01
-16.7  14  4.337428e-01
-17  14  2.881251e-01
-17.3  14  2.404069e-01
-17.7  14  1.191645e-01
-18  14  7.244886e-02
-18.3  14  4.674726e-02
-18.7  14  2.170468e-02
-19  14  1.425048e-02
-19.3  14  7.720239e-03
-19.7  14  1.890914e-03
-20  14  3.865617e-04
-2.030000e+01  1.400000e+01  0.0
-2.070000e+01  1.400000e+01  0.0
-2.100000e+01  1.400000e+01  0.0
-2.130000e+01  1.400000e+01  0.0
-2.170000e+01  1.400000e+01  0.0
-2.200000e+01  1.400000e+01  0.0
-13.3  17  2.511667e-02
-13.7  17  5.339949e-02
-14  17  1.426545e-01
-14.3  17  2.407954e-01
-14.7  17  3.281125e-01
-15  17  5.864170e-01
-15.3  17  7.387974e-01
-15.7  17  4.799045e-01
-16  17  4.162904e-01
-16.3  17  4.524206e-01
-16.7  17  2.815013e-01
-17  17  2.034530e-01
-17.3  17  1.374113e-01
-17.7  17  6.879670e-02
-18  17  4.121718e-02
-18.3  17  2.517738e-02
-18.7  17  1.436126e-02
-19  17  8.438205e-03
-19.3  17  2.395658e-03
-19.7  17  4.113851e-04
-2.000000e+01  1.700000e+01  0.0
-2.030000e+01  1.700000e+01  0.0
-2.070000e+01  1.700000e+01  0.0
-2.100000e+01  1.700000e+01  0.0
-2.130000e+01  1.700000e+01  0.0
-2.170000e+01  1.700000e+01  0.0
-2.200000e+01  1.700000e+01  0.0
-13.3  21  3.254836e-02
-13.7  21  5.312777e-02
-14  21  1.016713e-01
-14.3  21  1.730577e-01
-14.7  21  1.548240e-01
-15  21  4.881363e-01
-15.3  21  5.624128e-01
-15.7  21  3.891943e-01
-16  21  3.755281e-01
-16.3  21  2.493802e-01
-16.7  21  1.699383e-01
-17  21  1.170440e-01
-17.3  21  7.105942e-02
-17.7  21  3.464029e-02
-18  21  2.244149e-02
-18.3  21  1.702970e-02
-18.7  21  8.134587e-03
-19  21  2.500614e-03
-19.3  21  5.269042e-04
-1.970000e+01  2.100000e+01  0.0
-2.000000e+01  2.100000e+01  0.0
-2.030000e+01  2.100000e+01  0.0
-2.070000e+01  2.100000e+01  0.0
-2.100000e+01  2.100000e+01  0.0
-2.130000e+01  2.100000e+01  0.0
-2.170000e+01  2.100000e+01  0.0
-2.200000e+01  2.100000e+01  0.0
-13.3  26  2.213262e-02
-13.7  26  3.266010e-02
-14  26  6.633550e-02
-14.3  26  2.323138e-01
-14.7  26  2.374298e-01
-15  26  2.731774e-01
-15.3  26  3.823693e-01
-15.7  26  2.648525e-01
-16  26  2.442491e-01
-16.3  26  1.726863e-01
-16.7  26  1.037357e-01
-17  26  6.761539e-02
-17.3  26  3.759807e-02
-17.7  26  1.908014e-02
-18  26  1.477893e-02
-18.3  26  8.332265e-03
-18.7  26  2.230016e-03
-19  26  4.610406e-04
-1.930000e+01  2.600000e+01  0.0
-1.970000e+01  2.600000e+01  0.0
-2.000000e+01  2.600000e+01  0.0
-2.030000e+01  2.600000e+01  0.0
-2.070000e+01  2.600000e+01  0.0
-2.100000e+01  2.600000e+01  0.0
-2.130000e+01  2.600000e+01  0.0
-2.170000e+01  2.600000e+01  0.0
-2.200000e+01  2.600000e+01  0.0
-13.3  32  1.312402e-02
-13.7  32  1.167223e-02
-14  32  7.825816e-02
-14.3  32  7.685288e-02
-14.7  32  1.747109e-01
-15  32  1.379755e-01
-15.3  32  2.452889e-01
-15.7  32  1.483882e-01
-16  32  1.429234e-01
-16.3  32  1.093270e-01
-16.7  32  5.600379e-02
-17  32  3.710450e-02
-17.3  32  2.511286e-02
-17.7  32  1.344194e-02
-18  32  8.006489e-03
-18.3  32  2.747149e-03
-18.7  32  4.685528e-04
-1.900000e+01  3.200000e+01  0.0
-1.930000e+01  3.200000e+01  0.0
-1.970000e+01  3.200000e+01  0.0
-2.000000e+01  3.200000e+01  0.0
-2.030000e+01  3.200000e+01  0.0
-2.070000e+01  3.200000e+01  0.0
-2.100000e+01  3.200000e+01  0.0
-2.130000e+01  3.200000e+01  0.0
-2.170000e+01  3.200000e+01  0.0
-2.200000e+01  3.200000e+01  0.0
-13.3  39  4.396608e-03
-13.7  39  2.245368e-02
-14  39  4.506683e-02
-14.3  39  5.661738e-02
-14.7  39  7.296852e-02
-15  39  8.278455e-02
-15.3  39  1.261048e-01
-15.7  39  8.483610e-02
-16  39  7.411024e-02
-16.3  39  5.029211e-02
-16.7  39  2.724626e-02
-17  39  1.791093e-02
-17.3  39  1.287705e-02
-17.7  39  6.416868e-03
-18  39  2.008537e-03
-1.830000e+01  3.900000e+01  0.0
-1.870000e+01  3.900000e+01  0.0
-1.900000e+01  3.900000e+01  0.0
-1.930000e+01  3.900000e+01  0.0
-1.970000e+01  3.900000e+01  0.0
-2.000000e+01  3.900000e+01  0.0
-2.030000e+01  3.900000e+01  0.0
-2.070000e+01  3.900000e+01  0.0
-2.100000e+01  3.900000e+01  0.0
-2.130000e+01  3.900000e+01  0.0
-2.170000e+01  3.900000e+01  0.0
-2.200000e+01  3.900000e+01  0.0
-13.3  48  4.014879e-03
-13.7  48  5.812061e-03
-14  48  1.230293e-02
-14.3  48  5.812156e-02
-14.7  48  2.223526e-02
-15  48  5.645861e-02
-15.3  48  4.662994e-02
-15.7  48  4.399685e-02
-16  48  3.379740e-02
-16.3  48  2.560700e-02
-16.7  48  1.386299e-02
-17  48  9.908807e-03
-17.3  48  6.567244e-03
-17.7  48  1.884783e-03
-1.800000e+01  4.800000e+01  0.0
-1.830000e+01  4.800000e+01  0.0
-1.870000e+01  4.800000e+01  0.0
-1.900000e+01  4.800000e+01  0.0
-1.930000e+01  4.800000e+01  0.0
-1.970000e+01  4.800000e+01  0.0
-2.000000e+01  4.800000e+01  0.0
-2.030000e+01  4.800000e+01  0.0
-2.070000e+01  4.800000e+01  0.0
-2.100000e+01  4.800000e+01  0.0
-2.130000e+01  4.800000e+01  0.0
-2.170000e+01  4.800000e+01  0.0
-2.200000e+01  4.800000e+01  0.0
-13.3  58  1.206522e-03
-13.7  58  3.601938e-03
-14  58  1.079891e-02
-14.3  58  1.591751e-02
-14.7  58  1.219779e-02
-15  58  1.758190e-02
-15.3  58  2.739874e-02
-15.7  58  2.107976e-02
-16  58  1.600098e-02
-16.3  58  1.154169e-02
-16.7  58  7.218633e-03
-17  58  4.922875e-03
-17.3  58  1.990456e-03
-1.770000e+01  5.800000e+01  0.0
-1.800000e+01  5.800000e+01  0.0
-1.830000e+01  5.800000e+01  0.0
-1.870000e+01  5.800000e+01  0.0
-1.900000e+01  5.800000e+01  0.0
-1.930000e+01  5.800000e+01  0.0
-1.970000e+01  5.800000e+01  0.0
-2.000000e+01  5.800000e+01  0.0
-2.030000e+01  5.800000e+01  0.0
-2.070000e+01  5.800000e+01  0.0
-2.100000e+01  5.800000e+01  0.0
-2.130000e+01  5.800000e+01  0.0
-2.170000e+01  5.800000e+01  0.0
-2.200000e+01  5.800000e+01  0.0
-13.3  88  3.059935e-04
-13.7  88  4.184071e-04
-14  88  6.697654e-04
-14.3  88  1.672048e-03
-14.7  88  2.248335e-03
-15  88  2.763790e-03
-15.3  88  3.119903e-03
-15.7  88  1.980735e-03
-16  88  2.028412e-03
-16.3  88  1.804096e-03
-16.7  88  8.200176e-04
-17  88  2.204531e-04
-1.730000e+01  8.800000e+01  0.0
-1.770000e+01  8.800000e+01  0.0
-1.800000e+01  8.800000e+01  0.0
-1.830000e+01  8.800000e+01  0.0
-1.870000e+01  8.800000e+01  0.0
-1.900000e+01  8.800000e+01  0.0
-1.930000e+01  8.800000e+01  0.0
-1.970000e+01  8.800000e+01  0.0
-2.000000e+01  8.800000e+01  0.0
-2.030000e+01  8.800000e+01  0.0
-2.070000e+01  8.800000e+01  0.0
-2.100000e+01  8.800000e+01  0.0
-2.130000e+01  8.800000e+01  0.0
-2.170000e+01  8.800000e+01  0.0
-2.200000e+01  8.800000e+01  0.0
-13.3  108  0.000000e+00
-13.7  108  0.000000e+00
-14  108  0.000000e+00
-14.3  108  0.000000e+00
-14.7  108  0.000000e+00
-15  108  0.000000e+00
-15.3  108  0.000000e+00
-15.7  108  0.000000e+00
-16  108  0.000000e+00
-16.3  108  0.000000e+00
-16.7  108  0.000000e+00
-1.700000e+01  1.080000e+02  0.0
-1.730000e+01  1.080000e+02  0.0
-1.770000e+01  1.080000e+02  0.0
-1.800000e+01  1.080000e+02  0.0
-1.830000e+01  1.080000e+02  0.0
-1.870000e+01  1.080000e+02  0.0
-1.900000e+01  1.080000e+02  0.0
-1.930000e+01  1.080000e+02  0.0
-1.970000e+01  1.080000e+02  0.0
-2.000000e+01  1.080000e+02  0.0
-2.030000e+01  1.080000e+02  0.0
-2.070000e+01  1.080000e+02  0.0
-2.100000e+01  1.080000e+02  0.0
-2.130000e+01  1.080000e+02  0.0
-2.170000e+01  1.080000e+02  0.0
-2.200000e+01  1.080000e+02  0.0
-13.3  132  0.000000e+00
-13.7  132  0.000000e+00
-14  132  0.000000e+00
-14.3  132  0.000000e+00
-14.7  132  0.000000e+00
-15  132  0.000000e+00
-15.3  132  0.000000e+00
-15.7  132  0.000000e+00
-16  132  0.000000e+00
-16.3  132  0.000000e+00
-1.670000e+01  1.320000e+02  0.0
-1.700000e+01  1.320000e+02  0.0
-1.730000e+01  1.320000e+02  0.0
-1.770000e+01  1.320000e+02  0.0
-1.800000e+01  1.320000e+02  0.0
-1.830000e+01  1.320000e+02  0.0
-1.870000e+01  1.320000e+02  0.0
-1.900000e+01  1.320000e+02  0.0
-1.930000e+01  1.320000e+02  0.0
-1.970000e+01  1.320000e+02  0.0
-2.000000e+01  1.320000e+02  0.0
-2.030000e+01  1.320000e+02  0.0
-2.070000e+01  1.320000e+02  0.0
-2.100000e+01  1.320000e+02  0.0
-2.130000e+01  1.320000e+02  0.0
-2.170000e+01  1.320000e+02  0.0
-2.200000e+01  1.320000e+02  0.0
-13.3  162  0.000000e+00
-13.7  162  0.000000e+00
-14  162  0.000000e+00
-14.3  162  0.000000e+00
-14.7  162  0.000000e+00
-15  162  0.000000e+00
-15.3  162  0.000000e+00
-15.7  162  0.000000e+00
-16  162  0.000000e+00
-1.630000e+01  1.620000e+02  0.0
-1.670000e+01  1.620000e+02  0.0
-1.700000e+01  1.620000e+02  0.0
-1.730000e+01  1.620000e+02  0.0
-1.770000e+01  1.620000e+02  0.0
-1.800000e+01  1.620000e+02  0.0
-1.830000e+01  1.620000e+02  0.0
-1.870000e+01  1.620000e+02  0.0
-1.900000e+01  1.620000e+02  0.0
-1.930000e+01  1.620000e+02  0.0
-1.970000e+01  1.620000e+02  0.0
-2.000000e+01  1.620000e+02  0.0
-2.030000e+01  1.620000e+02  0.0
-2.070000e+01  1.620000e+02  0.0
-2.100000e+01  1.620000e+02  0.0
-2.130000e+01  1.620000e+02  0.0
-2.170000e+01  1.620000e+02  0.0
-2.200000e+01  1.620000e+02  0.0
-13.3  199  0.000000e+00
-13.7  199  0.000000e+00
-14  199  0.000000e+00
-14.3  199  0.000000e+00
-14.7  199  0.000000e+00
-15  199  0.000000e+00
-15.3  199  0.000000e+00
-15.7  199  0.000000e+00
-1.600000e+01  1.990000e+02  0.0
-1.630000e+01  1.990000e+02  0.0
-1.670000e+01  1.990000e+02  0.0
-1.700000e+01  1.990000e+02  0.0
-1.730000e+01  1.990000e+02  0.0
-1.770000e+01  1.990000e+02  0.0
-1.800000e+01  1.990000e+02  0.0
-1.830000e+01  1.990000e+02  0.0
-1.870000e+01  1.990000e+02  0.0
-1.900000e+01  1.990000e+02  0.0
-1.930000e+01  1.990000e+02  0.0
-1.970000e+01  1.990000e+02  0.0
-2.000000e+01  1.990000e+02  0.0
-2.030000e+01  1.990000e+02  0.0
-2.070000e+01  1.990000e+02  0.0
-2.100000e+01  1.990000e+02  0.0
-2.130000e+01  1.990000e+02  0.0
-2.170000e+01  1.990000e+02  0.0
-2.200000e+01  1.990000e+02  0.0
-13.3  244  0.000000e+00
-13.7  244  0.000000e+00
-14  244  0.000000e+00
-14.3  244  0.000000e+00
-14.7  244  0.000000e+00
-15  244  0.000000e+00
-15.3  244  0.000000e+00
-15.7  244  0.000000e+00
-1.600000e+01  2.440000e+02  0.0
-1.630000e+01  2.440000e+02  0.0
-1.670000e+01  2.440000e+02  0.0
-1.700000e+01  2.440000e+02  0.0
-1.730000e+01  2.440000e+02  0.0
-1.770000e+01  2.440000e+02  0.0
-1.800000e+01  2.440000e+02  0.0
-1.830000e+01  2.440000e+02  0.0
-1.870000e+01  2.440000e+02  0.0
-1.900000e+01  2.440000e+02  0.0
-1.930000e+01  2.440000e+02  0.0
-1.970000e+01  2.440000e+02  0.0
-2.000000e+01  2.440000e+02  0.0
-2.030000e+01  2.440000e+02  0.0
-2.070000e+01  2.440000e+02  0.0
-2.100000e+01  2.440000e+02  0.0
-2.130000e+01  2.440000e+02  0.0
-2.170000e+01  2.440000e+02  0.0
-2.200000e+01  2.440000e+02  0.0
-13.3  300  0.000000e+00
-13.7  300  0.000000e+00
-14  300  0.000000e+00
-14.3  300  0.000000e+00
-14.7  300  0.000000e+00
-15  300  0.000000e+00
-15.3  300  0.000000e+00
-1.570000e+01  3.000000e+02  0.0
-1.600000e+01  3.000000e+02  0.0
-1.630000e+01  3.000000e+02  0.0
-1.670000e+01  3.000000e+02  0.0
-1.700000e+01  3.000000e+02  0.0
-1.730000e+01  3.000000e+02  0.0
-1.770000e+01  3.000000e+02  0.0
-1.800000e+01  3.000000e+02  0.0
-1.830000e+01  3.000000e+02  0.0
-1.870000e+01  3.000000e+02  0.0
-1.900000e+01  3.000000e+02  0.0
-1.930000e+01  3.000000e+02  0.0
-1.970000e+01  3.000000e+02  0.0
-2.000000e+01  3.000000e+02  0.0
-2.030000e+01  3.000000e+02  0.0
-2.070000e+01  3.000000e+02  0.0
-2.100000e+01  3.000000e+02  0.0
-2.130000e+01  3.000000e+02  0.0
-2.170000e+01  3.000000e+02  0.0
-2.200000e+01  3.000000e+02  0.0
