# log10(y)    mass[MeV]    Nhits
-13.3  5  3.420294e-04
-13.7  5  2.174918e-03
-14  5  1.597746e-02
-14.3  5  9.116707e-02
-14.7  5  3.014095e-01
-15  5  7.651293e-01
-15.3  5  1.555052e+00
-15.7  5  1.990732e+00
-16  5  2.081906e+00
-16.3  5  2.649448e+00
-16.7  5  1.566581e+00
-17  5  1.527519e+00
-17.3  5  1.236203e+00
-17.7  5  9.807537e-01
-18  5  7.615817e-01
-18.3  5  5.493468e-01
-18.7  5  3.322032e-01
-19  5  2.329595e-01
-19.3  5  1.611097e-01
-19.7  5  8.314806e-02
-20  5  5.878158e-02
-20.3  5  4.333195e-02
-20.7  5  2.483931e-02
-21  5  1.522705e-02
-21.3  5  6.087310e-03
-21.7  5  1.185463e-03
-2.200000e+01  5.000000e+00  0.0
-13.3  6  9.186802e-04
-13.7  6  6.874698e-03
-14  6  2.451124e-02
-14.3  6  1.492269e-01
-14.7  6  4.871483e-01
-15  6  9.824118e-01
-15.3  6  1.977462e+00
-15.7  6  1.791173e+00
-16  6  1.952709e+00
-16.3  6  1.653172e+00
-16.7  6  1.212381e+00
-17  6  1.067273e+00
-17.3  6  1.153403e+00
-17.7  6  8.054906e-01
-18  6  6.131212e-01
-18.3  6  3.809899e-01
-18.7  6  2.081740e-01
-19  6  1.332285e-01
-19.3  6  7.849749e-02
-19.7  6  3.330989e-02
-20  6  2.114501e-02
-20.3  6  1.498522e-02
-20.7  6  6.814052e-03
-21  6  2.247662e-03
-21.3  6  4.808635e-04
-2.170000e+01  6.000000e+00  0.0
-2.200000e+01  6.000000e+00  0.0
-13.3  8  5.626629e-03
-13.7  8  1.912562e-02
-14  8  6.043710e-02
-14.3  8  2.325739e-01
-14.7  8  4.739961e-01
-15  8  1.202274e+00
-15.3  8  1.605365e+00
-15.7  8  1.487441e+00
-16  8  1.288753e+00
-16.3  8  1.040259e+00
-16.7  8  7.054824e-01
-17  8  6.618302e-01
-17.3  8  5.675088e-01
-17.7  8  4.248328e-01
-18  8  2.778955e-01
-18.3  8  1.890695e-01
-18.7  8  9.303878e-02
-19  8  5.595328e-02
-19.3  8  3.215474e-02
-19.7  8  1.515075e-02
-20  8  1.172596e-02
-20.3  8  6.831671e-03
-20.7  8  1.837946e-03
-21  8  3.932194e-04
-2.130000e+01  8.000000e+00  0.0
-2.170000e+01  8.000000e+00  0.0
-2.200000e+01  8.000000e+00  0.0
-13.3  9  6.986130e-03
-13.7  9  3.009448e-02
-14  9  1.108657e-01
-14.3  9  3.853382e-01
-14.7  9  6.304342e-01
-15  9  1.252221e+00
-15.3  9  1.921424e+00
-15.7  9  1.433775e+00
-16  9  1.075198e+00
-16.3  9  8.923826e-01
-16.7  9  6.353475e-01
-17  9  6.638900e-01
-17.3  9  5.253338e-01
-17.7  9  3.312861e-01
-18  9  2.338452e-01
-18.3  9  1.506820e-01
-18.7  9  7.159843e-02
-19  9  4.135967e-02
-19.3  9  2.552697e-02
-19.7  9  1.456847e-02
-20  9  7.960007e-03
-20.3  9  2.611307e-03
-20.7  9  4.428770e-04
-2.100000e+01  9.000000e+00  0.0
-2.130000e+01  9.000000e+00  0.0
-2.170000e+01  9.000000e+00  0.0
-2.200000e+01  9.000000e+00  0.0
-13.3  11  1.433102e-02
-13.7  11  4.178623e-02
-14  11  1.296017e-01
-14.3  11  2.742222e-01
-14.7  11  5.618193e-01
-15  11  1.230158e+00
-15.3  11  1.514013e+00
-15.7  11  9.372145e-01
-16  11  7.604058e-01
-16.3  11  7.115872e-01
-16.7  11  4.128072e-01
-17  11  4.285545e-01
-17.3  11  3.074830e-01
-17.7  11  1.961304e-01
-18  11  1.320159e-01
-18.3  11  8.262471e-02
-18.7  11  4.350045e-02
-19  11  2.740179e-02
-19.3  11  1.689621e-02
-19.7  11  7.919294e-03
-20  11  2.416486e-03
-20.3  11  5.432880e-04
-2.070000e+01  1.100000e+01  0.0
-2.100000e+01  1.100000e+01  0.0
-2.130000e+01  1.100000e+01  0.0
-2.170000e+01  1.100000e+01  0.0
-2.200000e+01  1.100000e+01  0.0
-13.3  14  2.359484e-02
-13.7  14  5.189625e-02
-14  14  9.284039e-02
-14.3  14  2.216937e-01
-14.7  14  6.114661e-01
-15  14  8.163186e-01
-15.3  14  9.883233e-01
-15.7  14  5.242677e-01
-16  14  6.312108e-01
-16.3  14  4.751524e-01
-16.7  14  3.729422e-01
-17  14  2.414620e-01
-17.3  14  1.990982e-01
-17.7  14  9.934639e-02
-18  14  6.174122e-02
-18.3  14  4.174321e-02
-18.7  14  2.046686e-02
-19  14  1.409657e-02
-19.3  14  7.874162e-03
-19.7  14  2.047128e-03
-20  14  4.594700e-04
-2.030000e+01  1.400000e+01  0.0
-2.070000e+01  1.400000e+01  0.0
-2.100000e+01  1.400000e+01  0.0
-2.130000e+01  1.400000e+01  0.0
-2.170000e+01  1.400000e+01  0.0
-2.200000e+01  1.400000e+01  0.0
-13.3  17  2.057587e-02
-13.7  17  4.663531e-02
-14  17  1.335715e-01
-14.3  17  2.377119e-01
-14.7  17  3.326344e-01
-15  17  5.950167e-01
-15.3  17  7.434624e-01
-15.7  17  4.720538e-01
-16  17  3.935240e-01
-16.3  17  4.116352e-01
-16.7  17  2.476519e-01
-17  17  1.737112e-01
-17.3  17  1.147295e-01
-17.7  17  5.681928e-02
-18  17  3.393276e-02
-18.3  17  2.082869e-02
-18.7  17  1.196805e-02
-19  17  7.072316e-03
-19.3  17  2.031976e-03
-19.7  17  3.559434e-04
-2.000000e+01  1.700000e+01  0.0
-2.030000e+01  1.700000e+01  0.0
-2.070000e+01  1.700000e+01  0.0
-2.100000e+01  1.700000e+01  0.0
-2.130000e+01  1.700000e+01  0.0
-2.170000e+01  1.700000e+01  0.0
-2.200000e+01  1.700000e+01  0.0
-13.3  21  2.510546e-02
-13.7  21  4.262504e-02
-14  21  8.583129e-02
-14.3  21  1.532957e-01
-14.7  21  1.421703e-01
-15  21  4.544467e-01
-15.3  21  5.297092e-01
-15.7  21  3.656872e-01
-16  21  3.476774e-01
-16.3  21  2.252170e-01
-16.7  21  1.500481e-01
-17  21  1.002552e-01
-17.3  21  5.898969e-02
-17.7  21  2.804082e-02
-18  21  1.767235e-02
-18.3  21  1.321258e-02
-18.7  21  6.264310e-03
-19  21  1.901549e-03
-19.3  21  3.938962e-04
-1.970000e+01  2.100000e+01  0.0
-2.000000e+01  2.100000e+01  0.0
-2.030000e+01  2.100000e+01  0.0
-2.070000e+01  2.100000e+01  0.0
-2.100000e+01  2.100000e+01  0.0
-2.130000e+01  2.100000e+01  0.0
-2.170000e+01  2.100000e+01  0.0
-2.200000e+01  2.100000e+01  0.0
-13.3  26  1.704877e-02
-13.7  26  2.573729e-02
-14  26  5.411499e-02
-14.3  26  1.968103e-01
-14.7  26  2.062615e-01
-15  26  2.424302e-01
-15.3  26  3.480475e-01
-15.7  26  2.427142e-01
-16  26  2.231019e-01
-16.3  26  1.560784e-01
-16.7  26  9.221655e-02
-17  26  5.909532e-02
-17.3  26  3.214505e-02
-17.7  26  1.596824e-02
-18  26  1.223194e-02
-18.3  26  6.851454e-03
-18.7  26  1.817460e-03
-19  26  3.713822e-04
-1.930000e+01  2.600000e+01  0.0
-1.970000e+01  2.600000e+01  0.0
-2.000000e+01  2.600000e+01  0.0
-2.030000e+01  2.600000e+01  0.0
-2.070000e+01  2.600000e+01  0.0
-2.100000e+01  2.600000e+01  0.0
-2.130000e+01  2.600000e+01  0.0
-2.170000e+01  2.600000e+01  0.0
-2.200000e+01  2.600000e+01  0.0
-13.3  32  1.043367e-02
-13.7  32  9.385851e-03
-14  32  6.434502e-02
-14.3  32  6.467120e-02
-14.7  32  1.493381e-01
-15  32  1.221473e-01
-15.3  32  2.212027e-01
-15.7  32  1.348086e-01
-16  32  1.298852e-01
-16.3  32  9.855336e-02
-16.7  32  4.960544e-02
-17  32  3.197638e-02
-17.3  32  2.100558e-02
-17.7  32  1.089989e-02
-18  32  6.393699e-03
-18.3  32  2.130333e-03
-18.7  32  3.462268e-04
-1.900000e+01  3.200000e+01  0.0
-1.930000e+01  3.200000e+01  0.0
-1.970000e+01  3.200000e+01  0.0
-2.000000e+01  3.200000e+01  0.0
-2.030000e+01  3.200000e+01  0.0
-2.070000e+01  3.200000e+01  0.0
-2.100000e+01  3.200000e+01  0.0
-2.130000e+01  3.200000e+01  0.0
-2.170000e+01  3.200000e+01  0.0
-2.200000e+01  3.200000e+01  0.0
-13.3  39  3.506827e-03
-13.7  39  1.818111e-02
-14  39  3.683701e-02
-14.3  39  4.771475e-02
-14.7  39  6.304135e-02
-15  39  7.291548e-02
-15.3  39  1.127476e-01
-15.7  39  7.652732e-02
-16  39  6.722046e-02
-16.3  39  4.574419e-02
-16.7  39  2.480083e-02
-17  39  1.629820e-02
-17.3  39  1.170558e-02
-17.7  39  5.824022e-03
-18  39  1.819088e-03
-1.830000e+01  3.900000e+01  0.0
-1.870000e+01  3.900000e+01  0.0
-1.900000e+01  3.900000e+01  0.0
-1.930000e+01  3.900000e+01  0.0
-1.970000e+01  3.900000e+01  0.0
-2.000000e+01  3.900000e+01  0.0
-2.030000e+01  3.900000e+01  0.0
-2.070000e+01  3.900000e+01  0.0
-2.100000e+01  3.900000e+01  0.0
-2.130000e+01  3.900000e+01  0.0
-2.170000e+01  3.900000e+01  0.0
-2.200000e+01  3.900000e+01  0.0
-13.3  48  3.241309e-03
-13.7  48  4.716686e-03
-14  48  1.011811e-02
-14.3  48  4.902509e-02
-14.7  48  1.914288e-02
-15  48  4.956313e-02
-15.3  48  4.152034e-02
-15.7  48  3.961457e-02
-16  48  3.067461e-02
-16.3  48  2.335858e-02
-16.7  48  1.267543e-02
-17  48  9.056207e-03
-17.3  48  5.997387e-03
-17.7  48  1.719041e-03
-1.800000e+01  4.800000e+01  0.0
-1.830000e+01  4.800000e+01  0.0
-1.870000e+01  4.800000e+01  0.0
-1.900000e+01  4.800000e+01  0.0
-1.930000e+01  4.800000e+01  0.0
-1.970000e+01  4.800000e+01  0.0
-2.000000e+01  4.800000e+01  0.0
-2.030000e+01  4.800000e+01  0.0
-2.070000e+01  4.800000e+01  0.0
-2.100000e+01  4.800000e+01  0.0
-2.130000e+01  4.800000e+01  0.0
-2.170000e+01  4.800000e+01  0.0
-2.200000e+01  4.800000e+01  0.0
-13.3  58  9.663070e-04
-13.7  58  2.895146e-03
-14  58  8.821502e-03
-14.3  58  1.328867e-02
-14.7  58  1.042101e-02
-15  58  1.533658e-02
-15.3  58  2.439134e-02
-15.7  58  1.912266e-02
-16  58  1.475922e-02
-16.3  58  1.079880e-02
-16.7  58  6.768582e-03
-17  58  4.632765e-03
-17.3  58  1.884017e-03
-1.770000e+01  5.800000e+01  0.0
-1.800000e+01  5.800000e+01  0.0
-1.830000e+01  5.800000e+01  0.0
-1.870000e+01  5.800000e+01  0.0
-1.900000e+01  5.800000e+01  0.0
-1.930000e+01  5.800000e+01  0.0
-1.970000e+01  5.800000e+01  0.0
-2.000000e+01  5.800000e+01  0.0
-2.030000e+01  5.800000e+01  0.0
-2.070000e+01  5.800000e+01  0.0
-2.100000e+01  5.800000e+01  0.0
-2.130000e+01  5.800000e+01  0.0
-2.170000e+01  5.800000e+01  0.0
-2.200000e+01  5.800000e+01  0.0
-13.3  88  2.577388e-04
-13.7  88  3.440604e-04
-14  88  5.431253e-04
-14.3  88  1.344803e-03
-14.7  88  1.798246e-03
-15  88  2.200496e-03
-15.3  88  2.474954e-03
-15.7  88  1.566610e-03
-16  88  1.600428e-03
-16.3  88  1.423011e-03
-16.7  88  6.467983e-04
-17  88  1.738275e-04
-1.730000e+01  8.800000e+01  0.0
-1.770000e+01  8.800000e+01  0.0
-1.800000e+01  8.800000e+01  0.0
-1.830000e+01  8.800000e+01  0.0
-1.870000e+01  8.800000e+01  0.0
-1.900000e+01  8.800000e+01  0.0
-1.930000e+01  8.800000e+01  0.0
-1.970000e+01  8.800000e+01  0.0
-2.000000e+01  8.800000e+01  0.0
-2.030000e+01  8.800000e+01  0.0
-2.070000e+01  8.800000e+01  0.0
-2.100000e+01  8.800000e+01  0.0
-2.130000e+01  8.800000e+01  0.0
-2.170000e+01  8.800000e+01  0.0
-2.200000e+01  8.800000e+01  0.0
-13.3  108  0.000000e+00
-13.7  108  0.000000e+00
-14  108  0.000000e+00
-14.3  108  0.000000e+00
-14.7  108  0.000000e+00
-15  108  0.000000e+00
-15.3  108  0.000000e+00
-15.7  108  0.000000e+00
-16  108  0.000000e+00
-16.3  108  0.000000e+00
-16.7  108  0.000000e+00
-1.700000e+01  1.080000e+02  0.0
-1.730000e+01  1.080000e+02  0.0
-1.770000e+01  1.080000e+02  0.0
-1.800000e+01  1.080000e+02  0.0
-1.830000e+01  1.080000e+02  0.0
-1.870000e+01  1.080000e+02  0.0
-1.900000e+01  1.080000e+02  0.0
-1.930000e+01  1.080000e+02  0.0
-1.970000e+01  1.080000e+02  0.0
-2.000000e+01  1.080000e+02  0.0
-2.030000e+01  1.080000e+02  0.0
-2.070000e+01  1.080000e+02  0.0
-2.100000e+01  1.080000e+02  0.0
-2.130000e+01  1.080000e+02  0.0
-2.170000e+01  1.080000e+02  0.0
-2.200000e+01  1.080000e+02  0.0
-13.3  132  0.000000e+00
-13.7  132  0.000000e+00
-14  132  0.000000e+00
-14.3  132  0.000000e+00
-14.7  132  0.000000e+00
-15  132  0.000000e+00
-15.3  132  0.000000e+00
-15.7  132  0.000000e+00
-16  132  0.000000e+00
-16.3  132  0.000000e+00
-1.670000e+01  1.320000e+02  0.0
-1.700000e+01  1.320000e+02  0.0
-1.730000e+01  1.320000e+02  0.0
-1.770000e+01  1.320000e+02  0.0
-1.800000e+01  1.320000e+02  0.0
-1.830000e+01  1.320000e+02  0.0
-1.870000e+01  1.320000e+02  0.0
-1.900000e+01  1.320000e+02  0.0
-1.930000e+01  1.320000e+02  0.0
-1.970000e+01  1.320000e+02  0.0
-2.000000e+01  1.320000e+02  0.0
-2.030000e+01  1.320000e+02  0.0
-2.070000e+01  1.320000e+02  0.0
-2.100000e+01  1.320000e+02  0.0
-2.130000e+01  1.320000e+02  0.0
-2.170000e+01  1.320000e+02  0.0
-2.200000e+01  1.320000e+02  0.0
-13.3  162  0.000000e+00
-13.7  162  0.000000e+00
-14  162  0.000000e+00
-14.3  162  0.000000e+00
-14.7  162  0.000000e+00
-15  162  0.000000e+00
-15.3  162  0.000000e+00
-15.7  162  0.000000e+00
-16  162  0.000000e+00
-1.630000e+01  1.620000e+02  0.0
-1.670000e+01  1.620000e+02  0.0
-1.700000e+01  1.620000e+02  0.0
-1.730000e+01  1.620000e+02  0.0
-1.770000e+01  1.620000e+02  0.0
-1.800000e+01  1.620000e+02  0.0
-1.830000e+01  1.620000e+02  0.0
-1.870000e+01  1.620000e+02  0.0
-1.900000e+01  1.620000e+02  0.0
-1.930000e+01  1.620000e+02  0.0
-1.970000e+01  1.620000e+02  0.0
-2.000000e+01  1.620000e+02  0.0
-2.030000e+01  1.620000e+02  0.0
-2.070000e+01  1.620000e+02  0.0
-2.100000e+01  1.620000e+02  0.0
-2.130000e+01  1.620000e+02  0.0
-2.170000e+01  1.620000e+02  0.0
-2.200000e+01  1.620000e+02  0.0
-13.3  199  0.000000e+00
-13.7  199  0.000000e+00
-14  199  0.000000e+00
-14.3  199  0.000000e+00
-14.7  199  0.000000e+00
-15  199  0.000000e+00
-15.3  199  0.000000e+00
-15.7  199  0.000000e+00
-1.600000e+01  1.990000e+02  0.0
-1.630000e+01  1.990000e+02  0.0
-1.670000e+01  1.990000e+02  0.0
-1.700000e+01  1.990000e+02  0.0
-1.730000e+01  1.990000e+02  0.0
-1.770000e+01  1.990000e+02  0.0
-1.800000e+01  1.990000e+02  0.0
-1.830000e+01  1.990000e+02  0.0
-1.870000e+01  1.990000e+02  0.0
-1.900000e+01  1.990000e+02  0.0
-1.930000e+01  1.990000e+02  0.0
-1.970000e+01  1.990000e+02  0.0
-2.000000e+01  1.990000e+02  0.0
-2.030000e+01  1.990000e+02  0.0
-2.070000e+01  1.990000e+02  0.0
-2.100000e+01  1.990000e+02  0.0
-2.130000e+01  1.990000e+02  0.0
-2.170000e+01  1.990000e+02  0.0
-2.200000e+01  1.990000e+02  0.0
-13.3  244  0.000000e+00
-13.7  244  0.000000e+00
-14  244  0.000000e+00
-14.3  244  0.000000e+00
-14.7  244  0.000000e+00
-15  244  0.000000e+00
-15.3  244  0.000000e+00
-15.7  244  0.000000e+00
-1.600000e+01  2.440000e+02  0.0
-1.630000e+01  2.440000e+02  0.0
-1.670000e+01  2.440000e+02  0.0
-1.700000e+01  2.440000e+02  0.0
-1.730000e+01  2.440000e+02  0.0
-1.770000e+01  2.440000e+02  0.0
-1.800000e+01  2.440000e+02  0.0
-1.830000e+01  2.440000e+02  0.0
-1.870000e+01  2.440000e+02  0.0
-1.900000e+01  2.440000e+02  0.0
-1.930000e+01  2.440000e+02  0.0
-1.970000e+01  2.440000e+02  0.0
-2.000000e+01  2.440000e+02  0.0
-2.030000e+01  2.440000e+02  0.0
-2.070000e+01  2.440000e+02  0.0
-2.100000e+01  2.440000e+02  0.0
-2.130000e+01  2.440000e+02  0.0
-2.170000e+01  2.440000e+02  0.0
-2.200000e+01  2.440000e+02  0.0
-13.3  300  0.000000e+00
-13.7  300  0.000000e+00
-14  300  0.000000e+00
-14.3  300  0.000000e+00
-14.7  300  0.000000e+00
-15  300  0.000000e+00
-15.3  300  0.000000e+00
-1.570000e+01  3.000000e+02  0.0
-1.600000e+01  3.000000e+02  0.0
-1.630000e+01  3.000000e+02  0.0
-1.670000e+01  3.000000e+02  0.0
-1.700000e+01  3.000000e+02  0.0
-1.730000e+01  3.000000e+02  0.0
-1.770000e+01  3.000000e+02  0.0
-1.800000e+01  3.000000e+02  0.0
-1.830000e+01  3.000000e+02  0.0
-1.870000e+01  3.000000e+02  0.0
-1.900000e+01  3.000000e+02  0.0
-1.930000e+01  3.000000e+02  0.0
-1.970000e+01  3.000000e+02  0.0
-2.000000e+01  3.000000e+02  0.0
-2.030000e+01  3.000000e+02  0.0
-2.070000e+01  3.000000e+02  0.0
-2.100000e+01  3.000000e+02  0.0
-2.130000e+01  3.000000e+02  0.0
-2.170000e+01  3.000000e+02  0.0
-2.200000e+01  3.000000e+02  0.0
