# log10(y)    mass[MeV]    Nhits
-1.330000e+01  5.000  3.195995e-05
-1.330000e+01  6.000  2.779056e-04
-1.330000e+01  8.000  2.828090e-03
-1.330000e+01  9.000  4.997533e-03
-1.330000e+01  11.000  1.657081e-02
-1.330000e+01  14.000  4.232341e-02
-1.330000e+01  17.000  5.282306e-02
-1.330000e+01  21.000  8.019510e-02
-1.330000e+01  26.000  7.414556e-02
-1.330000e+01  32.000  6.335913e-02
-1.330000e+01  39.000  3.093478e-02
-1.330000e+01  48.000  4.148127e-02
-1.330000e+01  58.000  1.837737e-02
-1.330000e+01  88.000  1.410939e-02
-1.330000e+01  108.000  3.447599e-03
-1.330000e+01  132.000  2.060837e-03
-1.330000e+01  162.000  1.429888e-03
-1.330000e+01  199.000  4.919945e-04
-1.330000e+01  244.000  8.560871e-05
-1.330000e+01  300.000  2.922239e-05
-1.370000e+01  5.000  4.275237e-04
-1.370000e+01  6.000  3.198693e-03
-1.370000e+01  8.000  1.306498e-02
-1.370000e+01  9.000  2.837630e-02
-1.370000e+01  11.000  6.102768e-02
-1.370000e+01  14.000  1.185251e-01
-1.370000e+01  17.000  1.463655e-01
-1.370000e+01  21.000  1.631051e-01
-1.370000e+01  26.000  1.261510e-01
-1.370000e+01  32.000  6.022373e-02
-1.370000e+01  39.000  1.610472e-01
-1.370000e+01  48.000  5.921544e-02
-1.370000e+01  58.000  5.124843e-02
-1.370000e+01  88.000  1.576761e-02
-1.370000e+01  108.000  6.792736e-03
-1.370000e+01  132.000  3.768425e-03
-1.370000e+01  162.000  1.950271e-03
-1.370000e+01  199.000  6.052752e-04
-1.370000e+01  244.000  1.478223e-04
-1.370000e+01  300.000  8.923692e-05
-1.400000e+01  5.000  5.775248e-03
-1.400000e+01  6.000  1.682865e-02
-1.400000e+01  8.000  5.412279e-02
-1.400000e+01  9.000  1.327412e-01
-1.400000e+01  11.000  2.319068e-01
-1.400000e+01  14.000  2.538407e-01
-1.400000e+01  17.000  4.902667e-01
-1.400000e+01  21.000  3.769633e-01
-1.400000e+01  26.000  2.899640e-01
-1.400000e+01  32.000  4.308757e-01
-1.400000e+01  39.000  3.266421e-01
-1.400000e+01  48.000  1.217788e-01
-1.400000e+01  58.000  1.411643e-01
-1.400000e+01  88.000  2.226694e-02
-1.400000e+01  108.000  1.641939e-02
-1.400000e+01  132.000  9.113455e-03
-1.400000e+01  162.000  3.413682e-03
-1.400000e+01  199.000  7.392202e-04
-1.400000e+01  244.000  2.948780e-04
-1.400000e+01  300.000  2.618436e-04
-1.430000e+01  5.000  5.399615e-02
-1.430000e+01  6.000  1.451328e-01
-1.430000e+01  8.000  2.756104e-01
-1.430000e+01  9.000  5.924032e-01
-1.430000e+01  11.000  5.962344e-01
-1.430000e+01  14.000  7.032908e-01
-1.430000e+01  17.000  9.809605e-01
-1.430000e+01  21.000  7.420971e-01
-1.430000e+01  26.000  1.123013e+00
-1.430000e+01  32.000  4.447829e-01
-1.430000e+01  39.000  4.208274e-01
-1.430000e+01  48.000  5.593726e-01
-1.430000e+01  58.000  1.972672e-01
-1.430000e+01  88.000  5.240595e-02
-1.430000e+01  108.000  3.176582e-02
-1.430000e+01  132.000  1.344605e-02
-1.430000e+01  162.000  3.694337e-03
-1.430000e+01  199.000  1.539440e-03
-1.430000e+01  244.000  1.032969e-03
-1.430000e+01  300.000  3.451353e-04
-1.470000e+01  5.000  2.735851e-01
-1.470000e+01  6.000  6.442230e-01
-1.470000e+01  8.000  7.437136e-01
-1.470000e+01  9.000  1.241278e+00
-1.470000e+01  11.000  1.483553e+00
-1.470000e+01  14.000  2.214196e+00
-1.470000e+01  17.000  1.509465e+00
-1.470000e+01  21.000  7.408475e-01
-1.470000e+01  26.000  1.220091e+00
-1.470000e+01  32.000  1.043312e+00
-1.470000e+01  39.000  5.499388e-01
-1.470000e+01  48.000  2.097527e-01
-1.470000e+01  58.000  1.460836e-01
-1.470000e+01  88.000  6.842162e-02
-1.470000e+01  108.000  3.384018e-02
-1.470000e+01  132.000  1.256906e-02
-1.470000e+01  162.000  3.752054e-03
-1.470000e+01  199.000  2.169501e-03
-1.470000e+01  244.000  1.414933e-03
-1.470000e+01  300.000  1.384093e-04
-1.500000e+01  5.000  1.023965e+00
-1.500000e+01  6.000  1.746848e+00
-1.500000e+01  8.000  2.458349e+00
-1.500000e+01  9.000  3.138656e+00
-1.500000e+01  11.000  3.906186e+00
-1.500000e+01  14.000  3.334397e+00
-1.500000e+01  17.000  2.929587e+00
-1.500000e+01  21.000  2.465618e+00
-1.500000e+01  26.000  1.485675e+00
-1.500000e+01  32.000  8.815561e-01
-1.500000e+01  39.000  6.268501e-01
-1.500000e+01  48.000  5.234015e-01
-1.500000e+01  58.000  2.069471e-01
-1.500000e+01  88.000  8.310961e-02
-1.500000e+01  108.000  3.923949e-02
-1.500000e+01  132.000  1.511177e-02
-1.500000e+01  162.000  7.418199e-03
-1.500000e+01  199.000  4.832202e-03
-1.500000e+01  244.000  9.788901e-04
-1.500000e+01  300.000  3.558004e-05
-1.530000e+01  5.000  2.925472e+00
-1.530000e+01  6.000  4.667560e+00
-1.530000e+01  8.000  4.243930e+00
-1.530000e+01  9.000  6.036792e+00
-1.530000e+01  11.000  5.698249e+00
-1.530000e+01  14.000  4.517913e+00
-1.530000e+01  17.000  3.826136e+00
-1.530000e+01  21.000  3.054870e+00
-1.530000e+01  26.000  2.253713e+00
-1.530000e+01  32.000  1.622889e+00
-1.530000e+01  39.000  9.561193e-01
-1.530000e+01  48.000  4.281830e-01
-1.530000e+01  58.000  3.212729e-01
-1.530000e+01  88.000  9.419524e-02
-1.530000e+01  108.000  3.793599e-02
-1.530000e+01  132.000  1.779072e-02
-1.530000e+01  162.000  1.281320e-02
-1.530000e+01  199.000  4.007042e-03
-1.530000e+01  244.000  3.074485e-04
-1.530000e+01  300.000  8.000071e-06
-1.570000e+01  5.000  4.960292e+00
-1.570000e+01  6.000  5.453618e+00
-1.570000e+01  8.000  4.951582e+00
-1.570000e+01  9.000  5.520288e+00
-1.570000e+01  11.000  4.123548e+00
-1.570000e+01  14.000  2.533259e+00
-1.570000e+01  17.000  2.641846e+00
-1.570000e+01  21.000  2.263155e+00
-1.570000e+01  26.000  1.623852e+00
-1.570000e+01  32.000  9.941892e-01
-1.570000e+01  39.000  6.463824e-01
-1.570000e+01  48.000  4.040882e-01
-1.570000e+01  58.000  2.500445e-01
-1.570000e+01  88.000  6.083047e-02
-1.570000e+01  108.000  3.325243e-02
-1.570000e+01  132.000  2.033347e-02
-1.570000e+01  162.000  8.526358e-03
-1.570000e+01  199.000  1.092646e-03
-1.570000e+01  244.000  5.106962e-05
-1.570000e+01  3.000000e+02  0.0
-1.600000e+01  5.000  6.508690e+00
-1.600000e+01  6.000  7.316339e+00
-1.600000e+01  8.000  5.238905e+00
-1.600000e+01  9.000  4.891986e+00
-1.600000e+01  11.000  3.585981e+00
-1.600000e+01  14.000  3.450684e+00
-1.600000e+01  17.000  2.414191e+00
-1.600000e+01  21.000  2.263841e+00
-1.600000e+01  26.000  1.534541e+00
-1.600000e+01  32.000  9.667327e-01
-1.600000e+01  39.000  5.737336e-01
-1.600000e+01  48.000  3.147231e-01
-1.600000e+01  58.000  1.949470e-01
-1.600000e+01  88.000  6.400538e-02
-1.600000e+01  108.000  3.651011e-02
-1.600000e+01  132.000  1.763354e-02
-1.600000e+01  162.000  3.100573e-03
-1.600000e+01  1.990000e+02  0.0
-1.600000e+01  2.440000e+02  0.0
-1.600000e+01  3.000000e+02  0.0
-1.630000e+01  5.000  9.948123e+00
-1.630000e+01  6.000  7.322314e+00
-1.630000e+01  8.000  4.959566e+00
-1.630000e+01  9.000  4.354959e+00
-1.630000e+01  11.000  3.961623e+00
-1.630000e+01  14.000  2.918362e+00
-1.630000e+01  17.000  2.696354e+00
-1.630000e+01  21.000  1.532973e+00
-1.630000e+01  26.000  1.101028e+00
-1.630000e+01  32.000  7.470770e-01
-1.630000e+01  39.000  4.023773e-01
-1.630000e+01  48.000  2.454725e-01
-1.630000e+01  58.000  1.463484e-01
-1.630000e+01  88.000  5.776833e-02
-1.630000e+01  108.000  2.667505e-02
-1.630000e+01  132.000  5.760803e-03
-1.630000e+01  1.620000e+02  0.0
-1.630000e+01  1.990000e+02  0.0
-1.630000e+01  2.440000e+02  0.0
-1.630000e+01  3.000000e+02  0.0
-1.670000e+01  5.000  6.845640e+00
-1.670000e+01  6.000  6.080338e+00
-1.670000e+01  8.000  3.597826e+00
-1.670000e+01  9.000  3.714683e+00
-1.670000e+01  11.000  2.581373e+00
-1.670000e+01  14.000  2.447907e+00
-1.670000e+01  17.000  1.699123e+00
-1.670000e+01  21.000  1.053800e+00
-1.670000e+01  26.000  6.726130e-01
-1.670000e+01  32.000  3.894849e-01
-1.670000e+01  39.000  2.273676e-01
-1.670000e+01  48.000  1.378950e-01
-1.670000e+01  58.000  9.296112e-02
-1.670000e+01  88.000  2.680991e-02
-1.670000e+01  108.000  6.267853e-03
-1.670000e+01  1.320000e+02  0.0
-1.670000e+01  1.620000e+02  0.0
-1.670000e+01  1.990000e+02  0.0
-1.670000e+01  2.440000e+02  0.0
-1.670000e+01  3.000000e+02  0.0
-1.700000e+01  5.000  7.474297e+00
-1.700000e+01  6.000  5.629083e+00
-1.700000e+01  8.000  3.967327e+00
-1.700000e+01  9.000  4.313698e+00
-1.700000e+01  11.000  2.902551e+00
-1.700000e+01  14.000  1.669972e+00
-1.700000e+01  17.000  1.243248e+00
-1.700000e+01  21.000  7.350831e-01
-1.700000e+01  26.000  4.482968e-01
-1.700000e+01  32.000  2.659687e-01
-1.700000e+01  39.000  1.582921e-01
-1.700000e+01  48.000  1.000732e-01
-1.700000e+01  58.000  6.516175e-02
-1.700000e+01  88.000  7.461376e-03
-1.700000e+01  1.080000e+02  0.0
-1.700000e+01  1.320000e+02  0.0
-1.700000e+01  1.620000e+02  0.0
-1.700000e+01  1.990000e+02  0.0
-1.700000e+01  2.440000e+02  0.0
-1.700000e+01  3.000000e+02  0.0
-1.730000e+01  5.000  6.376231e+00
-1.730000e+01  6.000  7.019190e+00
-1.730000e+01  8.000  3.741278e+00
-1.730000e+01  9.000  3.619253e+00
-1.730000e+01  11.000  2.179451e+00
-1.730000e+01  14.000  1.436502e+00
-1.730000e+01  17.000  8.589836e-01
-1.730000e+01  21.000  4.578629e-01
-1.730000e+01  26.000  2.604073e-01
-1.730000e+01  32.000  1.865770e-01
-1.730000e+01  39.000  1.166206e-01
-1.730000e+01  48.000  6.839092e-02
-1.730000e+01  58.000  2.763060e-02
-1.730000e+01  8.800000e+01  0.0
-1.730000e+01  1.080000e+02  0.0
-1.730000e+01  1.320000e+02  0.0
-1.730000e+01  1.620000e+02  0.0
-1.730000e+01  1.990000e+02  0.0
-1.730000e+01  2.440000e+02  0.0
-1.730000e+01  3.000000e+02  0.0
-1.770000e+01  5.000  5.838863e+00
-1.770000e+01  6.000  5.264746e+00
-1.770000e+01  8.000  2.949736e+00
-1.770000e+01  9.000  2.372241e+00
-1.770000e+01  11.000  1.431964e+00
-1.770000e+01  14.000  7.455433e-01
-1.770000e+01  17.000  4.458977e-01
-1.770000e+01  21.000  2.317946e-01
-1.770000e+01  26.000  1.409484e-01
-1.770000e+01  32.000  1.038026e-01
-1.770000e+01  39.000  6.077574e-02
-1.770000e+01  48.000  2.067470e-02
-1.770000e+01  5.800000e+01  0.0
-1.770000e+01  8.800000e+01  0.0
-1.770000e+01  1.080000e+02  0.0
-1.770000e+01  1.320000e+02  0.0
-1.770000e+01  1.620000e+02  0.0
-1.770000e+01  1.990000e+02  0.0
-1.770000e+01  2.440000e+02  0.0
-1.770000e+01  3.000000e+02  0.0
-1.800000e+01  5.000  4.899402e+00
-1.800000e+01  6.000  4.222197e+00
-1.800000e+01  8.000  1.996394e+00
-1.800000e+01  9.000  1.726494e+00
-1.800000e+01  11.000  9.965990e-01
-1.800000e+01  14.000  4.808985e-01
-1.800000e+01  17.000  2.869419e-01
-1.800000e+01  21.000  1.605879e-01
-1.800000e+01  26.000  1.142283e-01
-1.800000e+01  32.000  6.299262e-02
-1.800000e+01  39.000  2.063316e-02
-1.800000e+01  4.800000e+01  0.0
-1.800000e+01  5.800000e+01  0.0
-1.800000e+01  8.800000e+01  0.0
-1.800000e+01  1.080000e+02  0.0
-1.800000e+01  1.320000e+02  0.0
-1.800000e+01  1.620000e+02  0.0
-1.800000e+01  1.990000e+02  0.0
-1.800000e+01  2.440000e+02  0.0
-1.800000e+01  3.000000e+02  0.0
-1.830000e+01  5.000  3.725669e+00
-1.830000e+01  6.000  2.739679e+00
-1.830000e+01  8.000  1.397469e+00
-1.830000e+01  9.000  1.145210e+00
-1.830000e+01  11.000  6.461400e-01
-1.830000e+01  14.000  3.437325e-01
-1.830000e+01  17.000  1.904713e-01
-1.830000e+01  21.000  1.282673e-01
-1.830000e+01  26.000  6.651764e-02
-1.830000e+01  32.000  2.241966e-02
-1.830000e+01  3.900000e+01  0.0
-1.830000e+01  4.800000e+01  0.0
-1.830000e+01  5.800000e+01  0.0
-1.830000e+01  8.800000e+01  0.0
-1.830000e+01  1.080000e+02  0.0
-1.830000e+01  1.320000e+02  0.0
-1.830000e+01  1.620000e+02  0.0
-1.830000e+01  1.990000e+02  0.0
-1.830000e+01  2.440000e+02  0.0
-1.830000e+01  3.000000e+02  0.0
-1.870000e+01  5.000  2.317369e+00
-1.870000e+01  6.000  1.570895e+00
-1.870000e+01  8.000  7.076264e-01
-1.870000e+01  9.000  5.675078e-01
-1.870000e+01  11.000  3.613775e-01
-1.870000e+01  14.000  1.781609e-01
-1.870000e+01  17.000  1.168144e-01
-1.870000e+01  21.000  6.326261e-02
-1.870000e+01  26.000  1.878447e-02
-1.870000e+01  32.000  4.062677e-03
-1.870000e+01  3.900000e+01  0.0
-1.870000e+01  4.800000e+01  0.0
-1.870000e+01  5.800000e+01  0.0
-1.870000e+01  8.800000e+01  0.0
-1.870000e+01  1.080000e+02  0.0
-1.870000e+01  1.320000e+02  0.0
-1.870000e+01  1.620000e+02  0.0
-1.870000e+01  1.990000e+02  0.0
-1.870000e+01  2.440000e+02  0.0
-1.870000e+01  3.000000e+02  0.0
-1.900000e+01  5.000  1.622744e+00
-1.900000e+01  6.000  1.059534e+00
-1.900000e+01  8.000  4.436890e-01
-1.900000e+01  9.000  3.538808e-01
-1.900000e+01  11.000  2.434906e-01
-1.900000e+01  14.000  1.282854e-01
-1.900000e+01  17.000  7.182982e-02
-1.900000e+01  21.000  2.070866e-02
-1.900000e+01  26.000  4.273811e-03
-1.900000e+01  3.200000e+01  0.0
-1.900000e+01  3.900000e+01  0.0
-1.900000e+01  4.800000e+01  0.0
-1.900000e+01  5.800000e+01  0.0
-1.900000e+01  8.800000e+01  0.0
-1.900000e+01  1.080000e+02  0.0
-1.900000e+01  1.320000e+02  0.0
-1.900000e+01  1.620000e+02  0.0
-1.900000e+01  1.990000e+02  0.0
-1.900000e+01  2.440000e+02  0.0
-1.900000e+01  3.000000e+02  0.0
-1.930000e+01  5.000  1.094546e+00
-1.930000e+01  6.000  6.706656e-01
-1.930000e+01  8.000  2.745689e-01
-1.930000e+01  9.000  2.381193e-01
-1.930000e+01  11.000  1.591191e-01
-1.930000e+01  14.000  7.357877e-02
-1.930000e+01  17.000  2.226751e-02
-1.930000e+01  21.000  4.840529e-03
-1.930000e+01  2.600000e+01  0.0
-1.930000e+01  3.200000e+01  0.0
-1.930000e+01  3.900000e+01  0.0
-1.930000e+01  4.800000e+01  0.0
-1.930000e+01  5.800000e+01  0.0
-1.930000e+01  8.800000e+01  0.0
-1.930000e+01  1.080000e+02  0.0
-1.930000e+01  1.320000e+02  0.0
-1.930000e+01  1.620000e+02  0.0
-1.930000e+01  1.990000e+02  0.0
-1.930000e+01  2.440000e+02  0.0
-1.930000e+01  3.000000e+02  0.0
-1.970000e+01  5.000  5.428082e-01
-1.970000e+01  6.000  3.199246e-01
-1.970000e+01  8.000  1.402685e-01
-1.970000e+01  9.000  1.464378e-01
-1.970000e+01  11.000  7.736461e-02
-1.970000e+01  14.000  2.008338e-02
-1.970000e+01  17.000  4.375309e-03
-1.970000e+01  2.100000e+01  0.0
-1.970000e+01  2.600000e+01  0.0
-1.970000e+01  3.200000e+01  0.0
-1.970000e+01  3.900000e+01  0.0
-1.970000e+01  4.800000e+01  0.0
-1.970000e+01  5.800000e+01  0.0
-1.970000e+01  8.800000e+01  0.0
-1.970000e+01  1.080000e+02  0.0
-1.970000e+01  1.320000e+02  0.0
-1.970000e+01  1.620000e+02  0.0
-1.970000e+01  1.990000e+02  0.0
-1.970000e+01  2.440000e+02  0.0
-1.970000e+01  3.000000e+02  0.0
-2.000000e+01  5.000  3.671855e-01
-2.000000e+01  6.000  2.293295e-01
-2.000000e+01  8.000  1.156764e-01
-2.000000e+01  9.000  8.388959e-02
-2.000000e+01  11.000  2.520485e-02
-2.000000e+01  14.000  4.828390e-03
-2.000000e+01  1.700000e+01  0.0
-2.000000e+01  2.100000e+01  0.0
-2.000000e+01  2.600000e+01  0.0
-2.000000e+01  3.200000e+01  0.0
-2.000000e+01  3.900000e+01  0.0
-2.000000e+01  4.800000e+01  0.0
-2.000000e+01  5.800000e+01  0.0
-2.000000e+01  8.800000e+01  0.0
-2.000000e+01  1.080000e+02  0.0
-2.000000e+01  1.320000e+02  0.0
-2.000000e+01  1.620000e+02  0.0
-2.000000e+01  1.990000e+02  0.0
-2.000000e+01  2.440000e+02  0.0
-2.000000e+01  3.000000e+02  0.0
-2.030000e+01  5.000  2.589046e-01
-2.030000e+01  6.000  1.785047e-01
-2.030000e+01  8.000  7.026647e-02
-2.030000e+01  9.000  2.994136e-02
-2.030000e+01  11.000  6.341116e-03
-2.030000e+01  1.400000e+01  0.0
-2.030000e+01  1.700000e+01  0.0
-2.030000e+01  2.100000e+01  0.0
-2.030000e+01  2.600000e+01  0.0
-2.030000e+01  3.200000e+01  0.0
-2.030000e+01  3.900000e+01  0.0
-2.030000e+01  4.800000e+01  0.0
-2.030000e+01  5.800000e+01  0.0
-2.030000e+01  8.800000e+01  0.0
-2.030000e+01  1.080000e+02  0.0
-2.030000e+01  1.320000e+02  0.0
-2.030000e+01  1.620000e+02  0.0
-2.030000e+01  1.990000e+02  0.0
-2.030000e+01  2.440000e+02  0.0
-2.030000e+01  3.000000e+02  0.0
-2.070000e+01  5.000  1.457800e-01
-2.070000e+01  6.000  8.632947e-02
-2.070000e+01  8.000  2.044231e-02
-2.070000e+01  9.000  5.819703e-03
-2.070000e+01  1.100000e+01  0.0
-2.070000e+01  1.400000e+01  0.0
-2.070000e+01  1.700000e+01  0.0
-2.070000e+01  2.100000e+01  0.0
-2.070000e+01  2.600000e+01  0.0
-2.070000e+01  3.200000e+01  0.0
-2.070000e+01  3.900000e+01  0.0
-2.070000e+01  4.800000e+01  0.0
-2.070000e+01  5.800000e+01  0.0
-2.070000e+01  8.800000e+01  0.0
-2.070000e+01  1.080000e+02  0.0
-2.070000e+01  1.320000e+02  0.0
-2.070000e+01  1.620000e+02  0.0
-2.070000e+01  1.990000e+02  0.0
-2.070000e+01  2.440000e+02  0.0
-2.070000e+01  3.000000e+02  0.0
-2.100000e+01  5.000  8.872382e-02
-2.100000e+01  6.000  3.171298e-02
-2.100000e+01  8.000  4.869651e-03
-2.100000e+01  9.000000e+00  0.0
-2.100000e+01  1.100000e+01  0.0
-2.100000e+01  1.400000e+01  0.0
-2.100000e+01  1.700000e+01  0.0
-2.100000e+01  2.100000e+01  0.0
-2.100000e+01  2.600000e+01  0.0
-2.100000e+01  3.200000e+01  0.0
-2.100000e+01  3.900000e+01  0.0
-2.100000e+01  4.800000e+01  0.0
-2.100000e+01  5.800000e+01  0.0
-2.100000e+01  8.800000e+01  0.0
-2.100000e+01  1.080000e+02  0.0
-2.100000e+01  1.320000e+02  0.0
-2.100000e+01  1.620000e+02  0.0
-2.100000e+01  1.990000e+02  0.0
-2.100000e+01  2.440000e+02  0.0
-2.100000e+01  3.000000e+02  0.0
-2.130000e+01  5.000  3.516880e-02
-2.130000e+01  6.000  7.964984e-03
-2.130000e+01  8.000000e+00  0.0
-2.130000e+01  9.000000e+00  0.0
-2.130000e+01  1.100000e+01  0.0
-2.130000e+01  1.400000e+01  0.0
-2.130000e+01  1.700000e+01  0.0
-2.130000e+01  2.100000e+01  0.0
-2.130000e+01  2.600000e+01  0.0
-2.130000e+01  3.200000e+01  0.0
-2.130000e+01  3.900000e+01  0.0
-2.130000e+01  4.800000e+01  0.0
-2.130000e+01  5.800000e+01  0.0
-2.130000e+01  8.800000e+01  0.0
-2.130000e+01  1.080000e+02  0.0
-2.130000e+01  1.320000e+02  0.0
-2.130000e+01  1.620000e+02  0.0
-2.130000e+01  1.990000e+02  0.0
-2.130000e+01  2.440000e+02  0.0
-2.130000e+01  3.000000e+02  0.0
-2.170000e+01  5.000  6.837709e-03
-2.170000e+01  6.000000e+00  0.0
-2.170000e+01  8.000000e+00  0.0
-2.170000e+01  9.000000e+00  0.0
-2.170000e+01  1.100000e+01  0.0
-2.170000e+01  1.400000e+01  0.0
-2.170000e+01  1.700000e+01  0.0
-2.170000e+01  2.100000e+01  0.0
-2.170000e+01  2.600000e+01  0.0
-2.170000e+01  3.200000e+01  0.0
-2.170000e+01  3.900000e+01  0.0
-2.170000e+01  4.800000e+01  0.0
-2.170000e+01  5.800000e+01  0.0
-2.170000e+01  8.800000e+01  0.0
-2.170000e+01  1.080000e+02  0.0
-2.170000e+01  1.320000e+02  0.0
-2.170000e+01  1.620000e+02  0.0
-2.170000e+01  1.990000e+02  0.0
-2.170000e+01  2.440000e+02  0.0
-2.170000e+01  3.000000e+02  0.0
-2.200000e+01  5.000000e+00  0.0
-2.200000e+01  6.000000e+00  0.0
-2.200000e+01  8.000000e+00  0.0
-2.200000e+01  9.000000e+00  0.0
-2.200000e+01  1.100000e+01  0.0
-2.200000e+01  1.400000e+01  0.0
-2.200000e+01  1.700000e+01  0.0
-2.200000e+01  2.100000e+01  0.0
-2.200000e+01  2.600000e+01  0.0
-2.200000e+01  3.200000e+01  0.0
-2.200000e+01  3.900000e+01  0.0
-2.200000e+01  4.800000e+01  0.0
-2.200000e+01  5.800000e+01  0.0
-2.200000e+01  8.800000e+01  0.0
-2.200000e+01  1.080000e+02  0.0
-2.200000e+01  1.320000e+02  0.0
-2.200000e+01  1.620000e+02  0.0
-2.200000e+01  1.990000e+02  0.0
-2.200000e+01  2.440000e+02  0.0
-2.200000e+01  3.000000e+02  0.0
