# log10(y)    mass[MeV]    Nhits
-1.330000e+01  5.000  1.192423e-02
-1.330000e+01  6.000  4.484200e-02
-1.330000e+01  8.000  1.858622e-01
-1.330000e+01  9.000  1.867252e-01
-1.330000e+01  11.000  3.385573e-01
-1.330000e+01  14.000  5.021762e-01
-1.330000e+01  17.000  4.159769e-01
-1.330000e+01  21.000  4.552198e-01
-1.330000e+01  26.000  3.313519e-01
-1.330000e+01  32.000  2.400794e-01
-1.330000e+01  39.000  1.001880e-01
-1.330000e+01  48.000  1.282030e-01
-1.330000e+01  58.000  5.577307e-02
-1.330000e+01  88.000  4.207183e-02
-1.330000e+01  108.000  9.858016e-03
-1.330000e+01  132.000  5.795725e-03
-1.330000e+01  162.000  3.958351e-03
-1.330000e+01  199.000  1.342467e-03
-1.330000e+01  244.000  2.310149e-04
-1.330000e+01  300.000  7.797977e-05
-1.370000e+01  5.000  7.263160e-02
-1.370000e+01  6.000  2.635207e-01
-1.370000e+01  8.000  4.889627e-01
-1.370000e+01  9.000  6.364857e-01
-1.370000e+01  11.000  8.234798e-01
-1.370000e+01  14.000  1.006743e+00
-1.370000e+01  17.000  8.952961e-01
-1.370000e+01  21.000  7.650631e-01
-1.370000e+01  26.000  4.906548e-01
-1.370000e+01  32.000  2.072154e-01
-1.370000e+01  39.000  4.932910e-01
-1.370000e+01  48.000  1.787589e-01
-1.370000e+01  58.000  1.496641e-01
-1.370000e+01  88.000  4.493098e-02
-1.370000e+01  108.000  1.894934e-02
-1.370000e+01  132.000  1.037332e-02
-1.370000e+01  162.000  5.313695e-03
-1.370000e+01  199.000  1.629803e-03
-1.370000e+01  244.000  3.945628e-04
-1.370000e+01  300.000  2.363712e-04
-1.400000e+01  5.000  4.944775e-01
-1.400000e+01  6.000  7.562513e-01
-1.400000e+01  8.000  1.247149e+00
-1.400000e+01  9.000  1.957021e+00
-1.400000e+01  11.000  2.200505e+00
-1.400000e+01  14.000  1.644919e+00
-1.400000e+01  17.000  2.423890e+00
-1.400000e+01  21.000  1.514966e+00
-1.400000e+01  26.000  1.009712e+00
-1.400000e+01  32.000  1.374883e+00
-1.400000e+01  39.000  9.800335e-01
-1.400000e+01  48.000  3.484999e-01
-1.400000e+01  58.000  3.909269e-01
-1.400000e+01  88.000  6.125973e-02
-1.400000e+01  108.000  4.485092e-02
-1.400000e+01  132.000  2.464285e-02
-1.400000e+01  162.000  9.160883e-03
-1.400000e+01  199.000  1.969269e-03
-1.400000e+01  244.000  7.803339e-04
-1.400000e+01  300.000  6.889214e-04
-1.430000e+01  5.000  2.529136e+00
-1.430000e+01  6.000  3.788745e+00
-1.430000e+01  8.000  4.104952e+00
-1.430000e+01  9.000  6.016946e+00
-1.430000e+01  11.000  4.215129e+00
-1.430000e+01  14.000  3.646953e+00
-1.430000e+01  17.000  4.097265e+00
-1.430000e+01  21.000  2.638506e+00
-1.430000e+01  26.000  3.587910e+00
-1.430000e+01  32.000  1.348656e+00
-1.430000e+01  39.000  1.166535e+00
-1.430000e+01  48.000  1.509061e+00
-1.430000e+01  58.000  5.240871e-01
-1.430000e+01  88.000  1.407900e-01
-1.430000e+01  108.000  8.504153e-02
-1.430000e+01  132.000  3.582196e-02
-1.430000e+01  162.000  9.792072e-03
-1.430000e+01  199.000  4.060044e-03
-1.430000e+01  244.000  2.708759e-03
-1.430000e+01  300.000  9.017376e-04
-1.470000e+01  5.000  7.476055e+00
-1.470000e+01  6.000  1.067799e+01
-1.470000e+01  8.000  7.606678e+00
-1.470000e+01  9.000  9.235094e+00
-1.470000e+01  11.000  8.175094e+00
-1.470000e+01  14.000  9.550677e+00
-1.470000e+01  17.000  5.481164e+00
-1.470000e+01  21.000  2.383446e+00
-1.470000e+01  26.000  3.696739e+00
-1.470000e+01  32.000  3.055624e+00
-1.470000e+01  39.000  1.447477e+00
-1.470000e+01  48.000  5.438363e-01
-1.470000e+01  58.000  3.762254e-01
-1.470000e+01  88.000  1.802774e-01
-1.470000e+01  108.000  8.907263e-02
-1.470000e+01  132.000  3.300933e-02
-1.470000e+01  162.000  9.828336e-03
-1.470000e+01  199.000  5.660739e-03
-1.470000e+01  244.000  3.688079e-03
-1.470000e+01  300.000  3.612823e-04
-1.500000e+01  5.000  1.737709e+01
-1.500000e+01  6.000  1.955663e+01
-1.500000e+01  8.000  1.845778e+01
-1.500000e+01  9.000  1.798061e+01
-1.500000e+01  11.000  1.756663e+01
-1.500000e+01  14.000  1.236629e+01
-1.500000e+01  17.000  9.507929e+00
-1.500000e+01  21.000  7.510898e+00
-1.500000e+01  26.000  4.264054e+00
-1.500000e+01  32.000  2.362699e+00
-1.500000e+01  39.000  1.579528e+00
-1.500000e+01  48.000  1.310963e+00
-1.500000e+01  58.000  5.198286e-01
-1.500000e+01  88.000  2.147983e-01
-1.500000e+01  108.000  1.015917e-01
-1.500000e+01  132.000  3.913997e-02
-1.500000e+01  162.000  1.918540e-02
-1.500000e+01  199.000  1.253414e-02
-1.500000e+01  244.000  2.548688e-03
-1.500000e+01  300.000  9.269712e-05
-1.530000e+01  5.000  3.307263e+01
-1.530000e+01  6.000  3.729725e+01
-1.530000e+01  8.000  2.445213e+01
-1.530000e+01  9.000  2.787292e+01
-1.530000e+01  11.000  2.173309e+01
-1.530000e+01  14.000  1.481199e+01
-1.530000e+01  17.000  1.175913e+01
-1.530000e+01  21.000  8.604793e+00
-1.530000e+01  26.000  5.928022e+00
-1.530000e+01  32.000  4.110460e+00
-1.530000e+01  39.000  2.318661e+00
-1.530000e+01  48.000  1.043205e+00
-1.530000e+01  58.000  7.874462e-01
-1.530000e+01  88.000  2.388484e-01
-1.530000e+01  108.000  9.663297e-02
-1.530000e+01  132.000  4.537934e-02
-1.530000e+01  162.000  3.295612e-02
-1.530000e+01  199.000  1.038004e-02
-1.530000e+01  244.000  7.986782e-04
-1.530000e+01  300.000  2.076951e-05
-1.570000e+01  5.000  3.991149e+01
-1.570000e+01  6.000  3.275249e+01
-1.570000e+01  8.000  2.298985e+01
-1.570000e+01  9.000  2.133854e+01
-1.570000e+01  11.000  1.372767e+01
-1.570000e+01  14.000  7.868870e+00
-1.570000e+01  17.000  7.390510e+00
-1.570000e+01  21.000  5.858192e+00
-1.570000e+01  26.000  4.048965e+00
-1.570000e+01  32.000  2.422409e+00
-1.570000e+01  39.000  1.520541e+00
-1.570000e+01  48.000  9.584529e-01
-1.570000e+01  58.000  5.980256e-01
-1.570000e+01  88.000  1.513450e-01
-1.570000e+01  108.000  8.338188e-02
-1.570000e+01  132.000  5.162162e-02
-1.570000e+01  162.000  2.189838e-02
-1.570000e+01  199.000  2.822645e-03
-1.570000e+01  244.000  1.320931e-04
-1.570000e+01  3.000000e+02  0.0
-1.600000e+01  5.000  3.937115e+01
-1.600000e+01  6.000  3.484912e+01
-1.600000e+01  8.000  2.035159e+01
-1.600000e+01  9.000  1.645370e+01
-1.600000e+01  11.000  1.128374e+01
-1.600000e+01  14.000  9.592391e+00
-1.600000e+01  17.000  6.168104e+00
-1.600000e+01  21.000  5.531635e+00
-1.600000e+01  26.000  3.641038e+00
-1.600000e+01  32.000  2.273820e+00
-1.600000e+01  39.000  1.311276e+00
-1.600000e+01  48.000  7.268734e-01
-1.600000e+01  58.000  4.549111e-01
-1.600000e+01  88.000  1.562906e-01
-1.600000e+01  108.000  9.101294e-02
-1.600000e+01  132.000  4.467408e-02
-1.600000e+01  162.000  7.934381e-03
-1.600000e+01  1.990000e+02  0.0
-1.600000e+01  2.440000e+02  0.0
-1.600000e+01  3.000000e+02  0.0
-1.630000e+01  5.000  4.753303e+01
-1.630000e+01  6.000  2.878348e+01
-1.630000e+01  8.000  1.672827e+01
-1.630000e+01  9.000  1.383126e+01
-1.630000e+01  11.000  1.094760e+01
-1.630000e+01  14.000  7.373740e+00
-1.630000e+01  17.000  6.479387e+00
-1.630000e+01  21.000  3.554603e+00
-1.630000e+01  26.000  2.516235e+00
-1.630000e+01  32.000  1.700983e+00
-1.630000e+01  39.000  8.942461e-01
-1.630000e+01  48.000  5.521840e-01
-1.630000e+01  58.000  3.332159e-01
-1.630000e+01  88.000  1.404527e-01
-1.630000e+01  108.000  6.632358e-02
-1.630000e+01  132.000  1.453290e-02
-1.630000e+01  1.620000e+02  0.0
-1.630000e+01  1.990000e+02  0.0
-1.630000e+01  2.440000e+02  0.0
-1.630000e+01  3.000000e+02  0.0
-1.670000e+01  5.000  2.692177e+01
-1.670000e+01  6.000  2.065694e+01
-1.670000e+01  8.000  1.142764e+01
-1.670000e+01  9.000  1.017523e+01
-1.670000e+01  11.000  6.519686e+00
-1.670000e+01  14.000  5.855618e+00
-1.670000e+01  17.000  3.896077e+00
-1.670000e+01  21.000  2.364638e+00
-1.670000e+01  26.000  1.486142e+00
-1.670000e+01  32.000  8.606939e-01
-1.670000e+01  39.000  4.940542e-01
-1.670000e+01  48.000  3.033621e-01
-1.670000e+01  58.000  2.109640e-01
-1.670000e+01  88.000  6.493541e-02
-1.670000e+01  108.000  1.548863e-02
-1.670000e+01  1.320000e+02  0.0
-1.670000e+01  1.620000e+02  0.0
-1.670000e+01  1.990000e+02  0.0
-1.670000e+01  2.440000e+02  0.0
-1.670000e+01  3.000000e+02  0.0
-1.700000e+01  5.000  2.549728e+01
-1.700000e+01  6.000  1.802405e+01
-1.700000e+01  8.000  1.088248e+01
-1.700000e+01  9.000  1.078121e+01
-1.700000e+01  11.000  6.854571e+00
-1.700000e+01  14.000  3.803806e+00
-1.700000e+01  17.000  2.737414e+00
-1.700000e+01  21.000  1.592946e+00
-1.700000e+01  26.000  9.659276e-01
-1.700000e+01  32.000  5.715234e-01
-1.700000e+01  39.000  3.363211e-01
-1.700000e+01  48.000  2.192649e-01
-1.700000e+01  58.000  1.468699e-01
-1.700000e+01  88.000  1.791321e-02
-1.700000e+01  1.080000e+02  0.0
-1.700000e+01  1.320000e+02  0.0
-1.700000e+01  1.620000e+02  0.0
-1.700000e+01  1.990000e+02  0.0
-1.700000e+01  2.440000e+02  0.0
-1.700000e+01  3.000000e+02  0.0
-1.730000e+01  5.000  2.039382e+01
-1.730000e+01  6.000  1.903646e+01
-1.730000e+01  8.000  9.348803e+00
-1.730000e+01  9.000  8.536695e+00
-1.730000e+01  11.000  4.901549e+00
-1.730000e+01  14.000  3.138482e+00
-1.730000e+01  17.000  1.827240e+00
-1.730000e+01  21.000  9.631346e-01
-1.730000e+01  26.000  5.459902e-01
-1.730000e+01  32.000  3.922671e-01
-1.730000e+01  39.000  2.464628e-01
-1.730000e+01  48.000  1.485097e-01
-1.730000e+01  58.000  6.141681e-02
-1.730000e+01  8.800000e+01  0.0
-1.730000e+01  1.080000e+02  0.0
-1.730000e+01  1.320000e+02  0.0
-1.730000e+01  1.620000e+02  0.0
-1.730000e+01  1.990000e+02  0.0
-1.730000e+01  2.440000e+02  0.0
-1.730000e+01  3.000000e+02  0.0
-1.770000e+01  5.000  1.583473e+01
-1.770000e+01  6.000  1.314530e+01
-1.770000e+01  8.000  6.951452e+00
-1.770000e+01  9.000  5.320476e+00
-1.770000e+01  11.000  3.109834e+00
-1.770000e+01  14.000  1.573278e+00
-1.770000e+01  17.000  9.259749e-01
-1.770000e+01  21.000  4.772404e-01
-1.770000e+01  26.000  2.884085e-01
-1.770000e+01  32.000  2.143918e-01
-1.770000e+01  39.000  1.271486e-01
-1.770000e+01  48.000  4.416500e-02
-1.770000e+01  5.800000e+01  0.0
-1.770000e+01  8.800000e+01  0.0
-1.770000e+01  1.080000e+02  0.0
-1.770000e+01  1.320000e+02  0.0
-1.770000e+01  1.620000e+02  0.0
-1.770000e+01  1.990000e+02  0.0
-1.770000e+01  2.440000e+02  0.0
-1.770000e+01  3.000000e+02  0.0
-1.800000e+01  5.000  1.222484e+01
-1.800000e+01  6.000  9.929979e+00
-1.800000e+01  8.000  4.472114e+00
-1.800000e+01  9.000  3.714008e+00
-1.800000e+01  11.000  2.090143e+00
-1.800000e+01  14.000  9.910464e-01
-1.800000e+01  17.000  5.816746e-01
-1.800000e+01  21.000  3.233073e-01
-1.800000e+01  26.000  2.308276e-01
-1.800000e+01  32.000  1.293531e-01
-1.800000e+01  39.000  4.236831e-02
-1.800000e+01  4.800000e+01  0.0
-1.800000e+01  5.800000e+01  0.0
-1.800000e+01  8.800000e+01  0.0
-1.800000e+01  1.080000e+02  0.0
-1.800000e+01  1.320000e+02  0.0
-1.800000e+01  1.620000e+02  0.0
-1.800000e+01  1.990000e+02  0.0
-1.800000e+01  2.440000e+02  0.0
-1.800000e+01  3.000000e+02  0.0
-1.830000e+01  5.000  8.758441e+00
-1.830000e+01  6.000  6.123646e+00
-1.830000e+01  8.000  3.002166e+00
-1.830000e+01  9.000  2.394263e+00
-1.830000e+01  11.000  1.323862e+00
-1.830000e+01  14.000  6.921311e-01
-1.830000e+01  17.000  3.795884e-01
-1.830000e+01  21.000  2.551553e-01
-1.830000e+01  26.000  1.335400e-01
-1.830000e+01  32.000  4.551628e-02
-1.830000e+01  3.900000e+01  0.0
-1.830000e+01  4.800000e+01  0.0
-1.830000e+01  5.800000e+01  0.0
-1.830000e+01  8.800000e+01  0.0
-1.830000e+01  1.080000e+02  0.0
-1.830000e+01  1.320000e+02  0.0
-1.830000e+01  1.620000e+02  0.0
-1.830000e+01  1.990000e+02  0.0
-1.830000e+01  2.440000e+02  0.0
-1.830000e+01  3.000000e+02  0.0
-1.870000e+01  5.000  5.174452e+00
-1.870000e+01  6.000  3.366884e+00
-1.870000e+01  8.000  1.477457e+00
-1.870000e+01  9.000  1.159358e+00
-1.870000e+01  11.000  7.240357e-01
-1.870000e+01  14.000  3.530159e-01
-1.870000e+01  17.000  2.302292e-01
-1.870000e+01  21.000  1.251160e-01
-1.870000e+01  26.000  3.731849e-02
-1.870000e+01  32.000  8.093913e-03
-1.870000e+01  3.900000e+01  0.0
-1.870000e+01  4.800000e+01  0.0
-1.870000e+01  5.800000e+01  0.0
-1.870000e+01  8.800000e+01  0.0
-1.870000e+01  1.080000e+02  0.0
-1.870000e+01  1.320000e+02  0.0
-1.870000e+01  1.620000e+02  0.0
-1.870000e+01  1.990000e+02  0.0
-1.870000e+01  2.440000e+02  0.0
-1.870000e+01  3.000000e+02  0.0
-1.900000e+01  5.000  3.474534e+00
-1.900000e+01  6.000  2.207283e+00
-1.900000e+01  8.000  9.053103e-01
-1.900000e+01  9.000  7.072744e-01
-1.900000e+01  11.000  4.804432e-01
-1.900000e+01  14.000  2.515360e-01
-1.900000e+01  17.000  1.407697e-01
-1.900000e+01  21.000  4.051600e-02
-1.900000e+01  26.000  8.340377e-03
-1.900000e+01  3.200000e+01  0.0
-1.900000e+01  3.900000e+01  0.0
-1.900000e+01  4.800000e+01  0.0
-1.900000e+01  5.800000e+01  0.0
-1.900000e+01  8.800000e+01  0.0
-1.900000e+01  1.080000e+02  0.0
-1.900000e+01  1.320000e+02  0.0
-1.900000e+01  1.620000e+02  0.0
-1.900000e+01  1.990000e+02  0.0
-1.900000e+01  2.440000e+02  0.0
-1.900000e+01  3.000000e+02  0.0
-1.930000e+01  5.000  2.278118e+00
-1.930000e+01  6.000  1.365709e+00
-1.930000e+01  8.000  5.482096e-01
-1.930000e+01  9.000  4.688931e-01
-1.930000e+01  11.000  3.108388e-01
-1.930000e+01  14.000  1.434714e-01
-1.930000e+01  17.000  4.318955e-02
-1.930000e+01  21.000  9.311898e-03
-1.930000e+01  2.600000e+01  0.0
-1.930000e+01  3.200000e+01  0.0
-1.930000e+01  3.900000e+01  0.0
-1.930000e+01  4.800000e+01  0.0
-1.930000e+01  5.800000e+01  0.0
-1.930000e+01  8.800000e+01  0.0
-1.930000e+01  1.080000e+02  0.0
-1.930000e+01  1.320000e+02  0.0
-1.930000e+01  1.620000e+02  0.0
-1.930000e+01  1.990000e+02  0.0
-1.930000e+01  2.440000e+02  0.0
-1.930000e+01  3.000000e+02  0.0
-1.970000e+01  5.000  1.104459e+00
-1.970000e+01  6.000  6.377363e-01
-1.970000e+01  8.000  2.759847e-01
-1.970000e+01  9.000  2.855599e-01
-1.970000e+01  11.000  1.503104e-01
-1.970000e+01  14.000  3.876908e-02
-1.970000e+01  17.000  8.358967e-03
-1.970000e+01  2.100000e+01  0.0
-1.970000e+01  2.600000e+01  0.0
-1.970000e+01  3.200000e+01  0.0
-1.970000e+01  3.900000e+01  0.0
-1.970000e+01  4.800000e+01  0.0
-1.970000e+01  5.800000e+01  0.0
-1.970000e+01  8.800000e+01  0.0
-1.970000e+01  1.080000e+02  0.0
-1.970000e+01  1.320000e+02  0.0
-1.970000e+01  1.620000e+02  0.0
-1.970000e+01  1.990000e+02  0.0
-1.970000e+01  2.440000e+02  0.0
-1.970000e+01  3.000000e+02  0.0
-2.000000e+01  5.000  7.337910e-01
-2.000000e+01  6.000  4.506315e-01
-2.000000e+01  8.000  2.255455e-01
-2.000000e+01  9.000  1.627090e-01
-2.000000e+01  11.000  4.852603e-02
-2.000000e+01  14.000  9.185861e-03
-2.000000e+01  1.700000e+01  0.0
-2.000000e+01  2.100000e+01  0.0
-2.000000e+01  2.600000e+01  0.0
-2.000000e+01  3.200000e+01  0.0
-2.000000e+01  3.900000e+01  0.0
-2.000000e+01  4.800000e+01  0.0
-2.000000e+01  5.800000e+01  0.0
-2.000000e+01  8.800000e+01  0.0
-2.000000e+01  1.080000e+02  0.0
-2.000000e+01  1.320000e+02  0.0
-2.000000e+01  1.620000e+02  0.0
-2.000000e+01  1.990000e+02  0.0
-2.000000e+01  2.440000e+02  0.0
-2.000000e+01  3.000000e+02  0.0
-2.030000e+01  5.000  5.084921e-01
-2.030000e+01  6.000  3.476598e-01
-2.030000e+01  8.000  1.362762e-01
-2.030000e+01  9.000  5.755369e-02
-2.030000e+01  11.000  1.202836e-02
-2.030000e+01  1.400000e+01  0.0
-2.030000e+01  1.700000e+01  0.0
-2.030000e+01  2.100000e+01  0.0
-2.030000e+01  2.600000e+01  0.0
-2.030000e+01  3.200000e+01  0.0
-2.030000e+01  3.900000e+01  0.0
-2.030000e+01  4.800000e+01  0.0
-2.030000e+01  5.800000e+01  0.0
-2.030000e+01  8.800000e+01  0.0
-2.030000e+01  1.080000e+02  0.0
-2.030000e+01  1.320000e+02  0.0
-2.030000e+01  1.620000e+02  0.0
-2.030000e+01  1.990000e+02  0.0
-2.030000e+01  2.440000e+02  0.0
-2.030000e+01  3.000000e+02  0.0
-2.070000e+01  5.000  2.838035e-01
-2.070000e+01  6.000  1.672505e-01
-2.070000e+01  8.000  3.926991e-02
-2.070000e+01  9.000  1.103295e-02
-2.070000e+01  1.100000e+01  0.0
-2.070000e+01  1.400000e+01  0.0
-2.070000e+01  1.700000e+01  0.0
-2.070000e+01  2.100000e+01  0.0
-2.070000e+01  2.600000e+01  0.0
-2.070000e+01  3.200000e+01  0.0
-2.070000e+01  3.900000e+01  0.0
-2.070000e+01  4.800000e+01  0.0
-2.070000e+01  5.800000e+01  0.0
-2.070000e+01  8.800000e+01  0.0
-2.070000e+01  1.080000e+02  0.0
-2.070000e+01  1.320000e+02  0.0
-2.070000e+01  1.620000e+02  0.0
-2.070000e+01  1.990000e+02  0.0
-2.070000e+01  2.440000e+02  0.0
-2.070000e+01  3.000000e+02  0.0
-2.100000e+01  5.000  1.719221e-01
-2.100000e+01  6.000  6.090223e-02
-2.100000e+01  8.000  9.234078e-03
-2.100000e+01  9.000000e+00  0.0
-2.100000e+01  1.100000e+01  0.0
-2.100000e+01  1.400000e+01  0.0
-2.100000e+01  1.700000e+01  0.0
-2.100000e+01  2.100000e+01  0.0
-2.100000e+01  2.600000e+01  0.0
-2.100000e+01  3.200000e+01  0.0
-2.100000e+01  3.900000e+01  0.0
-2.100000e+01  4.800000e+01  0.0
-2.100000e+01  5.800000e+01  0.0
-2.100000e+01  8.800000e+01  0.0
-2.100000e+01  1.080000e+02  0.0
-2.100000e+01  1.320000e+02  0.0
-2.100000e+01  1.620000e+02  0.0
-2.100000e+01  1.990000e+02  0.0
-2.100000e+01  2.440000e+02  0.0
-2.100000e+01  3.000000e+02  0.0
-2.130000e+01  5.000  6.755827e-02
-2.130000e+01  6.000  1.510255e-02
-2.130000e+01  8.000000e+00  0.0
-2.130000e+01  9.000000e+00  0.0
-2.130000e+01  1.100000e+01  0.0
-2.130000e+01  1.400000e+01  0.0
-2.130000e+01  1.700000e+01  0.0
-2.130000e+01  2.100000e+01  0.0
-2.130000e+01  2.600000e+01  0.0
-2.130000e+01  3.200000e+01  0.0
-2.130000e+01  3.900000e+01  0.0
-2.130000e+01  4.800000e+01  0.0
-2.130000e+01  5.800000e+01  0.0
-2.130000e+01  8.800000e+01  0.0
-2.130000e+01  1.080000e+02  0.0
-2.130000e+01  1.320000e+02  0.0
-2.130000e+01  1.620000e+02  0.0
-2.130000e+01  1.990000e+02  0.0
-2.130000e+01  2.440000e+02  0.0
-2.130000e+01  3.000000e+02  0.0
-2.170000e+01  5.000  1.297089e-02
-2.170000e+01  6.000000e+00  0.0
-2.170000e+01  8.000000e+00  0.0
-2.170000e+01  9.000000e+00  0.0
-2.170000e+01  1.100000e+01  0.0
-2.170000e+01  1.400000e+01  0.0
-2.170000e+01  1.700000e+01  0.0
-2.170000e+01  2.100000e+01  0.0
-2.170000e+01  2.600000e+01  0.0
-2.170000e+01  3.200000e+01  0.0
-2.170000e+01  3.900000e+01  0.0
-2.170000e+01  4.800000e+01  0.0
-2.170000e+01  5.800000e+01  0.0
-2.170000e+01  8.800000e+01  0.0
-2.170000e+01  1.080000e+02  0.0
-2.170000e+01  1.320000e+02  0.0
-2.170000e+01  1.620000e+02  0.0
-2.170000e+01  1.990000e+02  0.0
-2.170000e+01  2.440000e+02  0.0
-2.170000e+01  3.000000e+02  0.0
-2.200000e+01  5.000000e+00  0.0
-2.200000e+01  6.000000e+00  0.0
-2.200000e+01  8.000000e+00  0.0
-2.200000e+01  9.000000e+00  0.0
-2.200000e+01  1.100000e+01  0.0
-2.200000e+01  1.400000e+01  0.0
-2.200000e+01  1.700000e+01  0.0
-2.200000e+01  2.100000e+01  0.0
-2.200000e+01  2.600000e+01  0.0
-2.200000e+01  3.200000e+01  0.0
-2.200000e+01  3.900000e+01  0.0
-2.200000e+01  4.800000e+01  0.0
-2.200000e+01  5.800000e+01  0.0
-2.200000e+01  8.800000e+01  0.0
-2.200000e+01  1.080000e+02  0.0
-2.200000e+01  1.320000e+02  0.0
-2.200000e+01  1.620000e+02  0.0
-2.200000e+01  1.990000e+02  0.0
-2.200000e+01  2.440000e+02  0.0
-2.200000e+01  3.000000e+02  0.0
