# log10(y)    mass[MeV]    Nhits
-1.330000e+01  5.000  1.196679e-05
-1.330000e+01  6.000  2.948113e-04
-1.330000e+01  8.000  7.326800e-03
-1.330000e+01  9.000  1.994660e-02
-1.330000e+01  11.000  9.062344e-02
-1.330000e+01  14.000  2.720867e-01
-1.330000e+01  17.000  3.593441e-01
-1.330000e+01  21.000  5.578797e-01
-1.330000e+01  26.000  5.259871e-01
-1.330000e+01  32.000  4.606087e-01
-1.330000e+01  39.000  2.335099e-01
-1.330000e+01  48.000  3.184620e-01
-1.330000e+01  58.000  1.422602e-01
-1.330000e+01  88.000  1.101438e-01
-1.330000e+01  108.000  2.721769e-02
-1.330000e+01  132.000  1.635609e-02
-1.330000e+01  162.000  1.139871e-02
-1.330000e+01  199.000  3.937594e-03
-1.330000e+01  244.000  6.872543e-04
-1.330000e+01  300.000  2.353174e-04
-1.370000e+01  5.000  4.535181e-04
-1.370000e+01  6.000  7.078524e-03
-1.370000e+01  8.000  5.256329e-02
-1.370000e+01  9.000  1.497754e-01
-1.370000e+01  11.000  3.810215e-01
-1.370000e+01  14.000  8.000506e-01
-1.370000e+01  17.000  1.013888e+00
-1.370000e+01  21.000  1.151747e+00
-1.370000e+01  26.000  9.118962e-01
-1.370000e+01  32.000  4.465119e-01
-1.370000e+01  39.000  1.234624e+00
-1.370000e+01  48.000  4.577463e-01
-1.370000e+01  58.000  4.005830e-01
-1.370000e+01  88.000  1.244193e-01
-1.370000e+01  108.000  5.399292e-02
-1.370000e+01  132.000  3.007488e-02
-1.370000e+01  162.000  1.561137e-02
-1.370000e+01  199.000  4.861132e-03
-1.370000e+01  244.000  1.190159e-03
-1.370000e+01  300.000  7.200325e-04
-1.400000e+01  5.000  1.277939e-02
-1.400000e+01  6.000  6.145552e-02
-1.400000e+01  8.000  2.832015e-01
-1.400000e+01  9.000  8.101883e-01
-1.400000e+01  11.000  1.543138e+00
-1.400000e+01  14.000  1.752093e+00
-1.400000e+01  17.000  3.448680e+00
-1.400000e+01  21.000  2.710719e+00
-1.400000e+01  26.000  2.139470e+00
-1.400000e+01  32.000  3.253427e+00
-1.400000e+01  39.000  2.519390e+00
-1.400000e+01  48.000  9.539138e-01
-1.400000e+01  58.000  1.118486e+00
-1.400000e+01  88.000  1.774502e-01
-1.400000e+01  108.000  1.312259e-01
-1.400000e+01  132.000  7.306880e-02
-1.400000e+01  162.000  2.743398e-02
-1.400000e+01  199.000  5.953774e-03
-1.400000e+01  244.000  2.379653e-03
-1.400000e+01  300.000  2.116631e-03
-1.430000e+01  5.000  1.951744e-01
-1.430000e+01  6.000  7.250423e-01
-1.430000e+01  8.000  1.677882e+00
-1.430000e+01  9.000  3.899642e+00
-1.430000e+01  11.000  4.088127e+00
-1.430000e+01  14.000  4.932674e+00
-1.430000e+01  17.000  7.022385e+00
-1.430000e+01  21.000  5.445816e+00
-1.430000e+01  26.000  8.448218e+00
-1.430000e+01  32.000  3.405640e+00
-1.430000e+01  39.000  3.309439e+00
-1.430000e+01  48.000  4.448686e+00
-1.430000e+01  58.000  1.579754e+00
-1.430000e+01  88.000  4.202306e-01
-1.430000e+01  108.000  2.552013e-01
-1.430000e+01  132.000  1.082226e-01
-1.430000e+01  162.000  2.978645e-02
-1.430000e+01  199.000  1.243226e-02
-1.430000e+01  244.000  8.356671e-03
-1.430000e+01  300.000  2.795281e-03
-1.470000e+01  5.000  1.347736e+00
-1.470000e+01  6.000  3.813249e+00
-1.470000e+01  8.000  4.887443e+00
-1.470000e+01  9.000  8.470006e+00
-1.470000e+01  11.000  1.036703e+01
-1.470000e+01  14.000  1.580474e+01
-1.470000e+01  17.000  1.103078e+01
-1.470000e+01  21.000  5.549745e+00
-1.470000e+01  26.000  9.305791e+00
-1.470000e+01  32.000  8.061255e+00
-1.470000e+01  39.000  4.383546e+00
-1.470000e+01  48.000  1.685299e+00
-1.470000e+01  58.000  1.179535e+00
-1.470000e+01  88.000  5.514265e-01
-1.470000e+01  108.000  2.730580e-01
-1.470000e+01  132.000  1.015435e-01
-1.470000e+01  162.000  3.034699e-02
-1.470000e+01  199.000  1.757145e-02
-1.470000e+01  244.000  1.146568e-02
-1.470000e+01  300.000  1.121288e-03
-1.500000e+01  5.000  6.029663e+00
-1.500000e+01  6.000  1.130218e+01
-1.500000e+01  8.000  1.675561e+01
-1.500000e+01  9.000  2.188019e+01
-1.500000e+01  11.000  2.779687e+01
-1.500000e+01  14.000  2.428962e+01
-1.500000e+01  17.000  2.187092e+01
-1.500000e+01  21.000  1.871523e+01
-1.500000e+01  26.000  1.148295e+01
-1.500000e+01  32.000  6.961679e+00
-1.500000e+01  39.000  5.053637e+00
-1.500000e+01  48.000  4.244387e+00
-1.500000e+01  58.000  1.682006e+00
-1.500000e+01  88.000  6.731297e-01
-1.500000e+01  108.000  3.179841e-01
-1.500000e+01  132.000  1.225336e-01
-1.500000e+01  162.000  6.020553e-02
-1.500000e+01  199.000  3.920086e-02
-1.500000e+01  244.000  7.934818e-03
-1.500000e+01  300.000  2.883965e-04
-1.530000e+01  5.000  1.889128e+01
-1.530000e+01  6.000  3.159560e+01
-1.530000e+01  8.000  2.958027e+01
-1.530000e+01  9.000  4.289393e+01
-1.530000e+01  11.000  4.138112e+01
-1.530000e+01  14.000  3.364091e+01
-1.530000e+01  17.000  2.891471e+01
-1.530000e+01  21.000  2.361995e+01
-1.530000e+01  26.000  1.780027e+01
-1.530000e+01  32.000  1.300135e+01
-1.530000e+01  39.000  7.788661e+00
-1.530000e+01  48.000  3.497952e+00
-1.530000e+01  58.000  2.627900e+00
-1.530000e+01  88.000  7.666664e-01
-1.530000e+01  108.000  3.087287e-01
-1.530000e+01  132.000  1.448459e-01
-1.530000e+01  162.000  1.041485e-01
-1.530000e+01  199.000  3.251959e-02
-1.530000e+01  244.000  2.493767e-03
-1.530000e+01  300.000  6.490905e-05
-1.570000e+01  5.000  3.354222e+01
-1.570000e+01  6.000  3.789798e+01
-1.570000e+01  8.000  3.518488e+01
-1.570000e+01  9.000  4.005539e+01
-1.570000e+01  11.000  3.061880e+01
-1.570000e+01  14.000  1.907691e+01
-1.570000e+01  17.000  2.039621e+01
-1.570000e+01  21.000  1.787207e+01
-1.570000e+01  26.000  1.301378e+01
-1.570000e+01  32.000  8.052159e+00
-1.570000e+01  39.000  5.309251e+00
-1.570000e+01  48.000  3.324471e+00
-1.570000e+01  58.000  2.058159e+00
-1.570000e+01  88.000  4.975390e-01
-1.570000e+01  108.000  2.717377e-01
-1.570000e+01  132.000  1.657639e-01
-1.570000e+01  162.000  6.933504e-02
-1.570000e+01  199.000  8.874588e-03
-1.570000e+01  244.000  4.147414e-04
-1.570000e+01  3.000000e+02  0.0
-1.600000e+01  5.000  4.520912e+01
-1.600000e+01  6.000  5.191373e+01
-1.600000e+01  8.000  3.800937e+01
-1.600000e+01  9.000  3.627414e+01
-1.600000e+01  11.000  2.691934e+01
-1.600000e+01  14.000  2.662999e+01
-1.600000e+01  17.000  1.906630e+01
-1.600000e+01  21.000  1.816618e+01
-1.600000e+01  26.000  1.246154e+01
-1.600000e+01  32.000  7.906652e+00
-1.600000e+01  39.000  4.749274e+00
-1.600000e+01  48.000  2.607151e+00
-1.600000e+01  58.000  1.614733e+00
-1.600000e+01  88.000  5.260641e-01
-1.600000e+01  108.000  2.988454e-01
-1.600000e+01  132.000  1.438478e-01
-1.600000e+01  162.000  2.524047e-02
-1.600000e+01  1.990000e+02  0.0
-1.600000e+01  2.440000e+02  0.0
-1.600000e+01  3.000000e+02  0.0
-1.630000e+01  5.000  7.059724e+01
-1.630000e+01  6.000  5.309760e+01
-1.630000e+01  8.000  3.676783e+01
-1.630000e+01  9.000  3.263484e+01
-1.630000e+01  11.000  3.057648e+01
-1.630000e+01  14.000  2.306664e+01
-1.630000e+01  17.000  2.164869e+01
-1.630000e+01  21.000  1.247697e+01
-1.630000e+01  26.000  9.037028e+00
-1.630000e+01  32.000  6.165835e+00
-1.630000e+01  39.000  3.355657e+00
-1.630000e+01  48.000  2.047286e+00
-1.630000e+01  58.000  1.219813e+00
-1.630000e+01  88.000  4.753864e-01
-1.630000e+01  108.000  2.185240e-01
-1.630000e+01  132.000  4.705437e-02
-1.630000e+01  1.620000e+02  0.0
-1.630000e+01  1.990000e+02  0.0
-1.630000e+01  2.440000e+02  0.0
-1.630000e+01  3.000000e+02  0.0
-1.670000e+01  5.000  4.965866e+01
-1.670000e+01  6.000  4.504792e+01
-1.670000e+01  8.000  2.696394e+01
-1.670000e+01  9.000  2.871600e+01
-1.670000e+01  11.000  2.037347e+01
-1.670000e+01  14.000  1.964547e+01
-1.670000e+01  17.000  1.382886e+01
-1.670000e+01  21.000  8.659808e+00
-1.670000e+01  26.000  5.574942e+00
-1.670000e+01  32.000  3.241447e+00
-1.670000e+01  39.000  1.907446e+00
-1.670000e+01  48.000  1.156694e+00
-1.670000e+01  58.000  7.756407e-01
-1.670000e+01  88.000  2.208893e-01
-1.670000e+01  108.000  5.144147e-02
-1.670000e+01  1.320000e+02  0.0
-1.670000e+01  1.620000e+02  0.0
-1.670000e+01  1.990000e+02  0.0
-1.670000e+01  2.440000e+02  0.0
-1.670000e+01  3.000000e+02  0.0
-1.700000e+01  5.000  5.535059e+01
-1.700000e+01  6.000  4.213636e+01
-1.700000e+01  8.000  3.065477e+01
-1.700000e+01  9.000  3.411729e+01
-1.700000e+01  11.000  2.331996e+01
-1.700000e+01  14.000  1.358971e+01
-1.700000e+01  17.000  1.024291e+01
-1.700000e+01  21.000  6.104531e+00
-1.700000e+01  26.000  3.743198e+00
-1.700000e+01  32.000  2.230721e+00
-1.700000e+01  39.000  1.335886e+00
-1.700000e+01  48.000  8.404989e-01
-1.700000e+01  58.000  5.448109e-01
-1.700000e+01  88.000  6.163582e-02
-1.700000e+01  1.080000e+02  0.0
-1.700000e+01  1.320000e+02  0.0
-1.700000e+01  1.620000e+02  0.0
-1.700000e+01  1.990000e+02  0.0
-1.700000e+01  2.440000e+02  0.0
-1.700000e+01  3.000000e+02  0.0
-1.730000e+01  5.000  4.774394e+01
-1.730000e+01  6.000  5.437024e+01
-1.730000e+01  8.000  2.958436e+01
-1.730000e+01  9.000  2.907816e+01
-1.730000e+01  11.000  1.777518e+01
-1.730000e+01  14.000  1.183987e+01
-1.730000e+01  17.000  7.154155e+00
-1.730000e+01  21.000  3.837564e+00
-1.730000e+01  26.000  2.191889e+00
-1.730000e+01  32.000  1.574325e+00
-1.730000e+01  39.000  9.858496e-01
-1.730000e+01  48.000  5.759408e-01
-1.730000e+01  58.000  2.319406e-01
-1.730000e+01  8.800000e+01  0.0
-1.730000e+01  1.080000e+02  0.0
-1.730000e+01  1.320000e+02  0.0
-1.730000e+01  1.620000e+02  0.0
-1.730000e+01  1.990000e+02  0.0
-1.730000e+01  2.440000e+02  0.0
-1.730000e+01  3.000000e+02  0.0
-1.770000e+01  5.000  4.522469e+01
-1.770000e+01  6.000  4.162587e+01
-1.770000e+01  8.000  2.371006e+01
-1.770000e+01  9.000  1.934933e+01
-1.770000e+01  11.000  1.180679e+01
-1.770000e+01  14.000  6.214093e+00
-1.770000e+01  17.000  3.742997e+00
-1.770000e+01  21.000  1.955977e+00
-1.770000e+01  26.000  1.194977e+00
-1.770000e+01  32.000  8.802638e-01
-1.770000e+01  39.000  5.153326e-01
-1.770000e+01  48.000  1.749246e-01
-1.770000e+01  5.800000e+01  0.0
-1.770000e+01  8.800000e+01  0.0
-1.770000e+01  1.080000e+02  0.0
-1.770000e+01  1.320000e+02  0.0
-1.770000e+01  1.620000e+02  0.0
-1.770000e+01  1.990000e+02  0.0
-1.770000e+01  2.440000e+02  0.0
-1.770000e+01  3.000000e+02  0.0
-1.800000e+01  5.000  3.873914e+01
-1.800000e+01  6.000  3.392326e+01
-1.800000e+01  8.000  1.628513e+01
-1.800000e+01  9.000  1.426864e+01
-1.800000e+01  11.000  8.312048e+00
-1.800000e+01  14.000  4.040524e+00
-1.800000e+01  17.000  2.428286e+00
-1.800000e+01  21.000  1.364850e+00
-1.800000e+01  26.000  9.721073e-01
-1.800000e+01  32.000  5.351779e-01
-1.800000e+01  39.000  1.759051e-01
-1.800000e+01  4.800000e+01  0.0
-1.800000e+01  5.800000e+01  0.0
-1.800000e+01  8.800000e+01  0.0
-1.800000e+01  1.080000e+02  0.0
-1.800000e+01  1.320000e+02  0.0
-1.800000e+01  1.620000e+02  0.0
-1.800000e+01  1.990000e+02  0.0
-1.800000e+01  2.440000e+02  0.0
-1.800000e+01  3.000000e+02  0.0
-1.830000e+01  5.000  2.994193e+01
-1.830000e+01  6.000  2.235395e+01
-1.830000e+01  8.000  1.155129e+01
-1.830000e+01  9.000  9.555364e+00
-1.830000e+01  11.000  5.433024e+00
-1.830000e+01  14.000  2.911670e+00
-1.830000e+01  17.000  1.621333e+00
-1.830000e+01  21.000  1.094443e+00
-1.830000e+01  26.000  5.673152e-01
-1.830000e+01  32.000  1.911479e-01
-1.830000e+01  3.900000e+01  0.0
-1.830000e+01  4.800000e+01  0.0
-1.830000e+01  5.800000e+01  0.0
-1.830000e+01  8.800000e+01  0.0
-1.830000e+01  1.080000e+02  0.0
-1.830000e+01  1.320000e+02  0.0
-1.830000e+01  1.620000e+02  0.0
-1.830000e+01  1.990000e+02  0.0
-1.830000e+01  2.440000e+02  0.0
-1.830000e+01  3.000000e+02  0.0
-1.870000e+01  5.000  1.891109e+01
-1.870000e+01  6.000  1.298930e+01
-1.870000e+01  8.000  5.905426e+00
-1.870000e+01  9.000  4.773951e+00
-1.870000e+01  11.000  3.063480e+00
-1.870000e+01  14.000  1.517911e+00
-1.870000e+01  17.000  9.982027e-01
-1.870000e+01  21.000  5.408856e-01
-1.870000e+01  26.000  1.607544e-01
-1.870000e+01  32.000  3.483542e-02
-1.870000e+01  3.900000e+01  0.0
-1.870000e+01  4.800000e+01  0.0
-1.870000e+01  5.800000e+01  0.0
-1.870000e+01  8.800000e+01  0.0
-1.870000e+01  1.080000e+02  0.0
-1.870000e+01  1.320000e+02  0.0
-1.870000e+01  1.620000e+02  0.0
-1.870000e+01  1.990000e+02  0.0
-1.870000e+01  2.440000e+02  0.0
-1.870000e+01  3.000000e+02  0.0
-1.900000e+01  5.000  1.342035e+01
-1.900000e+01  6.000  8.845569e+00
-1.900000e+01  8.000  3.733129e+00
-1.900000e+01  9.000  3.001192e+00
-1.900000e+01  11.000  2.075970e+00
-1.900000e+01  14.000  1.097161e+00
-1.900000e+01  17.000  6.150646e-01
-1.900000e+01  21.000  1.777100e-01
-1.900000e+01  26.000  3.678249e-02
-1.900000e+01  3.200000e+01  0.0
-1.900000e+01  3.900000e+01  0.0
-1.900000e+01  4.800000e+01  0.0
-1.900000e+01  5.800000e+01  0.0
-1.900000e+01  8.800000e+01  0.0
-1.900000e+01  1.080000e+02  0.0
-1.900000e+01  1.320000e+02  0.0
-1.900000e+01  1.620000e+02  0.0
-1.900000e+01  1.990000e+02  0.0
-1.900000e+01  2.440000e+02  0.0
-1.900000e+01  3.000000e+02  0.0
-1.930000e+01  5.000  9.139455e+00
-1.930000e+01  6.000  5.644964e+00
-1.930000e+01  8.000  2.328998e+00
-1.930000e+01  9.000  2.030935e+00
-1.930000e+01  11.000  1.361759e+00
-1.930000e+01  14.000  6.305869e-01
-1.930000e+01  17.000  1.913769e-01
-1.930000e+01  21.000  4.177383e-02
-1.930000e+01  2.600000e+01  0.0
-1.930000e+01  3.200000e+01  0.0
-1.930000e+01  3.900000e+01  0.0
-1.930000e+01  4.800000e+01  0.0
-1.930000e+01  5.800000e+01  0.0
-1.930000e+01  8.800000e+01  0.0
-1.930000e+01  1.080000e+02  0.0
-1.930000e+01  1.320000e+02  0.0
-1.930000e+01  1.620000e+02  0.0
-1.930000e+01  1.990000e+02  0.0
-1.930000e+01  2.440000e+02  0.0
-1.930000e+01  3.000000e+02  0.0
-1.970000e+01  5.000  4.569537e+00
-1.970000e+01  6.000  2.714608e+00
-1.970000e+01  8.000  1.196554e+00
-1.970000e+01  9.000  1.253660e+00
-1.970000e+01  11.000  6.634698e-01
-1.970000e+01  14.000  1.727537e-01
-1.970000e+01  17.000  3.780209e-02
-1.970000e+01  2.100000e+01  0.0
-1.970000e+01  2.600000e+01  0.0
-1.970000e+01  3.200000e+01  0.0
-1.970000e+01  3.900000e+01  0.0
-1.970000e+01  4.800000e+01  0.0
-1.970000e+01  5.800000e+01  0.0
-1.970000e+01  8.800000e+01  0.0
-1.970000e+01  1.080000e+02  0.0
-1.970000e+01  1.320000e+02  0.0
-1.970000e+01  1.620000e+02  0.0
-1.970000e+01  1.990000e+02  0.0
-1.970000e+01  2.440000e+02  0.0
-1.970000e+01  3.000000e+02  0.0
-2.000000e+01  5.000  3.112243e+00
-2.000000e+01  6.000  1.956825e+00
-2.000000e+01  8.000  9.902325e-01
-2.000000e+01  9.000  7.196720e-01
-2.000000e+01  11.000  2.168922e-01
-2.000000e+01  14.000  4.175037e-02
-2.000000e+01  1.700000e+01  0.0
-2.000000e+01  2.100000e+01  0.0
-2.000000e+01  2.600000e+01  0.0
-2.000000e+01  3.200000e+01  0.0
-2.000000e+01  3.900000e+01  0.0
-2.000000e+01  4.800000e+01  0.0
-2.000000e+01  5.800000e+01  0.0
-2.000000e+01  8.800000e+01  0.0
-2.000000e+01  1.080000e+02  0.0
-2.000000e+01  1.320000e+02  0.0
-2.000000e+01  1.620000e+02  0.0
-2.000000e+01  1.990000e+02  0.0
-2.000000e+01  2.440000e+02  0.0
-2.000000e+01  3.000000e+02  0.0
-2.030000e+01  5.000  2.209435e+00
-2.030000e+01  6.000  1.528441e+00
-2.030000e+01  8.000  6.027481e-01
-2.030000e+01  9.000  2.577351e-01
-2.030000e+01  11.000  5.486346e-02
-2.030000e+01  1.400000e+01  0.0
-2.030000e+01  1.700000e+01  0.0
-2.030000e+01  2.100000e+01  0.0
-2.030000e+01  2.600000e+01  0.0
-2.030000e+01  3.200000e+01  0.0
-2.030000e+01  3.900000e+01  0.0
-2.030000e+01  4.800000e+01  0.0
-2.030000e+01  5.800000e+01  0.0
-2.030000e+01  8.800000e+01  0.0
-2.030000e+01  1.080000e+02  0.0
-2.030000e+01  1.320000e+02  0.0
-2.030000e+01  1.620000e+02  0.0
-2.030000e+01  1.990000e+02  0.0
-2.030000e+01  2.440000e+02  0.0
-2.030000e+01  3.000000e+02  0.0
-2.070000e+01  5.000  1.248361e+00
-2.070000e+01  6.000  7.407142e-01
-2.070000e+01  8.000  1.759913e-01
-2.070000e+01  9.000  5.035261e-02
-2.070000e+01  1.100000e+01  0.0
-2.070000e+01  1.400000e+01  0.0
-2.070000e+01  1.700000e+01  0.0
-2.070000e+01  2.100000e+01  0.0
-2.070000e+01  2.600000e+01  0.0
-2.070000e+01  3.200000e+01  0.0
-2.070000e+01  3.900000e+01  0.0
-2.070000e+01  4.800000e+01  0.0
-2.070000e+01  5.800000e+01  0.0
-2.070000e+01  8.800000e+01  0.0
-2.070000e+01  1.080000e+02  0.0
-2.070000e+01  1.320000e+02  0.0
-2.070000e+01  1.620000e+02  0.0
-2.070000e+01  1.990000e+02  0.0
-2.070000e+01  2.440000e+02  0.0
-2.070000e+01  3.000000e+02  0.0
-2.100000e+01  5.000  7.611552e-01
-2.100000e+01  6.000  2.730153e-01
-2.100000e+01  8.000  4.212580e-02
-2.100000e+01  9.000000e+00  0.0
-2.100000e+01  1.100000e+01  0.0
-2.100000e+01  1.400000e+01  0.0
-2.100000e+01  1.700000e+01  0.0
-2.100000e+01  2.100000e+01  0.0
-2.100000e+01  2.600000e+01  0.0
-2.100000e+01  3.200000e+01  0.0
-2.100000e+01  3.900000e+01  0.0
-2.100000e+01  4.800000e+01  0.0
-2.100000e+01  5.800000e+01  0.0
-2.100000e+01  8.800000e+01  0.0
-2.100000e+01  1.080000e+02  0.0
-2.100000e+01  1.320000e+02  0.0
-2.100000e+01  1.620000e+02  0.0
-2.100000e+01  1.990000e+02  0.0
-2.100000e+01  2.440000e+02  0.0
-2.100000e+01  3.000000e+02  0.0
-2.130000e+01  5.000  3.027180e-01
-2.130000e+01  6.000  6.889682e-02
-2.130000e+01  8.000000e+00  0.0
-2.130000e+01  9.000000e+00  0.0
-2.130000e+01  1.100000e+01  0.0
-2.130000e+01  1.400000e+01  0.0
-2.130000e+01  1.700000e+01  0.0
-2.130000e+01  2.100000e+01  0.0
-2.130000e+01  2.600000e+01  0.0
-2.130000e+01  3.200000e+01  0.0
-2.130000e+01  3.900000e+01  0.0
-2.130000e+01  4.800000e+01  0.0
-2.130000e+01  5.800000e+01  0.0
-2.130000e+01  8.800000e+01  0.0
-2.130000e+01  1.080000e+02  0.0
-2.130000e+01  1.320000e+02  0.0
-2.130000e+01  1.620000e+02  0.0
-2.130000e+01  1.990000e+02  0.0
-2.130000e+01  2.440000e+02  0.0
-2.130000e+01  3.000000e+02  0.0
-2.170000e+01  5.000  5.913399e-02
-2.170000e+01  6.000000e+00  0.0
-2.170000e+01  8.000000e+00  0.0
-2.170000e+01  9.000000e+00  0.0
-2.170000e+01  1.100000e+01  0.0
-2.170000e+01  1.400000e+01  0.0
-2.170000e+01  1.700000e+01  0.0
-2.170000e+01  2.100000e+01  0.0
-2.170000e+01  2.600000e+01  0.0
-2.170000e+01  3.200000e+01  0.0
-2.170000e+01  3.900000e+01  0.0
-2.170000e+01  4.800000e+01  0.0
-2.170000e+01  5.800000e+01  0.0
-2.170000e+01  8.800000e+01  0.0
-2.170000e+01  1.080000e+02  0.0
-2.170000e+01  1.320000e+02  0.0
-2.170000e+01  1.620000e+02  0.0
-2.170000e+01  1.990000e+02  0.0
-2.170000e+01  2.440000e+02  0.0
-2.170000e+01  3.000000e+02  0.0
-2.200000e+01  5.000000e+00  0.0
-2.200000e+01  6.000000e+00  0.0
-2.200000e+01  8.000000e+00  0.0
-2.200000e+01  9.000000e+00  0.0
-2.200000e+01  1.100000e+01  0.0
-2.200000e+01  1.400000e+01  0.0
-2.200000e+01  1.700000e+01  0.0
-2.200000e+01  2.100000e+01  0.0
-2.200000e+01  2.600000e+01  0.0
-2.200000e+01  3.200000e+01  0.0
-2.200000e+01  3.900000e+01  0.0
-2.200000e+01  4.800000e+01  0.0
-2.200000e+01  5.800000e+01  0.0
-2.200000e+01  8.800000e+01  0.0
-2.200000e+01  1.080000e+02  0.0
-2.200000e+01  1.320000e+02  0.0
-2.200000e+01  1.620000e+02  0.0
-2.200000e+01  1.990000e+02  0.0
-2.200000e+01  2.440000e+02  0.0
-2.200000e+01  3.000000e+02  0.0
