# log10(y)    mass[MeV]    Nhits
-1.330000e+01  5.000  1.780417e-18
-1.330000e+01  6.000  1.158873e-14
-1.330000e+01  8.000  5.605975e-11
-1.330000e+01  9.000  5.345803e-09
-1.330000e+01  11.000  6.565553e-07
-1.330000e+01  14.000  3.015359e-05
-1.330000e+01  17.000  2.937655e-04
-1.330000e+01  21.000  2.085663e-03
-1.330000e+01  26.000  5.912060e-03
-1.330000e+01  32.000  1.154289e-02
-1.330000e+01  39.000  1.414129e-02
-1.330000e+01  48.000  2.876484e-02
-1.330000e+01  58.000  1.616181e-02
-1.330000e+01  88.000  1.646569e-02
-1.330000e+01  108.000  5.381774e-03
-1.330000e+01  132.000  3.791634e-03
-1.330000e+01  162.000  2.979040e-03
-1.330000e+01  199.000  1.137985e-03
-1.330000e+01  244.000  2.143219e-04
-1.330000e+01  300.000  7.908867e-05
-1.370000e+01  5.000  3.919290e-14
-1.370000e+01  6.000  4.822856e-11
-1.370000e+01  8.000  2.256930e-08
-1.370000e+01  9.000  1.087604e-06
-1.370000e+01  11.000  3.158231e-05
-1.370000e+01  14.000  5.337524e-04
-1.370000e+01  17.000  2.898633e-03
-1.370000e+01  21.000  1.050259e-02
-1.370000e+01  26.000  1.952994e-02
-1.370000e+01  32.000  1.803979e-02
-1.370000e+01  39.000  1.049283e-01
-1.370000e+01  48.000  4.854932e-02
-1.370000e+01  58.000  5.612175e-02
-1.370000e+01  88.000  2.410006e-02
-1.370000e+01  108.000  1.260917e-02
-1.370000e+01  132.000  7.918609e-03
-1.370000e+01  162.000  4.477997e-03
-1.370000e+01  199.000  1.518905e-03
-1.370000e+01  244.000  3.963617e-04
-1.370000e+01  300.000  2.533062e-04
-1.400000e+01  5.000  1.552608e-10
-1.400000e+01  6.000  2.417143e-08
-1.400000e+01  8.000  2.448036e-06
-1.400000e+01  9.000  6.188219e-05
-1.400000e+01  11.000  7.910293e-04
-1.400000e+01  14.000  4.319194e-03
-1.400000e+01  17.000  2.613054e-02
-1.400000e+01  21.000  4.970137e-02
-1.400000e+01  26.000  7.718354e-02
-1.400000e+01  32.000  1.960420e-01
-1.400000e+01  39.000  2.453964e-01
-1.400000e+01  48.000  1.328216e-01
-1.400000e+01  58.000  2.098141e-01
-1.400000e+01  88.000  4.216150e-02
-1.400000e+01  108.000  3.467560e-02
-1.400000e+01  132.000  2.132582e-02
-1.400000e+01  162.000  8.588897e-03
-1.400000e+01  199.000  1.981638e-03
-1.400000e+01  244.000  8.350405e-04
-1.400000e+01  300.000  7.764964e-04
-1.430000e+01  5.000  1.069595e-07
-1.430000e+01  6.000  6.573568e-06
-1.430000e+01  8.000  1.525344e-04
-1.430000e+01  9.000  1.881564e-03
-1.430000e+01  11.000  8.237557e-03
-1.430000e+01  14.000  3.280130e-02
-1.430000e+01  17.000  1.115091e-01
-1.430000e+01  21.000  1.731721e-01
-1.430000e+01  26.000  4.685930e-01
-1.430000e+01  32.000  2.764049e-01
-1.430000e+01  39.000  4.723182e-01
-1.430000e+01  48.000  8.457737e-01
-1.430000e+01  58.000  3.681453e-01
-1.430000e+01  88.000  1.144944e-01
-1.430000e+01  108.000  7.564896e-02
-1.430000e+01  132.000  3.434549e-02
-1.430000e+01  162.000  1.001331e-02
-1.430000e+01  199.000  4.392575e-03
-1.430000e+01  244.000  3.101289e-03
-1.430000e+01  300.000  1.071595e-03
-1.470000e+01  5.000  1.416900e-05
-1.470000e+01  6.000  3.382700e-04
-1.470000e+01  8.000  2.655564e-03
-1.470000e+01  9.000  1.630742e-02
-1.470000e+01  11.000  6.055852e-02
-1.470000e+01  14.000  2.290823e-01
-1.470000e+01  17.000  3.202937e-01
-1.470000e+01  21.000  2.825469e-01
-1.470000e+01  26.000  6.885641e-01
-1.470000e+01  32.000  7.876213e-01
-1.470000e+01  39.000  8.176025e-01
-1.470000e+01  48.000  3.935737e-01
-1.470000e+01  58.000  3.264134e-01
-1.470000e+01  88.000  1.676054e-01
-1.470000e+01  108.000  8.886520e-02
-1.470000e+01  132.000  3.490447e-02
-1.470000e+01  162.000  1.092059e-02
-1.470000e+01  199.000  6.622094e-03
-1.470000e+01  244.000  4.418218e-03
-1.470000e+01  300.000  4.327009e-04
-1.500000e+01  5.000  6.175836e-04
-1.500000e+01  6.000  5.736884e-03
-1.500000e+01  8.000  3.429512e-02
-1.500000e+01  9.000  1.225412e-01
-1.500000e+01  11.000  3.684248e-01
-1.500000e+01  14.000  6.594845e-01
-1.500000e+01  17.000  1.044924e+00
-1.500000e+01  21.000  1.253348e+00
-1.500000e+01  26.000  1.100956e+00
-1.500000e+01  32.000  1.030532e+00
-1.500000e+01  39.000  1.177206e+00
-1.500000e+01  48.000  1.194984e+00
-1.500000e+01  58.000  5.339049e-01
-1.500000e+01  88.000  2.269954e-01
-1.500000e+01  108.000  1.131254e-01
-1.500000e+01  132.000  4.549347e-02
-1.500000e+01  162.000  2.333798e-02
-1.500000e+01  199.000  1.532111e-02
-1.500000e+01  244.000  3.082748e-03
-1.500000e+01  300.000  1.127429e-04
-1.530000e+01  5.000  1.081049e-02
-1.530000e+01  6.000  6.219073e-02
-1.530000e+01  8.000  1.726480e-01
-1.530000e+01  9.000  5.519723e-01
-1.530000e+01  11.000  1.049451e+00
-1.530000e+01  14.000  1.535807e+00
-1.530000e+01  17.000  1.781832e+00
-1.530000e+01  21.000  2.250823e+00
-1.530000e+01  26.000  2.555062e+00
-1.530000e+01  32.000  2.550053e+00
-1.530000e+01  39.000  2.225070e+00
-1.530000e+01  48.000  1.144042e+00
-1.530000e+01  58.000  9.487955e-01
-1.530000e+01  88.000  2.855144e-01
-1.530000e+01  108.000  1.197396e-01
-1.530000e+01  132.000  5.856902e-02
-1.530000e+01  162.000  4.175024e-02
-1.530000e+01  199.000  1.284256e-02
-1.530000e+01  244.000  9.844867e-04
-1.530000e+01  300.000  2.597877e-05
-1.570000e+01  5.000  7.094792e-02
-1.570000e+01  6.000  2.156414e-01
-1.570000e+01  8.000  4.612736e-01
-1.570000e+01  9.000  1.005402e+00
-1.570000e+01  11.000  1.332289e+00
-1.570000e+01  14.000  1.103723e+00
-1.570000e+01  17.000  1.886752e+00
-1.570000e+01  21.000  2.508382e+00
-1.570000e+01  26.000  2.436375e+00
-1.570000e+01  32.000  1.936109e+00
-1.570000e+01  39.000  1.786499e+00
-1.570000e+01  48.000  1.250566e+00
-1.570000e+01  58.000  8.394687e-01
-1.570000e+01  88.000  2.039997e-01
-1.570000e+01  108.000  1.145393e-01
-1.570000e+01  132.000  6.897376e-02
-1.570000e+01  162.000  2.813430e-02
-1.570000e+01  199.000  3.576108e-03
-1.570000e+01  244.000  1.686188e-04
-1.570000e+01  3.000000e+02  0.0
-1.600000e+01  5.000  2.656977e-01
-1.600000e+01  6.000  6.706797e-01
-1.600000e+01  8.000  9.578859e-01
-1.600000e+01  9.000  1.544501e+00
-1.600000e+01  11.000  1.475804e+00
-1.600000e+01  14.000  2.452793e+00
-1.600000e+01  17.000  2.658910e+00
-1.600000e+01  21.000  3.382826e+00
-1.600000e+01  26.000  3.006564e+00
-1.600000e+01  32.000  2.292536e+00
-1.600000e+01  39.000  1.859944e+00
-1.600000e+01  48.000  1.118949e+00
-1.600000e+01  58.000  7.402429e-01
-1.600000e+01  88.000  2.368378e-01
-1.600000e+01  108.000  1.304356e-01
-1.600000e+01  132.000  6.093419e-02
-1.600000e+01  162.000  1.052496e-02
-1.600000e+01  1.990000e+02  0.0
-1.600000e+01  2.440000e+02  0.0
-1.600000e+01  3.000000e+02  0.0
-1.630000e+01  5.000  9.323374e-01
-1.630000e+01  6.000  1.338267e+00
-1.630000e+01  8.000  1.565164e+00
-1.630000e+01  9.000  1.738654e+00
-1.630000e+01  11.000  2.838432e+00
-1.630000e+01  14.000  3.259041e+00
-1.630000e+01  17.000  4.066637e+00
-1.630000e+01  21.000  3.038211e+00
-1.630000e+01  26.000  2.663935e+00
-1.630000e+01  32.000  2.131537e+00
-1.630000e+01  39.000  1.514008e+00
-1.630000e+01  48.000  9.954881e-01
-1.630000e+01  58.000  6.259075e-01
-1.630000e+01  88.000  2.198785e-01
-1.630000e+01  108.000  9.749838e-02
-1.630000e+01  132.000  2.057810e-02
-1.630000e+01  1.620000e+02  0.0
-1.630000e+01  1.990000e+02  0.0
-1.630000e+01  2.440000e+02  0.0
-1.630000e+01  3.000000e+02  0.0
-1.670000e+01  5.000  1.270867e+00
-1.670000e+01  6.000  1.904287e+00
-1.670000e+01  8.000  1.444261e+00
-1.670000e+01  9.000  2.753615e+00
-1.670000e+01  11.000  2.810086e+00
-1.670000e+01  14.000  3.617941e+00
-1.670000e+01  17.000  3.306667e+00
-1.670000e+01  21.000  2.519761e+00
-1.670000e+01  26.000  1.980702e+00
-1.670000e+01  32.000  1.317033e+00
-1.670000e+01  39.000  9.610917e-01
-1.670000e+01  48.000  6.236673e-01
-1.670000e+01  58.000  4.078383e-01
-1.670000e+01  88.000  1.052767e-01
-1.670000e+01  108.000  2.399433e-02
-1.670000e+01  1.320000e+02  0.0
-1.670000e+01  1.620000e+02  0.0
-1.670000e+01  1.990000e+02  0.0
-1.670000e+01  2.440000e+02  0.0
-1.670000e+01  3.000000e+02  0.0
-1.700000e+01  5.000  2.322532e+00
-1.700000e+01  6.000  2.213038e+00
-1.700000e+01  8.000  2.919825e+00
-1.700000e+01  9.000  4.886985e+00
-1.700000e+01  11.000  4.422622e+00
-1.700000e+01  14.000  3.214559e+00
-1.700000e+01  17.000  3.060512e+00
-1.700000e+01  21.000  2.165073e+00
-1.700000e+01  26.000  1.533444e+00
-1.700000e+01  32.000  1.051544e+00
-1.700000e+01  39.000  7.504820e-01
-1.700000e+01  48.000  4.661192e-01
-1.700000e+01  58.000  2.995917e-01
-1.700000e+01  88.000  3.116411e-02
-1.700000e+01  1.080000e+02  0.0
-1.700000e+01  1.320000e+02  0.0
-1.700000e+01  1.620000e+02  0.0
-1.700000e+01  1.990000e+02  0.0
-1.700000e+01  2.440000e+02  0.0
-1.700000e+01  3.000000e+02  0.0
-1.730000e+01  5.000  2.527068e+00
-1.730000e+01  6.000  5.421606e+00
-1.730000e+01  8.000  4.225379e+00
-1.730000e+01  9.000  5.492806e+00
-1.730000e+01  11.000  4.351240e+00
-1.730000e+01  14.000  3.524467e+00
-1.730000e+01  17.000  2.618102e+00
-1.730000e+01  21.000  1.626109e+00
-1.730000e+01  26.000  1.049586e+00
-1.730000e+01  32.000  8.319515e-01
-1.730000e+01  39.000  5.741042e-01
-1.730000e+01  48.000  3.376592e-01
-1.730000e+01  58.000  1.381563e-01
-1.730000e+01  8.800000e+01  0.0
-1.730000e+01  1.080000e+02  0.0
-1.730000e+01  1.320000e+02  0.0
-1.730000e+01  1.620000e+02  0.0
-1.730000e+01  1.990000e+02  0.0
-1.730000e+01  2.440000e+02  0.0
-1.730000e+01  3.000000e+02  0.0
-1.770000e+01  5.000  4.505340e+00
-1.770000e+01  6.000  5.931650e+00
-1.770000e+01  8.000  4.472421e+00
-1.770000e+01  9.000  4.732011e+00
-1.770000e+01  11.000  3.511327e+00
-1.770000e+01  14.000  2.277190e+00
-1.770000e+01  17.000  1.594087e+00
-1.770000e+01  21.000  9.471168e-01
-1.770000e+01  26.000  6.585305e-01
-1.770000e+01  32.000  5.112470e-01
-1.770000e+01  39.000  3.192816e-01
-1.770000e+01  48.000  1.122434e-01
-1.770000e+01  5.800000e+01  0.0
-1.770000e+01  8.800000e+01  0.0
-1.770000e+01  1.080000e+02  0.0
-1.770000e+01  1.320000e+02  0.0
-1.770000e+01  1.620000e+02  0.0
-1.770000e+01  1.990000e+02  0.0
-1.770000e+01  2.440000e+02  0.0
-1.770000e+01  3.000000e+02  0.0
-1.800000e+01  5.000  5.522141e+00
-1.800000e+01  6.000  6.401488e+00
-1.800000e+01  8.000  3.983911e+00
-1.800000e+01  9.000  4.410097e+00
-1.800000e+01  11.000  3.054694e+00
-1.800000e+01  14.000  1.727949e+00
-1.800000e+01  17.000  1.215749e+00
-1.800000e+01  21.000  7.627303e-01
-1.800000e+01  26.000  5.769493e-01
-1.800000e+01  32.000  3.232767e-01
-1.800000e+01  39.000  1.208554e-01
-1.800000e+01  4.800000e+01  0.0
-1.800000e+01  5.800000e+01  0.0
-1.800000e+01  8.800000e+01  0.0
-1.800000e+01  1.080000e+02  0.0
-1.800000e+01  1.320000e+02  0.0
-1.800000e+01  1.620000e+02  0.0
-1.800000e+01  1.990000e+02  0.0
-1.800000e+01  2.440000e+02  0.0
-1.800000e+01  3.000000e+02  0.0
-1.830000e+01  5.000  5.658155e+00
-1.830000e+01  6.000  5.479182e+00
-1.830000e+01  8.000  3.574438e+00
-1.830000e+01  9.000  3.521337e+00
-1.830000e+01  11.000  2.334441e+00
-1.830000e+01  14.000  1.466318e+00
-1.830000e+01  17.000  9.147002e-01
-1.830000e+01  21.000  6.624232e-01
-1.830000e+01  26.000  3.526470e-01
-1.830000e+01  32.000  1.240216e-01
-1.830000e+01  3.900000e+01  0.0
-1.830000e+01  4.800000e+01  0.0
-1.830000e+01  5.800000e+01  0.0
-1.830000e+01  8.800000e+01  0.0
-1.830000e+01  1.080000e+02  0.0
-1.830000e+01  1.320000e+02  0.0
-1.830000e+01  1.620000e+02  0.0
-1.830000e+01  1.990000e+02  0.0
-1.830000e+01  2.440000e+02  0.0
-1.830000e+01  3.000000e+02  0.0
-1.870000e+01  5.000  4.641799e+00
-1.870000e+01  6.000  4.031293e+00
-1.870000e+01  8.000  2.179716e+00
-1.870000e+01  9.000  2.058309e+00
-1.870000e+01  11.000  1.551466e+00
-1.870000e+01  14.000  8.617312e-01
-1.870000e+01  17.000  6.102477e-01
-1.870000e+01  21.000  3.418349e-01
-1.870000e+01  26.000  1.071321e-01
-1.870000e+01  32.000  2.520664e-02
-1.870000e+01  3.900000e+01  0.0
-1.870000e+01  4.800000e+01  0.0
-1.870000e+01  5.800000e+01  0.0
-1.870000e+01  8.800000e+01  0.0
-1.870000e+01  1.080000e+02  0.0
-1.870000e+01  1.320000e+02  0.0
-1.870000e+01  1.620000e+02  0.0
-1.870000e+01  1.990000e+02  0.0
-1.870000e+01  2.440000e+02  0.0
-1.870000e+01  3.000000e+02  0.0
-1.900000e+01  5.000  4.171750e+00
-1.900000e+01  6.000  3.275886e+00
-1.900000e+01  8.000  1.612378e+00
-1.900000e+01  9.000  1.525370e+00
-1.900000e+01  11.000  1.185173e+00
-1.900000e+01  14.000  6.750403e-01
-1.900000e+01  17.000  3.929460e-01
-1.900000e+01  21.000  1.212423e-01
-1.900000e+01  26.000  2.739573e-02
-1.900000e+01  3.200000e+01  0.0
-1.900000e+01  3.900000e+01  0.0
-1.900000e+01  4.800000e+01  0.0
-1.900000e+01  5.800000e+01  0.0
-1.900000e+01  8.800000e+01  0.0
-1.900000e+01  1.080000e+02  0.0
-1.900000e+01  1.320000e+02  0.0
-1.900000e+01  1.620000e+02  0.0
-1.900000e+01  1.990000e+02  0.0
-1.900000e+01  2.440000e+02  0.0
-1.900000e+01  3.000000e+02  0.0
-1.930000e+01  5.000  3.390254e+00
-1.930000e+01  6.000  2.446434e+00
-1.930000e+01  8.000  1.185742e+00
-1.930000e+01  9.000  1.163358e+00
-1.930000e+01  11.000  8.424549e-01
-1.930000e+01  14.000  4.056008e-01
-1.930000e+01  17.000  1.320990e-01
-1.930000e+01  21.000  3.190452e-02
-1.930000e+01  2.600000e+01  0.0
-1.930000e+01  3.200000e+01  0.0
-1.930000e+01  3.900000e+01  0.0
-1.930000e+01  4.800000e+01  0.0
-1.930000e+01  5.800000e+01  0.0
-1.930000e+01  8.800000e+01  0.0
-1.930000e+01  1.080000e+02  0.0
-1.930000e+01  1.320000e+02  0.0
-1.930000e+01  1.620000e+02  0.0
-1.930000e+01  1.990000e+02  0.0
-1.930000e+01  2.440000e+02  0.0
-1.930000e+01  3.000000e+02  0.0
-1.970000e+01  5.000  1.983446e+00
-1.970000e+01  6.000  1.386385e+00
-1.970000e+01  8.000  6.864645e-01
-1.970000e+01  9.000  7.780409e-01
-1.970000e+01  11.000  4.291885e-01
-1.970000e+01  14.000  1.200951e-01
-1.970000e+01  17.000  2.904352e-02
-1.970000e+01  2.100000e+01  0.0
-1.970000e+01  2.600000e+01  0.0
-1.970000e+01  3.200000e+01  0.0
-1.970000e+01  3.900000e+01  0.0
-1.970000e+01  4.800000e+01  0.0
-1.970000e+01  5.800000e+01  0.0
-1.970000e+01  8.800000e+01  0.0
-1.970000e+01  1.080000e+02  0.0
-1.970000e+01  1.320000e+02  0.0
-1.970000e+01  1.620000e+02  0.0
-1.970000e+01  1.990000e+02  0.0
-1.970000e+01  2.440000e+02  0.0
-1.970000e+01  3.000000e+02  0.0
-2.000000e+01  5.000  1.551466e+00
-2.000000e+01  6.000  1.125707e+00
-2.000000e+01  8.000  6.124339e-01
-2.000000e+01  9.000  4.670392e-01
-2.000000e+01  11.000  1.508465e-01
-2.000000e+01  14.000  3.230514e-02
-2.000000e+01  1.700000e+01  0.0
-2.000000e+01  2.100000e+01  0.0
-2.000000e+01  2.600000e+01  0.0
-2.000000e+01  3.200000e+01  0.0
-2.000000e+01  3.900000e+01  0.0
-2.000000e+01  4.800000e+01  0.0
-2.000000e+01  5.800000e+01  0.0
-2.000000e+01  8.800000e+01  0.0
-2.000000e+01  1.080000e+02  0.0
-2.000000e+01  1.320000e+02  0.0
-2.000000e+01  1.620000e+02  0.0
-2.000000e+01  1.990000e+02  0.0
-2.000000e+01  2.440000e+02  0.0
-2.000000e+01  3.000000e+02  0.0
-2.030000e+01  5.000  1.272499e+00
-2.030000e+01  6.000  9.476506e-01
-2.030000e+01  8.000  3.897550e-01
-2.030000e+01  9.000  1.798206e-01
-2.030000e+01  11.000  4.269041e-02
-2.030000e+01  1.400000e+01  0.0
-2.030000e+01  1.700000e+01  0.0
-2.030000e+01  2.100000e+01  0.0
-2.030000e+01  2.600000e+01  0.0
-2.030000e+01  3.200000e+01  0.0
-2.030000e+01  3.900000e+01  0.0
-2.030000e+01  4.800000e+01  0.0
-2.030000e+01  5.800000e+01  0.0
-2.030000e+01  8.800000e+01  0.0
-2.030000e+01  1.080000e+02  0.0
-2.030000e+01  1.320000e+02  0.0
-2.030000e+01  1.620000e+02  0.0
-2.030000e+01  1.990000e+02  0.0
-2.030000e+01  2.440000e+02  0.0
-2.030000e+01  3.000000e+02  0.0
-2.070000e+01  5.000  7.747976e-01
-2.070000e+01  6.000  4.801383e-01
-2.070000e+01  8.000  1.229571e-01
-2.070000e+01  9.000  3.906569e-02
-2.070000e+01  1.100000e+01  0.0
-2.070000e+01  1.400000e+01  0.0
-2.070000e+01  1.700000e+01  0.0
-2.070000e+01  2.100000e+01  0.0
-2.070000e+01  2.600000e+01  0.0
-2.070000e+01  3.200000e+01  0.0
-2.070000e+01  3.900000e+01  0.0
-2.070000e+01  4.800000e+01  0.0
-2.070000e+01  5.800000e+01  0.0
-2.070000e+01  8.800000e+01  0.0
-2.070000e+01  1.080000e+02  0.0
-2.070000e+01  1.320000e+02  0.0
-2.070000e+01  1.620000e+02  0.0
-2.070000e+01  1.990000e+02  0.0
-2.070000e+01  2.440000e+02  0.0
-2.070000e+01  3.000000e+02  0.0
-2.100000e+01  5.000  4.914266e-01
-2.100000e+01  6.000  1.901753e-01
-2.100000e+01  8.000  3.253329e-02
-2.100000e+01  9.000000e+00  0.0
-2.100000e+01  1.100000e+01  0.0
-2.100000e+01  1.400000e+01  0.0
-2.100000e+01  1.700000e+01  0.0
-2.100000e+01  2.100000e+01  0.0
-2.100000e+01  2.600000e+01  0.0
-2.100000e+01  3.200000e+01  0.0
-2.100000e+01  3.900000e+01  0.0
-2.100000e+01  4.800000e+01  0.0
-2.100000e+01  5.800000e+01  0.0
-2.100000e+01  8.800000e+01  0.0
-2.100000e+01  1.080000e+02  0.0
-2.100000e+01  1.320000e+02  0.0
-2.100000e+01  1.620000e+02  0.0
-2.100000e+01  1.990000e+02  0.0
-2.100000e+01  2.440000e+02  0.0
-2.100000e+01  3.000000e+02  0.0
-2.130000e+01  5.000  2.099545e-01
-2.130000e+01  6.000  5.301190e-02
-2.130000e+01  8.000000e+00  0.0
-2.130000e+01  9.000000e+00  0.0
-2.130000e+01  1.100000e+01  0.0
-2.130000e+01  1.400000e+01  0.0
-2.130000e+01  1.700000e+01  0.0
-2.130000e+01  2.100000e+01  0.0
-2.130000e+01  2.600000e+01  0.0
-2.130000e+01  3.200000e+01  0.0
-2.130000e+01  3.900000e+01  0.0
-2.130000e+01  4.800000e+01  0.0
-2.130000e+01  5.800000e+01  0.0
-2.130000e+01  8.800000e+01  0.0
-2.130000e+01  1.080000e+02  0.0
-2.130000e+01  1.320000e+02  0.0
-2.130000e+01  1.620000e+02  0.0
-2.130000e+01  1.990000e+02  0.0
-2.130000e+01  2.440000e+02  0.0
-2.130000e+01  3.000000e+02  0.0
-2.170000e+01  5.000  4.527628e-02
-2.170000e+01  6.000000e+00  0.0
-2.170000e+01  8.000000e+00  0.0
-2.170000e+01  9.000000e+00  0.0
-2.170000e+01  1.100000e+01  0.0
-2.170000e+01  1.400000e+01  0.0
-2.170000e+01  1.700000e+01  0.0
-2.170000e+01  2.100000e+01  0.0
-2.170000e+01  2.600000e+01  0.0
-2.170000e+01  3.200000e+01  0.0
-2.170000e+01  3.900000e+01  0.0
-2.170000e+01  4.800000e+01  0.0
-2.170000e+01  5.800000e+01  0.0
-2.170000e+01  8.800000e+01  0.0
-2.170000e+01  1.080000e+02  0.0
-2.170000e+01  1.320000e+02  0.0
-2.170000e+01  1.620000e+02  0.0
-2.170000e+01  1.990000e+02  0.0
-2.170000e+01  2.440000e+02  0.0
-2.170000e+01  3.000000e+02  0.0
-2.200000e+01  5.000000e+00  0.0
-2.200000e+01  6.000000e+00  0.0
-2.200000e+01  8.000000e+00  0.0
-2.200000e+01  9.000000e+00  0.0
-2.200000e+01  1.100000e+01  0.0
-2.200000e+01  1.400000e+01  0.0
-2.200000e+01  1.700000e+01  0.0
-2.200000e+01  2.100000e+01  0.0
-2.200000e+01  2.600000e+01  0.0
-2.200000e+01  3.200000e+01  0.0
-2.200000e+01  3.900000e+01  0.0
-2.200000e+01  4.800000e+01  0.0
-2.200000e+01  5.800000e+01  0.0
-2.200000e+01  8.800000e+01  0.0
-2.200000e+01  1.080000e+02  0.0
-2.200000e+01  1.320000e+02  0.0
-2.200000e+01  1.620000e+02  0.0
-2.200000e+01  1.990000e+02  0.0
-2.200000e+01  2.440000e+02  0.0
-2.200000e+01  3.000000e+02  0.0
