# log10(y)    mass[MeV]    Nhits
-1.330000e+01  5.000  9.464175e-19
-1.330000e+01  6.000  9.094768e-15
-1.330000e+01  8.000  6.295419e-11
-1.330000e+01  9.000  7.797897e-09
-1.330000e+01  11.000  1.216441e-06
-1.330000e+01  14.000  6.837739e-05
-1.330000e+01  17.000  7.802133e-04
-1.330000e+01  21.000  6.276984e-03
-1.330000e+01  26.000  1.953686e-02
-1.330000e+01  32.000  4.083311e-02
-1.330000e+01  39.000  5.362472e-02
-1.330000e+01  48.000  1.123845e-01
-1.330000e+01  58.000  6.438481e-02
-1.330000e+01  88.000  6.767621e-02
-1.330000e+01  108.000  2.300325e-02
-1.330000e+01  132.000  1.668559e-02
-1.330000e+01  162.000  1.343221e-02
-1.330000e+01  199.000  5.242353e-03
-1.330000e+01  244.000  1.003805e-03
-1.330000e+01  300.000  3.765405e-04
-1.370000e+01  5.000  3.339422e-14
-1.370000e+01  6.000  5.580926e-11
-1.370000e+01  8.000  3.468154e-08
-1.370000e+01  9.000  2.060054e-06
-1.370000e+01  11.000  7.140361e-05
-1.370000e+01  14.000  1.409935e-03
-1.370000e+01  17.000  8.589581e-03
-1.370000e+01  21.000  3.421346e-02
-1.370000e+01  26.000  6.826429e-02
-1.370000e+01  32.000  6.634543e-02
-1.370000e+01  39.000  4.077961e-01
-1.370000e+01  48.000  1.920788e-01
-1.370000e+01  58.000  2.276628e-01
-1.370000e+01  88.000  1.022626e-01
-1.370000e+01  108.000  5.526671e-02
-1.370000e+01  132.000  3.560682e-02
-1.370000e+01  162.000  2.054070e-02
-1.370000e+01  199.000  7.102731e-03
-1.370000e+01  244.000  1.880916e-03
-1.370000e+01  300.000  1.217518e-03
-1.400000e+01  5.000  1.908730e-10
-1.400000e+01  6.000  3.796388e-08
-1.400000e+01  8.000  4.752797e-06
-1.400000e+01  9.000  1.412196e-04
-1.400000e+01  11.000  2.075384e-03
-1.400000e+01  14.000  1.274588e-02
-1.400000e+01  17.000  8.423602e-02
-1.400000e+01  21.000  1.719053e-01
-1.400000e+01  26.000  2.813750e-01
-1.400000e+01  32.000  7.428884e-01
-1.400000e+01  39.000  9.635367e-01
-1.400000e+01  48.000  5.371044e-01
-1.400000e+01  58.000  8.766824e-01
-1.400000e+01  88.000  1.841064e-01
-1.400000e+01  108.000  1.551468e-01
-1.400000e+01  132.000  9.771132e-02
-1.400000e+01  162.000  4.005441e-02
-1.400000e+01  199.000  9.382174e-03
-1.400000e+01  244.000  4.005272e-03
-1.400000e+01  300.000  3.765679e-03
-1.430000e+01  5.000  1.743802e-07
-1.430000e+01  6.000  1.307661e-05
-1.430000e+01  8.000  3.557038e-04
-1.430000e+01  9.000  4.968489e-03
-1.430000e+01  11.000  2.416218e-02
-1.430000e+01  14.000  1.051954e-01
-1.430000e+01  17.000  3.824812e-01
-1.430000e+01  21.000  6.263313e-01
-1.430000e+01  26.000  1.765282e+00
-1.430000e+01  32.000  1.070192e+00
-1.430000e+01  39.000  1.909648e+00
-1.430000e+01  48.000  3.525315e+00
-1.430000e+01  58.000  1.579021e+00
-1.430000e+01  88.000  5.112232e-01
-1.430000e+01  108.000  3.454988e-01
-1.430000e+01  132.000  1.598432e-01
-1.430000e+01  162.000  4.734214e-02
-1.430000e+01  199.000  2.104759e-02
-1.430000e+01  244.000  1.505119e-02
-1.430000e+01  300.000  5.246764e-03
-1.470000e+01  5.000  2.875286e-05
-1.470000e+01  6.000  7.990053e-04
-1.470000e+01  8.000  7.117614e-03
-1.470000e+01  9.000  4.803489e-02
-1.470000e+01  11.000  1.935684e-01
-1.470000e+01  14.000  7.829523e-01
-1.470000e+01  17.000  1.152313e+00
-1.470000e+01  21.000  1.058587e+00
-1.470000e+01  26.000  2.648293e+00
-1.470000e+01  32.000  3.090331e+00
-1.470000e+01  39.000  3.389413e+00
-1.470000e+01  48.000  1.679387e+00
-1.470000e+01  58.000  1.436677e+00
-1.470000e+01  88.000  7.628304e-01
-1.470000e+01  108.000  4.128929e-01
-1.470000e+01  132.000  1.649244e-01
-1.470000e+01  162.000  5.232711e-02
-1.470000e+01  199.000  3.215521e-02
-1.470000e+01  244.000  2.161702e-02
-1.470000e+01  300.000  2.121972e-03
-1.500000e+01  5.000  1.483563e-03
-1.500000e+01  6.000  1.545182e-02
-1.500000e+01  8.000  1.018932e-01
-1.500000e+01  9.000  3.924418e-01
-1.500000e+01  11.000  1.256229e+00
-1.500000e+01  14.000  2.365766e+00
-1.500000e+01  17.000  3.901796e+00
-1.500000e+01  21.000  4.788672e+00
-1.500000e+01  26.000  4.311610e+00
-1.500000e+01  32.000  4.173589e+00
-1.500000e+01  39.000  4.999417e+00
-1.500000e+01  48.000  5.237951e+00
-1.500000e+01  58.000  2.402450e+00
-1.500000e+01  88.000  1.052764e+00
-1.500000e+01  108.000  5.344525e-01
-1.500000e+01  132.000  2.181731e-01
-1.500000e+01  162.000  1.135153e-01
-1.500000e+01  199.000  7.497473e-02
-1.500000e+01  244.000  1.511362e-02
-1.500000e+01  300.000  5.545982e-04
-1.530000e+01  5.000  2.950153e-02
-1.530000e+01  6.000  1.854833e-01
-1.530000e+01  8.000  5.560650e-01
-1.530000e+01  9.000  1.884064e+00
-1.530000e+01  11.000  3.758640e+00
-1.530000e+01  14.000  5.723978e+00
-1.530000e+01  17.000  6.774050e+00
-1.530000e+01  21.000  8.811423e+00
-1.530000e+01  26.000  1.031428e+01
-1.530000e+01  32.000  1.060636e+01
-1.530000e+01  39.000  9.716820e+00
-1.530000e+01  48.000  5.132954e+00
-1.530000e+01  58.000  4.365125e+00
-1.530000e+01  88.000  1.348702e+00
-1.530000e+01  108.000  5.750402e-01
-1.530000e+01  132.000  2.856418e-01
-1.530000e+01  162.000  2.045192e-01
-1.530000e+01  199.000  6.301230e-02
-1.530000e+01  244.000  4.845320e-03
-1.530000e+01  300.000  1.284990e-04
-1.570000e+01  5.000  2.133039e-01
-1.570000e+01  6.000  6.962122e-01
-1.570000e+01  8.000  1.579116e+00
-1.570000e+01  9.000  3.604350e+00
-1.570000e+01  11.000  4.956863e+00
-1.570000e+01  14.000  4.181872e+00
-1.570000e+01  17.000  7.374583e+00
-1.570000e+01  21.000  1.010758e+01
-1.570000e+01  26.000  1.007406e+01
-1.570000e+01  32.000  8.240338e+00
-1.570000e+01  39.000  7.995799e+00
-1.570000e+01  48.000  5.744797e+00
-1.570000e+01  58.000  3.947795e+00
-1.570000e+01  88.000  9.811659e-01
-1.570000e+01  108.000  5.589578e-01
-1.570000e+01  132.000  3.384403e-01
-1.570000e+01  162.000  1.382542e-01
-1.570000e+01  199.000  1.763322e-02
-1.570000e+01  244.000  8.356738e-04
-1.570000e+01  3.000000e+02  0.0
-1.600000e+01  5.000  8.612582e-01
-1.600000e+01  6.000  2.299471e+00
-1.600000e+01  8.000  3.438107e+00
-1.600000e+01  9.000  5.744089e+00
-1.600000e+01  11.000  5.577815e+00
-1.600000e+01  14.000  9.590169e+00
-1.600000e+01  17.000  1.071331e+01
-1.600000e+01  21.000  1.397755e+01
-1.600000e+01  26.000  1.277894e+01
-1.600000e+01  32.000  9.993351e+00
-1.600000e+01  39.000  8.535582e+00
-1.600000e+01  48.000  5.262278e+00
-1.600000e+01  58.000  3.557070e+00
-1.600000e+01  88.000  1.159478e+00
-1.600000e+01  108.000  6.412321e-01
-1.600000e+01  132.000  3.003731e-01
-1.600000e+01  162.000  5.206945e-02
-1.600000e+01  1.990000e+02  0.0
-1.600000e+01  2.440000e+02  0.0
-1.600000e+01  3.000000e+02  0.0
-1.630000e+01  5.000  3.204568e+00
-1.630000e+01  6.000  4.810236e+00
-1.630000e+01  8.000  5.823628e+00
-1.630000e+01  9.000  6.563859e+00
-1.630000e+01  11.000  1.111202e+01
-1.630000e+01  14.000  1.315176e+01
-1.630000e+01  17.000  1.682031e+01
-1.630000e+01  21.000  1.291751e+01
-1.630000e+01  26.000  1.160921e+01
-1.630000e+01  32.000  9.534058e+00
-1.630000e+01  39.000  7.124035e+00
-1.630000e+01  48.000  4.790929e+00
-1.630000e+01  58.000  3.071945e+00
-1.630000e+01  88.000  1.082864e+00
-1.630000e+01  108.000  4.819831e-01
-1.630000e+01  132.000  1.022314e-01
-1.630000e+01  1.620000e+02  0.0
-1.630000e+01  1.990000e+02  0.0
-1.630000e+01  2.440000e+02  0.0
-1.630000e+01  3.000000e+02  0.0
-1.670000e+01  5.000  4.574903e+00
-1.670000e+01  6.000  7.087299e+00
-1.670000e+01  8.000  5.456257e+00
-1.670000e+01  9.000  1.080862e+01
-1.670000e+01  11.000  1.132412e+01
-1.670000e+01  14.000  1.494107e+01
-1.670000e+01  17.000  1.402715e+01
-1.670000e+01  21.000  1.094724e+01
-1.670000e+01  26.000  8.867039e+00
-1.670000e+01  32.000  6.047833e+00
-1.670000e+01  39.000  4.615886e+00
-1.670000e+01  48.000  3.061098e+00
-1.670000e+01  58.000  2.013134e+00
-1.670000e+01  88.000  5.222732e-01
-1.670000e+01  108.000  1.198773e-01
-1.670000e+01  1.320000e+02  0.0
-1.670000e+01  1.620000e+02  0.0
-1.670000e+01  1.990000e+02  0.0
-1.670000e+01  2.440000e+02  0.0
-1.670000e+01  3.000000e+02  0.0
-1.700000e+01  5.000  8.641622e+00
-1.700000e+01  6.000  8.354093e+00
-1.700000e+01  8.000  1.145764e+01
-1.700000e+01  9.000  1.975813e+01
-1.700000e+01  11.000  1.832139e+01
-1.700000e+01  14.000  1.362059e+01
-1.700000e+01  17.000  1.333459e+01
-1.700000e+01  21.000  9.670498e+00
-1.700000e+01  26.000  7.023253e+00
-1.700000e+01  32.000  4.957066e+00
-1.700000e+01  39.000  3.680561e+00
-1.700000e+01  48.000  2.302422e+00
-1.700000e+01  58.000  1.493836e+00
-1.700000e+01  88.000  1.567131e-01
-1.700000e+01  1.080000e+02  0.0
-1.700000e+01  1.320000e+02  0.0
-1.700000e+01  1.620000e+02  0.0
-1.700000e+01  1.990000e+02  0.0
-1.700000e+01  2.440000e+02  0.0
-1.700000e+01  3.000000e+02  0.0
-1.730000e+01  5.000  9.545670e+00
-1.730000e+01  6.000  2.134609e+01
-1.730000e+01  8.000  1.708070e+01
-1.730000e+01  9.000  2.274769e+01
-1.730000e+01  11.000  1.850207e+01
-1.730000e+01  14.000  1.534415e+01
-1.730000e+01  17.000  1.173612e+01
-1.730000e+01  21.000  7.471099e+00
-1.730000e+01  26.000  4.940137e+00
-1.730000e+01  32.000  4.006704e+00
-1.730000e+01  39.000  2.837887e+00
-1.730000e+01  48.000  1.688379e+00
-1.730000e+01  58.000  7.008688e-01
-1.730000e+01  8.800000e+01  0.0
-1.730000e+01  1.080000e+02  0.0
-1.730000e+01  1.320000e+02  0.0
-1.730000e+01  1.620000e+02  0.0
-1.730000e+01  1.990000e+02  0.0
-1.730000e+01  2.440000e+02  0.0
-1.730000e+01  3.000000e+02  0.0
-1.770000e+01  5.000  1.773786e+01
-1.770000e+01  6.000  2.397528e+01
-1.770000e+01  8.000  1.852056e+01
-1.770000e+01  9.000  2.011815e+01
-1.770000e+01  11.000  1.528157e+01
-1.770000e+01  14.000  1.020372e+01
-1.770000e+01  17.000  7.319378e+00
-1.770000e+01  21.000  4.454260e+00
-1.770000e+01  26.000  3.182849e+00
-1.770000e+01  32.000  2.508215e+00
-1.770000e+01  39.000  1.599532e+00
-1.770000e+01  48.000  5.721254e-01
-1.770000e+01  5.800000e+01  0.0
-1.770000e+01  8.800000e+01  0.0
-1.770000e+01  1.080000e+02  0.0
-1.770000e+01  1.320000e+02  0.0
-1.770000e+01  1.620000e+02  0.0
-1.770000e+01  1.990000e+02  0.0
-1.770000e+01  2.440000e+02  0.0
-1.770000e+01  3.000000e+02  0.0
-1.800000e+01  5.000  2.232025e+01
-1.800000e+01  6.000  2.650849e+01
-1.800000e+01  8.000  1.693740e+01
-1.800000e+01  9.000  1.928488e+01
-1.800000e+01  11.000  1.368643e+01
-1.800000e+01  14.000  7.932844e+00
-1.800000e+01  17.000  5.743001e+00
-1.800000e+01  21.000  3.685780e+00
-1.800000e+01  26.000  2.830048e+00
-1.800000e+01  32.000  1.599521e+00
-1.800000e+01  39.000  6.188882e-01
-1.800000e+01  4.800000e+01  0.0
-1.800000e+01  5.800000e+01  0.0
-1.800000e+01  8.800000e+01  0.0
-1.800000e+01  1.080000e+02  0.0
-1.800000e+01  1.320000e+02  0.0
-1.800000e+01  1.620000e+02  0.0
-1.800000e+01  1.990000e+02  0.0
-1.800000e+01  2.440000e+02  0.0
-1.800000e+01  3.000000e+02  0.0
-1.830000e+01  5.000  2.343120e+01
-1.830000e+01  6.000  2.329599e+01
-1.830000e+01  8.000  1.563125e+01
-1.830000e+01  9.000  1.577859e+01
-1.830000e+01  11.000  1.071822e+01
-1.830000e+01  14.000  6.927317e+00
-1.830000e+01  17.000  4.420676e+00
-1.830000e+01  21.000  3.252884e+00
-1.830000e+01  26.000  1.746964e+00
-1.830000e+01  32.000  6.231213e-01
-1.830000e+01  3.900000e+01  0.0
-1.830000e+01  4.800000e+01  0.0
-1.830000e+01  5.800000e+01  0.0
-1.830000e+01  8.800000e+01  0.0
-1.830000e+01  1.080000e+02  0.0
-1.830000e+01  1.320000e+02  0.0
-1.830000e+01  1.620000e+02  0.0
-1.830000e+01  1.990000e+02  0.0
-1.830000e+01  2.440000e+02  0.0
-1.830000e+01  3.000000e+02  0.0
-1.870000e+01  5.000  1.973684e+01
-1.870000e+01  6.000  1.763146e+01
-1.870000e+01  8.000  9.767707e+00
-1.870000e+01  9.000  9.451937e+00
-1.870000e+01  11.000  7.331390e+00
-1.870000e+01  14.000  4.165650e+00
-1.870000e+01  17.000  2.997560e+00
-1.870000e+01  21.000  1.694055e+00
-1.870000e+01  26.000  5.386872e-01
-1.870000e+01  32.000  1.296263e-01
-1.870000e+01  3.900000e+01  0.0
-1.870000e+01  4.800000e+01  0.0
-1.870000e+01  5.800000e+01  0.0
-1.870000e+01  8.800000e+01  0.0
-1.870000e+01  1.080000e+02  0.0
-1.870000e+01  1.320000e+02  0.0
-1.870000e+01  1.620000e+02  0.0
-1.870000e+01  1.990000e+02  0.0
-1.870000e+01  2.440000e+02  0.0
-1.870000e+01  3.000000e+02  0.0
-1.900000e+01  5.000  1.824722e+01
-1.900000e+01  6.000  1.468245e+01
-1.900000e+01  8.000  7.404909e+00
-1.900000e+01  9.000  7.209628e+00
-1.900000e+01  11.000  5.731008e+00
-1.900000e+01  14.000  3.316862e+00
-1.900000e+01  17.000  1.948196e+00
-1.900000e+01  21.000  6.107736e-01
-1.900000e+01  26.000  1.410858e-01
-1.900000e+01  3.200000e+01  0.0
-1.900000e+01  3.900000e+01  0.0
-1.900000e+01  4.800000e+01  0.0
-1.900000e+01  5.800000e+01  0.0
-1.900000e+01  8.800000e+01  0.0
-1.900000e+01  1.080000e+02  0.0
-1.900000e+01  1.320000e+02  0.0
-1.900000e+01  1.620000e+02  0.0
-1.900000e+01  1.990000e+02  0.0
-1.900000e+01  2.440000e+02  0.0
-1.900000e+01  3.000000e+02  0.0
-1.930000e+01  5.000  1.519643e+01
-1.930000e+01  6.000  1.123766e+01
-1.930000e+01  8.000  5.605016e+00
-1.930000e+01  9.000  5.626828e+00
-1.930000e+01  11.000  4.140944e+00
-1.930000e+01  14.000  2.011703e+00
-1.930000e+01  17.000  6.658835e-01
-1.930000e+01  21.000  1.647016e-01
-1.930000e+01  2.600000e+01  0.0
-1.930000e+01  3.200000e+01  0.0
-1.930000e+01  3.900000e+01  0.0
-1.930000e+01  4.800000e+01  0.0
-1.930000e+01  5.800000e+01  0.0
-1.930000e+01  8.800000e+01  0.0
-1.930000e+01  1.080000e+02  0.0
-1.930000e+01  1.320000e+02  0.0
-1.930000e+01  1.620000e+02  0.0
-1.930000e+01  1.990000e+02  0.0
-1.930000e+01  2.440000e+02  0.0
-1.930000e+01  3.000000e+02  0.0
-1.970000e+01  5.000  9.111823e+00
-1.970000e+01  6.000  6.554887e+00
-1.970000e+01  8.000  3.320612e+00
-1.970000e+01  9.000  3.825245e+00
-1.970000e+01  11.000  2.129539e+00
-1.970000e+01  14.000  6.056601e-01
-1.970000e+01  17.000  1.498579e-01
-1.970000e+01  2.100000e+01  0.0
-1.970000e+01  2.600000e+01  0.0
-1.970000e+01  3.200000e+01  0.0
-1.970000e+01  3.900000e+01  0.0
-1.970000e+01  4.800000e+01  0.0
-1.970000e+01  5.800000e+01  0.0
-1.970000e+01  8.800000e+01  0.0
-1.970000e+01  1.080000e+02  0.0
-1.970000e+01  1.320000e+02  0.0
-1.970000e+01  1.620000e+02  0.0
-1.970000e+01  1.990000e+02  0.0
-1.970000e+01  2.440000e+02  0.0
-1.970000e+01  3.000000e+02  0.0
-2.000000e+01  5.000  7.301525e+00
-2.000000e+01  6.000  5.446502e+00
-2.000000e+01  8.000  3.008312e+00
-2.000000e+01  9.000  2.317933e+00
-2.000000e+01  11.000  7.602016e-01
-2.000000e+01  14.000  1.667786e-01
-2.000000e+01  1.700000e+01  0.0
-2.000000e+01  2.100000e+01  0.0
-2.000000e+01  2.600000e+01  0.0
-2.000000e+01  3.200000e+01  0.0
-2.000000e+01  3.900000e+01  0.0
-2.000000e+01  4.800000e+01  0.0
-2.000000e+01  5.800000e+01  0.0
-2.000000e+01  8.800000e+01  0.0
-2.000000e+01  1.080000e+02  0.0
-2.000000e+01  1.320000e+02  0.0
-2.000000e+01  1.620000e+02  0.0
-2.000000e+01  1.990000e+02  0.0
-2.000000e+01  2.440000e+02  0.0
-2.000000e+01  3.000000e+02  0.0
-2.030000e+01  5.000  6.157290e+00
-2.030000e+01  6.000  4.655872e+00
-2.030000e+01  8.000  1.932535e+00
-2.030000e+01  9.000  9.064611e-01
-2.030000e+01  11.000  2.205001e-01
-2.030000e+01  1.400000e+01  0.0
-2.030000e+01  1.700000e+01  0.0
-2.030000e+01  2.100000e+01  0.0
-2.030000e+01  2.600000e+01  0.0
-2.030000e+01  3.200000e+01  0.0
-2.030000e+01  3.900000e+01  0.0
-2.030000e+01  4.800000e+01  0.0
-2.030000e+01  5.800000e+01  0.0
-2.030000e+01  8.800000e+01  0.0
-2.030000e+01  1.080000e+02  0.0
-2.030000e+01  1.320000e+02  0.0
-2.030000e+01  1.620000e+02  0.0
-2.030000e+01  1.990000e+02  0.0
-2.030000e+01  2.440000e+02  0.0
-2.030000e+01  3.000000e+02  0.0
-2.070000e+01  5.000  3.806966e+00
-2.070000e+01  6.000  2.381183e+00
-2.070000e+01  8.000  6.198921e-01
-2.070000e+01  9.000  2.015700e-01
-2.070000e+01  1.100000e+01  0.0
-2.070000e+01  1.400000e+01  0.0
-2.070000e+01  1.700000e+01  0.0
-2.070000e+01  2.100000e+01  0.0
-2.070000e+01  2.600000e+01  0.0
-2.070000e+01  3.200000e+01  0.0
-2.070000e+01  3.900000e+01  0.0
-2.070000e+01  4.800000e+01  0.0
-2.070000e+01  5.800000e+01  0.0
-2.070000e+01  8.800000e+01  0.0
-2.070000e+01  1.080000e+02  0.0
-2.070000e+01  1.320000e+02  0.0
-2.070000e+01  1.620000e+02  0.0
-2.070000e+01  1.990000e+02  0.0
-2.070000e+01  2.440000e+02  0.0
-2.070000e+01  3.000000e+02  0.0
-2.100000e+01  5.000  2.434796e+00
-2.100000e+01  6.000  9.578715e-01
-2.100000e+01  8.000  1.676668e-01
-2.100000e+01  9.000000e+00  0.0
-2.100000e+01  1.100000e+01  0.0
-2.100000e+01  1.400000e+01  0.0
-2.100000e+01  1.700000e+01  0.0
-2.100000e+01  2.100000e+01  0.0
-2.100000e+01  2.600000e+01  0.0
-2.100000e+01  3.200000e+01  0.0
-2.100000e+01  3.900000e+01  0.0
-2.100000e+01  4.800000e+01  0.0
-2.100000e+01  5.800000e+01  0.0
-2.100000e+01  8.800000e+01  0.0
-2.100000e+01  1.080000e+02  0.0
-2.100000e+01  1.320000e+02  0.0
-2.100000e+01  1.620000e+02  0.0
-2.100000e+01  1.990000e+02  0.0
-2.100000e+01  2.440000e+02  0.0
-2.100000e+01  3.000000e+02  0.0
-2.130000e+01  5.000  1.056376e+00
-2.130000e+01  6.000  2.729119e-01
-2.130000e+01  8.000000e+00  0.0
-2.130000e+01  9.000000e+00  0.0
-2.130000e+01  1.100000e+01  0.0
-2.130000e+01  1.400000e+01  0.0
-2.130000e+01  1.700000e+01  0.0
-2.130000e+01  2.100000e+01  0.0
-2.130000e+01  2.600000e+01  0.0
-2.130000e+01  3.200000e+01  0.0
-2.130000e+01  3.900000e+01  0.0
-2.130000e+01  4.800000e+01  0.0
-2.130000e+01  5.800000e+01  0.0
-2.130000e+01  8.800000e+01  0.0
-2.130000e+01  1.080000e+02  0.0
-2.130000e+01  1.320000e+02  0.0
-2.130000e+01  1.620000e+02  0.0
-2.130000e+01  1.990000e+02  0.0
-2.130000e+01  2.440000e+02  0.0
-2.130000e+01  3.000000e+02  0.0
-2.170000e+01  5.000  2.328093e-01
-2.170000e+01  6.000000e+00  0.0
-2.170000e+01  8.000000e+00  0.0
-2.170000e+01  9.000000e+00  0.0
-2.170000e+01  1.100000e+01  0.0
-2.170000e+01  1.400000e+01  0.0
-2.170000e+01  1.700000e+01  0.0
-2.170000e+01  2.100000e+01  0.0
-2.170000e+01  2.600000e+01  0.0
-2.170000e+01  3.200000e+01  0.0
-2.170000e+01  3.900000e+01  0.0
-2.170000e+01  4.800000e+01  0.0
-2.170000e+01  5.800000e+01  0.0
-2.170000e+01  8.800000e+01  0.0
-2.170000e+01  1.080000e+02  0.0
-2.170000e+01  1.320000e+02  0.0
-2.170000e+01  1.620000e+02  0.0
-2.170000e+01  1.990000e+02  0.0
-2.170000e+01  2.440000e+02  0.0
-2.170000e+01  3.000000e+02  0.0
-2.200000e+01  5.000000e+00  0.0
-2.200000e+01  6.000000e+00  0.0
-2.200000e+01  8.000000e+00  0.0
-2.200000e+01  9.000000e+00  0.0
-2.200000e+01  1.100000e+01  0.0
-2.200000e+01  1.400000e+01  0.0
-2.200000e+01  1.700000e+01  0.0
-2.200000e+01  2.100000e+01  0.0
-2.200000e+01  2.600000e+01  0.0
-2.200000e+01  3.200000e+01  0.0
-2.200000e+01  3.900000e+01  0.0
-2.200000e+01  4.800000e+01  0.0
-2.200000e+01  5.800000e+01  0.0
-2.200000e+01  8.800000e+01  0.0
-2.200000e+01  1.080000e+02  0.0
-2.200000e+01  1.320000e+02  0.0
-2.200000e+01  1.620000e+02  0.0
-2.200000e+01  1.990000e+02  0.0
-2.200000e+01  2.440000e+02  0.0
-2.200000e+01  3.000000e+02  0.0
