# log10(y)    mass[MeV]    Nhits
-1.330000e+01  5.000  5.777643e-16
-1.330000e+01  6.000  1.087947e-12
-1.330000e+01  8.000  1.707069e-09
-1.330000e+01  9.000  7.426701e-08
-1.330000e+01  11.000  4.593000e-06
-1.330000e+01  14.000  1.239486e-04
-1.330000e+01  17.000  8.409166e-04
-1.330000e+01  21.000  4.782936e-03
-1.330000e+01  26.000  1.206149e-02
-1.330000e+01  32.000  2.254282e-02
-1.330000e+01  39.000  2.785967e-02
-1.330000e+01  48.000  5.814661e-02
-1.330000e+01  58.000  3.339581e-02
-1.330000e+01  88.000  3.545988e-02
-1.330000e+01  108.000  1.219111e-02
-1.330000e+01  132.000  8.925581e-03
-1.330000e+01  162.000  7.236906e-03
-1.330000e+01  199.000  2.841698e-03
-1.330000e+01  244.000  5.466589e-04
-1.330000e+01  300.000  2.059905e-04
-1.370000e+01  5.000  2.884166e-12
-1.370000e+01  6.000  1.370896e-09
-1.370000e+01  8.000  2.721374e-07
-1.370000e+01  9.000  7.260294e-06
-1.370000e+01  11.000  1.323917e-04
-1.370000e+01  14.000  1.555890e-03
-1.370000e+01  17.000  6.841914e-03
-1.370000e+01  21.000  2.179299e-02
-1.370000e+01  26.000  3.837240e-02
-1.370000e+01  32.000  3.513691e-02
-1.370000e+01  39.000  2.109188e-01
-1.370000e+01  48.000  9.942085e-02
-1.370000e+01  58.000  1.186611e-01
-1.370000e+01  88.000  5.409959e-02
-1.370000e+01  108.000  2.952399e-02
-1.370000e+01  132.000  1.916788e-02
-1.370000e+01  162.000  1.112059e-02
-1.370000e+01  199.000  3.866237e-03
-1.370000e+01  244.000  1.028030e-03
-1.370000e+01  300.000  6.677890e-04
-1.400000e+01  5.000  3.708742e-09
-1.400000e+01  6.000  2.778684e-07
-1.400000e+01  8.000  1.538423e-05
-1.400000e+01  9.000  2.550673e-04
-1.400000e+01  11.000  2.357870e-03
-1.400000e+01  14.000  1.031356e-02
-1.400000e+01  17.000  5.503014e-02
-1.400000e+01  21.000  9.838364e-02
-1.400000e+01  26.000  1.502903e-01
-1.400000e+01  32.000  3.862657e-01
-1.400000e+01  39.000  4.986963e-01
-1.400000e+01  48.000  2.794796e-01
-1.400000e+01  58.000  4.611198e-01
-1.400000e+01  88.000  9.815208e-02
-1.400000e+01  108.000  8.339203e-02
-1.400000e+01  132.000  5.288031e-02
-1.400000e+01  162.000  2.178544e-02
-1.400000e+01  199.000  5.124499e-03
-1.400000e+01  244.000  2.195527e-03
-1.400000e+01  300.000  2.070422e-03
-1.430000e+01  5.000  1.111199e-06
-1.430000e+01  6.000  3.910932e-05
-1.430000e+01  8.000  5.990205e-04
-1.430000e+01  9.000  5.565224e-03
-1.430000e+01  11.000  1.997706e-02
-1.430000e+01  14.000  6.972357e-02
-1.430000e+01  17.000  2.224107e-01
-1.430000e+01  21.000  3.381479e-01
-1.430000e+01  26.000  9.212083e-01
-1.430000e+01  32.000  5.537297e-01
-1.430000e+01  39.000  9.929148e-01
-1.430000e+01  48.000  1.851732e+00
-1.430000e+01  58.000  8.392265e-01
-1.430000e+01  88.000  2.745849e-01
-1.430000e+01  108.000  1.867968e-01
-1.430000e+01  132.000  8.688362e-02
-1.430000e+01  162.000  2.584685e-02
-1.430000e+01  199.000  1.153381e-02
-1.430000e+01  244.000  8.276791e-03
-1.430000e+01  300.000  2.892204e-03
-1.470000e+01  5.000  8.026917e-05
-1.470000e+01  6.000  1.296936e-03
-1.470000e+01  8.000  7.636799e-03
-1.470000e+01  9.000  3.941750e-02
-1.470000e+01  11.000  1.297273e-01
-1.470000e+01  14.000  4.591349e-01
-1.470000e+01  17.000  6.264951e-01
-1.470000e+01  21.000  5.548672e-01
-1.470000e+01  26.000  1.372320e+00
-1.470000e+01  32.000  1.599062e+00
-1.470000e+01  39.000  1.776125e+00
-1.470000e+01  48.000  8.892925e-01
-1.470000e+01  58.000  7.680297e-01
-1.470000e+01  88.000  4.119830e-01
-1.470000e+01  108.000  2.243103e-01
-1.470000e+01  132.000  9.002107e-02
-1.470000e+01  162.000  2.867304e-02
-1.470000e+01  199.000  1.768422e-02
-1.470000e+01  244.000  1.191341e-02
-1.470000e+01  300.000  1.170210e-03
-1.500000e+01  5.000  2.280385e-03
-1.500000e+01  6.000  1.640351e-02
-1.500000e+01  8.000  8.186900e-02
-1.500000e+01  9.000  2.625587e-01
-1.500000e+01  11.000  7.416232e-01
-1.500000e+01  14.000  1.293264e+00
-1.500000e+01  17.000  2.052674e+00
-1.500000e+01  21.000  2.488085e+00
-1.500000e+01  26.000  2.231125e+00
-1.500000e+01  32.000  2.170121e+00
-1.500000e+01  39.000  2.641951e+00
-1.500000e+01  48.000  2.795775e+00
-1.500000e+01  58.000  1.292797e+00
-1.500000e+01  88.000  5.715873e-01
-1.500000e+01  108.000  2.916893e-01
-1.500000e+01  132.000  1.195693e-01
-1.500000e+01  162.000  6.245420e-02
-1.500000e+01  199.000  4.131962e-02
-1.500000e+01  244.000  8.333885e-03
-1.500000e+01  300.000  3.061002e-04
-1.530000e+01  5.000  3.015285e-02
-1.530000e+01  6.000  1.479471e-01
-1.530000e+01  8.000  3.678517e-01
-1.530000e+01  9.000  1.112160e+00
-1.530000e+01  11.000  2.064479e+00
-1.530000e+01  14.000  3.019257e+00
-1.530000e+01  17.000  3.530129e+00
-1.530000e+01  21.000  4.562012e+00
-1.530000e+01  26.000  5.357223e+00
-1.530000e+01  32.000  5.561483e+00
-1.530000e+01  39.000  5.178550e+00
-1.530000e+01  48.000  2.759154e+00
-1.530000e+01  58.000  2.364035e+00
-1.530000e+01  88.000  7.359917e-01
-1.530000e+01  108.000  3.152444e-01
-1.530000e+01  132.000  1.572567e-01
-1.530000e+01  162.000  1.127379e-01
-1.530000e+01  199.000  3.475184e-02
-1.530000e+01  244.000  2.674578e-03
-1.530000e+01  300.000  7.102772e-05
-1.570000e+01  5.000  1.667861e-01
-1.570000e+01  6.000  4.589798e-01
-1.570000e+01  8.000  9.281897e-01
-1.570000e+01  9.000  1.979153e+00
-1.570000e+01  11.000  2.621437e+00
-1.570000e+01  14.000  2.184836e+00
-1.570000e+01  17.000  3.820870e+00
-1.570000e+01  21.000  5.247926e+00
-1.570000e+01  26.000  5.270682e+00
-1.570000e+01  32.000  4.351502e+00
-1.570000e+01  39.000  4.293787e+00
-1.570000e+01  48.000  3.109413e+00
-1.570000e+01  58.000  2.151235e+00
-1.570000e+01  88.000  5.380594e-01
-1.570000e+01  108.000  3.077529e-01
-1.570000e+01  132.000  1.866287e-01
-1.570000e+01  162.000  7.627528e-02
-1.570000e+01  199.000  9.737841e-03
-1.570000e+01  244.000  4.621469e-04
-1.570000e+01  3.000000e+02  0.0
-1.600000e+01  5.000  5.632702e-01
-1.600000e+01  6.000  1.349687e+00
-1.600000e+01  8.000  1.886087e+00
-1.600000e+01  9.000  3.041034e+00
-1.600000e+01  11.000  2.920861e+00
-1.600000e+01  14.000  4.971917e+00
-1.600000e+01  17.000  5.563749e+00
-1.600000e+01  21.000  7.310565e+00
-1.600000e+01  26.000  6.742907e+00
-1.600000e+01  32.000  5.321247e+00
-1.600000e+01  39.000  4.617804e+00
-1.600000e+01  48.000  2.867245e+00
-1.600000e+01  58.000  1.949828e+00
-1.600000e+01  88.000  6.388762e-01
-1.600000e+01  108.000  3.537474e-01
-1.600000e+01  132.000  1.658427e-01
-1.600000e+01  162.000  2.877882e-02
-1.600000e+01  1.990000e+02  0.0
-1.600000e+01  2.440000e+02  0.0
-1.600000e+01  3.000000e+02  0.0
-1.630000e+01  5.000  1.873776e+00
-1.630000e+01  6.000  2.636162e+00
-1.630000e+01  8.000  3.083032e+00
-1.630000e+01  9.000  3.441369e+00
-1.630000e+01  11.000  5.764087e+00
-1.630000e+01  14.000  6.834315e+00
-1.630000e+01  17.000  8.800480e+00
-1.630000e+01  21.000  6.819531e+00
-1.630000e+01  26.000  6.179598e+00
-1.630000e+01  32.000  5.117710e+00
-1.630000e+01  39.000  3.881793e+00
-1.630000e+01  48.000  2.627065e+00
-1.630000e+01  58.000  1.693504e+00
-1.630000e+01  88.000  5.976093e-01
-1.630000e+01  108.000  2.662914e-01
-1.630000e+01  132.000  5.656175e-02
-1.630000e+01  1.620000e+02  0.0
-1.630000e+01  1.990000e+02  0.0
-1.630000e+01  2.440000e+02  0.0
-1.630000e+01  3.000000e+02  0.0
-1.670000e+01  5.000  2.503190e+00
-1.670000e+01  6.000  3.752900e+00
-1.670000e+01  8.000  2.860282e+00
-1.670000e+01  9.000  5.608013e+00
-1.670000e+01  11.000  5.884091e+00
-1.670000e+01  14.000  7.813990e+00
-1.670000e+01  17.000  7.399320e+00
-1.670000e+01  21.000  5.820498e+00
-1.670000e+01  26.000  4.760039e+00
-1.670000e+01  32.000  3.272010e+00
-1.670000e+01  39.000  2.529458e+00
-1.670000e+01  48.000  1.687442e+00
-1.670000e+01  58.000  1.111495e+00
-1.670000e+01  88.000  2.887938e-01
-1.670000e+01  108.000  6.641763e-02
-1.670000e+01  1.320000e+02  0.0
-1.670000e+01  1.620000e+02  0.0
-1.670000e+01  1.990000e+02  0.0
-1.670000e+01  2.440000e+02  0.0
-1.670000e+01  3.000000e+02  0.0
-1.700000e+01  5.000  4.577418e+00
-1.700000e+01  6.000  4.382674e+00
-1.700000e+01  8.000  5.945410e+00
-1.700000e+01  9.000  1.027520e+01
-1.700000e+01  11.000  9.591728e+00
-1.700000e+01  14.000  7.182030e+00
-1.700000e+01  17.000  7.095747e+00
-1.700000e+01  21.000  5.187050e+00
-1.700000e+01  26.000  3.796317e+00
-1.700000e+01  32.000  2.702173e+00
-1.700000e+01  39.000  2.028365e+00
-1.700000e+01  48.000  1.271376e+00
-1.700000e+01  58.000  8.269896e-01
-1.700000e+01  88.000  8.696600e-02
-1.700000e+01  1.080000e+02  0.0
-1.700000e+01  1.320000e+02  0.0
-1.700000e+01  1.620000e+02  0.0
-1.700000e+01  1.990000e+02  0.0
-1.700000e+01  2.440000e+02  0.0
-1.700000e+01  3.000000e+02  0.0
-1.730000e+01  5.000  5.006429e+00
-1.730000e+01  6.000  1.107776e+01
-1.730000e+01  8.000  8.882815e+00
-1.730000e+01  9.000  1.190823e+01
-1.730000e+01  11.000  9.767349e+00
-1.730000e+01  14.000  8.162744e+00
-1.730000e+01  17.000  6.301558e+00
-1.730000e+01  21.000  4.041780e+00
-1.730000e+01  26.000  2.691536e+00
-1.730000e+01  32.000  2.197147e+00
-1.730000e+01  39.000  1.567270e+00
-1.730000e+01  48.000  9.353223e-01
-1.730000e+01  58.000  3.897569e-01
-1.730000e+01  8.800000e+01  0.0
-1.730000e+01  1.080000e+02  0.0
-1.730000e+01  1.320000e+02  0.0
-1.730000e+01  1.620000e+02  0.0
-1.730000e+01  1.990000e+02  0.0
-1.730000e+01  2.440000e+02  0.0
-1.730000e+01  3.000000e+02  0.0
-1.770000e+01  5.000  9.205393e+00
-1.770000e+01  6.000  1.246838e+01
-1.770000e+01  8.000  9.695216e+00
-1.770000e+01  9.000  1.061994e+01
-1.770000e+01  11.000  8.128347e+00
-1.770000e+01  14.000  5.477860e+00
-1.770000e+01  17.000  3.958752e+00
-1.770000e+01  21.000  2.426115e+00
-1.770000e+01  26.000  1.746989e+00
-1.770000e+01  32.000  1.382354e+00
-1.770000e+01  39.000  8.864999e-01
-1.770000e+01  48.000  3.185338e-01
-1.770000e+01  5.800000e+01  0.0
-1.770000e+01  8.800000e+01  0.0
-1.770000e+01  1.080000e+02  0.0
-1.770000e+01  1.320000e+02  0.0
-1.770000e+01  1.620000e+02  0.0
-1.770000e+01  1.990000e+02  0.0
-1.770000e+01  2.440000e+02  0.0
-1.770000e+01  3.000000e+02  0.0
-1.800000e+01  5.000  1.160768e+01
-1.800000e+01  6.000  1.387667e+01
-1.800000e+01  8.000  8.940830e+00
-1.800000e+01  9.000  1.027336e+01
-1.800000e+01  11.000  7.347189e+00
-1.800000e+01  14.000  4.290247e+00
-1.800000e+01  17.000  3.131898e+00
-1.800000e+01  21.000  2.022860e+00
-1.800000e+01  26.000  1.559591e+00
-1.800000e+01  32.000  8.835464e-01
-1.800000e+01  39.000  3.449644e-01
-1.800000e+01  4.800000e+01  0.0
-1.800000e+01  5.800000e+01  0.0
-1.800000e+01  8.800000e+01  0.0
-1.800000e+01  1.080000e+02  0.0
-1.800000e+01  1.320000e+02  0.0
-1.800000e+01  1.620000e+02  0.0
-1.800000e+01  1.990000e+02  0.0
-1.800000e+01  2.440000e+02  0.0
-1.800000e+01  3.000000e+02  0.0
-1.830000e+01  5.000  1.226581e+01
-1.830000e+01  6.000  1.229748e+01
-1.830000e+01  8.000  8.327075e+00
-1.830000e+01  9.000  8.470450e+00
-1.830000e+01  11.000  5.796703e+00
-1.830000e+01  14.000  3.777797e+00
-1.830000e+01  17.000  2.426220e+00
-1.830000e+01  21.000  1.793092e+00
-1.830000e+01  26.000  9.652720e-01
-1.830000e+01  32.000  3.455982e-01
-1.830000e+01  3.900000e+01  0.0
-1.830000e+01  4.800000e+01  0.0
-1.830000e+01  5.800000e+01  0.0
-1.830000e+01  8.800000e+01  0.0
-1.830000e+01  1.080000e+02  0.0
-1.830000e+01  1.320000e+02  0.0
-1.830000e+01  1.620000e+02  0.0
-1.830000e+01  1.990000e+02  0.0
-1.830000e+01  2.440000e+02  0.0
-1.830000e+01  3.000000e+02  0.0
-1.870000e+01  5.000  1.041880e+01
-1.870000e+01  6.000  9.392924e+00
-1.870000e+01  8.000  5.243712e+00
-1.870000e+01  9.000  5.112071e+00
-1.870000e+01  11.000  3.998398e+00
-1.870000e+01  14.000  2.286376e+00
-1.870000e+01  17.000  1.652457e+00
-1.870000e+01  21.000  9.361123e-01
-1.870000e+01  26.000  2.988222e-01
-1.870000e+01  32.000  7.232879e-02
-1.870000e+01  3.900000e+01  0.0
-1.870000e+01  4.800000e+01  0.0
-1.870000e+01  5.800000e+01  0.0
-1.870000e+01  8.800000e+01  0.0
-1.870000e+01  1.080000e+02  0.0
-1.870000e+01  1.320000e+02  0.0
-1.870000e+01  1.620000e+02  0.0
-1.870000e+01  1.990000e+02  0.0
-1.870000e+01  2.440000e+02  0.0
-1.870000e+01  3.000000e+02  0.0
-1.900000e+01  5.000  9.721151e+00
-1.900000e+01  6.000  7.882521e+00
-1.900000e+01  8.000  4.005043e+00
-1.900000e+01  9.000  3.932215e+00
-1.900000e+01  11.000  3.145801e+00
-1.900000e+01  14.000  1.828618e+00
-1.900000e+01  17.000  1.076658e+00
-1.900000e+01  21.000  3.389695e-01
-1.900000e+01  26.000  7.875004e-02
-1.900000e+01  3.200000e+01  0.0
-1.900000e+01  3.900000e+01  0.0
-1.900000e+01  4.800000e+01  0.0
-1.900000e+01  5.800000e+01  0.0
-1.900000e+01  8.800000e+01  0.0
-1.900000e+01  1.080000e+02  0.0
-1.900000e+01  1.320000e+02  0.0
-1.900000e+01  1.620000e+02  0.0
-1.900000e+01  1.990000e+02  0.0
-1.900000e+01  2.440000e+02  0.0
-1.900000e+01  3.000000e+02  0.0
-1.930000e+01  5.000  8.158662e+00
-1.930000e+01  6.000  6.078379e+00
-1.930000e+01  8.000  3.057135e+00
-1.930000e+01  9.000  3.088806e+00
-1.930000e+01  11.000  2.283152e+00
-1.930000e+01  14.000  1.111860e+00
-1.930000e+01  17.000  3.696115e-01
-1.930000e+01  21.000  9.198706e-02
-1.930000e+01  2.600000e+01  0.0
-1.930000e+01  3.200000e+01  0.0
-1.930000e+01  3.900000e+01  0.0
-1.930000e+01  4.800000e+01  0.0
-1.930000e+01  5.800000e+01  0.0
-1.930000e+01  8.800000e+01  0.0
-1.930000e+01  1.080000e+02  0.0
-1.930000e+01  1.320000e+02  0.0
-1.930000e+01  1.620000e+02  0.0
-1.930000e+01  1.990000e+02  0.0
-1.930000e+01  2.440000e+02  0.0
-1.930000e+01  3.000000e+02  0.0
-1.970000e+01  5.000  4.928661e+00
-1.970000e+01  6.000  3.575434e+00
-1.970000e+01  8.000  1.822882e+00
-1.970000e+01  9.000  2.109221e+00
-1.970000e+01  11.000  1.177107e+00
-1.970000e+01  14.000  3.362230e-01
-1.970000e+01  17.000  8.368537e-02
-1.970000e+01  2.100000e+01  0.0
-1.970000e+01  2.600000e+01  0.0
-1.970000e+01  3.200000e+01  0.0
-1.970000e+01  3.900000e+01  0.0
-1.970000e+01  4.800000e+01  0.0
-1.970000e+01  5.800000e+01  0.0
-1.970000e+01  8.800000e+01  0.0
-1.970000e+01  1.080000e+02  0.0
-1.970000e+01  1.320000e+02  0.0
-1.970000e+01  1.620000e+02  0.0
-1.970000e+01  1.990000e+02  0.0
-1.970000e+01  2.440000e+02  0.0
-1.970000e+01  3.000000e+02  0.0
-2.000000e+01  5.000  3.977430e+00
-2.000000e+01  6.000  2.990080e+00
-2.000000e+01  8.000  1.658362e+00
-2.000000e+01  9.000  1.281327e+00
-2.000000e+01  11.000  4.219341e-01
-2.000000e+01  14.000  9.314713e-02
-2.000000e+01  1.700000e+01  0.0
-2.000000e+01  2.100000e+01  0.0
-2.000000e+01  2.600000e+01  0.0
-2.000000e+01  3.200000e+01  0.0
-2.000000e+01  3.900000e+01  0.0
-2.000000e+01  4.800000e+01  0.0
-2.000000e+01  5.800000e+01  0.0
-2.000000e+01  8.800000e+01  0.0
-2.000000e+01  1.080000e+02  0.0
-2.000000e+01  1.320000e+02  0.0
-2.000000e+01  1.620000e+02  0.0
-2.000000e+01  1.990000e+02  0.0
-2.000000e+01  2.440000e+02  0.0
-2.000000e+01  3.000000e+02  0.0
-2.030000e+01  5.000  3.380380e+00
-2.030000e+01  6.000  2.566736e+00
-2.030000e+01  8.000  1.068013e+00
-2.030000e+01  9.000  5.031470e-01
-2.030000e+01  11.000  1.231658e-01
-2.030000e+01  1.400000e+01  0.0
-2.030000e+01  1.700000e+01  0.0
-2.030000e+01  2.100000e+01  0.0
-2.030000e+01  2.600000e+01  0.0
-2.030000e+01  3.200000e+01  0.0
-2.030000e+01  3.900000e+01  0.0
-2.030000e+01  4.800000e+01  0.0
-2.030000e+01  5.800000e+01  0.0
-2.030000e+01  8.800000e+01  0.0
-2.030000e+01  1.080000e+02  0.0
-2.030000e+01  1.320000e+02  0.0
-2.030000e+01  1.620000e+02  0.0
-2.030000e+01  1.990000e+02  0.0
-2.030000e+01  2.440000e+02  0.0
-2.030000e+01  3.000000e+02  0.0
-2.070000e+01  5.000  2.098792e+00
-2.070000e+01  6.000  1.316030e+00
-2.070000e+01  8.000  3.440927e-01
-2.070000e+01  9.000  1.125620e-01
-2.070000e+01  1.100000e+01  0.0
-2.070000e+01  1.400000e+01  0.0
-2.070000e+01  1.700000e+01  0.0
-2.070000e+01  2.100000e+01  0.0
-2.070000e+01  2.600000e+01  0.0
-2.070000e+01  3.200000e+01  0.0
-2.070000e+01  3.900000e+01  0.0
-2.070000e+01  4.800000e+01  0.0
-2.070000e+01  5.800000e+01  0.0
-2.070000e+01  8.800000e+01  0.0
-2.070000e+01  1.080000e+02  0.0
-2.070000e+01  1.320000e+02  0.0
-2.070000e+01  1.620000e+02  0.0
-2.070000e+01  1.990000e+02  0.0
-2.070000e+01  2.440000e+02  0.0
-2.070000e+01  3.000000e+02  0.0
-2.100000e+01  5.000  1.345311e+00
-2.100000e+01  6.000  5.315681e-01
-2.100000e+01  8.000  9.360131e-02
-2.100000e+01  9.000000e+00  0.0
-2.100000e+01  1.100000e+01  0.0
-2.100000e+01  1.400000e+01  0.0
-2.100000e+01  1.700000e+01  0.0
-2.100000e+01  2.100000e+01  0.0
-2.100000e+01  2.600000e+01  0.0
-2.100000e+01  3.200000e+01  0.0
-2.100000e+01  3.900000e+01  0.0
-2.100000e+01  4.800000e+01  0.0
-2.100000e+01  5.800000e+01  0.0
-2.100000e+01  8.800000e+01  0.0
-2.100000e+01  1.080000e+02  0.0
-2.100000e+01  1.320000e+02  0.0
-2.100000e+01  1.620000e+02  0.0
-2.100000e+01  1.990000e+02  0.0
-2.100000e+01  2.440000e+02  0.0
-2.100000e+01  3.000000e+02  0.0
-2.130000e+01  5.000  5.860697e-01
-2.130000e+01  6.000  1.523128e-01
-2.130000e+01  8.000000e+00  0.0
-2.130000e+01  9.000000e+00  0.0
-2.130000e+01  1.100000e+01  0.0
-2.130000e+01  1.400000e+01  0.0
-2.130000e+01  1.700000e+01  0.0
-2.130000e+01  2.100000e+01  0.0
-2.130000e+01  2.600000e+01  0.0
-2.130000e+01  3.200000e+01  0.0
-2.130000e+01  3.900000e+01  0.0
-2.130000e+01  4.800000e+01  0.0
-2.130000e+01  5.800000e+01  0.0
-2.130000e+01  8.800000e+01  0.0
-2.130000e+01  1.080000e+02  0.0
-2.130000e+01  1.320000e+02  0.0
-2.130000e+01  1.620000e+02  0.0
-2.130000e+01  1.990000e+02  0.0
-2.130000e+01  2.440000e+02  0.0
-2.130000e+01  3.000000e+02  0.0
-2.170000e+01  5.000  1.298915e-01
-2.170000e+01  6.000000e+00  0.0
-2.170000e+01  8.000000e+00  0.0
-2.170000e+01  9.000000e+00  0.0
-2.170000e+01  1.100000e+01  0.0
-2.170000e+01  1.400000e+01  0.0
-2.170000e+01  1.700000e+01  0.0
-2.170000e+01  2.100000e+01  0.0
-2.170000e+01  2.600000e+01  0.0
-2.170000e+01  3.200000e+01  0.0
-2.170000e+01  3.900000e+01  0.0
-2.170000e+01  4.800000e+01  0.0
-2.170000e+01  5.800000e+01  0.0
-2.170000e+01  8.800000e+01  0.0
-2.170000e+01  1.080000e+02  0.0
-2.170000e+01  1.320000e+02  0.0
-2.170000e+01  1.620000e+02  0.0
-2.170000e+01  1.990000e+02  0.0
-2.170000e+01  2.440000e+02  0.0
-2.170000e+01  3.000000e+02  0.0
-2.200000e+01  5.000000e+00  0.0
-2.200000e+01  6.000000e+00  0.0
-2.200000e+01  8.000000e+00  0.0
-2.200000e+01  9.000000e+00  0.0
-2.200000e+01  1.100000e+01  0.0
-2.200000e+01  1.400000e+01  0.0
-2.200000e+01  1.700000e+01  0.0
-2.200000e+01  2.100000e+01  0.0
-2.200000e+01  2.600000e+01  0.0
-2.200000e+01  3.200000e+01  0.0
-2.200000e+01  3.900000e+01  0.0
-2.200000e+01  4.800000e+01  0.0
-2.200000e+01  5.800000e+01  0.0
-2.200000e+01  8.800000e+01  0.0
-2.200000e+01  1.080000e+02  0.0
-2.200000e+01  1.320000e+02  0.0
-2.200000e+01  1.620000e+02  0.0
-2.200000e+01  1.990000e+02  0.0
-2.200000e+01  2.440000e+02  0.0
-2.200000e+01  3.000000e+02  0.0
