# log10(y)    mass[MeV]    Nhits
-1.330000e+01  5.000  1.622708e-07
-1.330000e+01  6.000  4.489635e-06
-1.330000e+01  8.000  1.338026e-04
-1.330000e+01  9.000  4.350811e-04
-1.330000e+01  11.000  2.535386e-03
-1.330000e+01  14.000  1.014594e-02
-1.330000e+01  17.000  1.719322e-02
-1.330000e+01  21.000  3.244043e-02
-1.330000e+01  26.000  3.452261e-02
-1.330000e+01  32.000  3.218165e-02
-1.330000e+01  39.000  1.695148e-02
-1.330000e+01  48.000  2.326797e-02
-1.330000e+01  58.000  1.040525e-02
-1.330000e+01  88.000  8.060121e-03
-1.330000e+01  108.000  2.000069e-03
-1.330000e+01  132.000  1.203227e-03
-1.330000e+01  162.000  8.395615e-04
-1.330000e+01  199.000  2.903364e-04
-1.330000e+01  244.000  5.071418e-05
-1.330000e+01  300.000  1.737771e-05
-1.370000e+01  5.000  6.959403e-06
-1.370000e+01  6.000  1.254635e-04
-1.370000e+01  8.000  1.162697e-03
-1.370000e+01  9.000  4.091682e-03
-1.370000e+01  11.000  1.340769e-02
-1.370000e+01  14.000  3.674012e-02
-1.370000e+01  17.000  5.652156e-02
-1.370000e+01  21.000  7.378452e-02
-1.370000e+01  26.000  6.308035e-02
-1.370000e+01  32.000  3.202095e-02
-1.370000e+01  39.000  9.041575e-02
-1.370000e+01  48.000  3.353699e-02
-1.370000e+01  58.000  2.943339e-02
-1.370000e+01  88.000  9.156085e-03
-1.370000e+01  108.000  3.976034e-03
-1.370000e+01  132.000  2.216584e-03
-1.370000e+01  162.000  1.151358e-03
-1.370000e+01  199.000  3.588000e-04
-1.370000e+01  244.000  8.789392e-05
-1.370000e+01  300.000  5.319941e-05
-1.400000e+01  5.000  2.287069e-04
-1.400000e+01  6.000  1.316158e-03
-1.400000e+01  8.000  7.748069e-03
-1.400000e+01  9.000  2.764584e-02
-1.400000e+01  11.000  6.707414e-02
-1.400000e+01  14.000  9.472993e-02
-1.400000e+01  17.000  2.151598e-01
-1.400000e+01  21.000  1.850181e-01
-1.400000e+01  26.000  1.528247e-01
-1.400000e+01  32.000  2.368607e-01
-1.400000e+01  39.000  1.849611e-01
-1.400000e+01  48.000  7.033138e-02
-1.400000e+01  58.000  8.264122e-02
-1.400000e+01  88.000  1.308987e-02
-1.400000e+01  108.000  9.680680e-03
-1.400000e+01  132.000  5.393144e-03
-1.400000e+01  162.000  2.025667e-03
-1.400000e+01  199.000  4.397880e-04
-1.400000e+01  244.000  1.758413e-04
-1.400000e+01  300.000  1.564541e-04
-1.430000e+01  5.000  4.207768e-03
-1.430000e+01  6.000  1.939106e-02
-1.430000e+01  8.000  5.765735e-02
-1.430000e+01  9.000  1.651388e-01
-1.430000e+01  11.000  2.117004e-01
-1.430000e+01  14.000  3.006211e-01
-1.430000e+01  17.000  4.714754e-01
-1.430000e+01  21.000  3.862161e-01
-1.430000e+01  26.000  6.148980e-01
-1.430000e+01  32.000  2.499866e-01
-1.430000e+01  39.000  2.452027e-01
-1.430000e+01  48.000  3.297338e-01
-1.430000e+01  58.000  1.171021e-01
-1.430000e+01  88.000  3.105770e-02
-1.430000e+01  108.000  1.885636e-02
-1.430000e+01  132.000  7.996843e-03
-1.430000e+01  162.000  2.201330e-03
-1.430000e+01  199.000  9.189604e-04
-1.430000e+01  244.000  6.178642e-04
-1.430000e+01  300.000  2.067057e-04
-1.470000e+01  5.000  3.605224e-02
-1.470000e+01  6.000  1.275808e-01
-1.470000e+01  8.000  2.080645e-01
-1.470000e+01  9.000  4.297331e-01
-1.470000e+01  11.000  6.143448e-01
-1.470000e+01  14.000  1.046090e+00
-1.470000e+01  17.000  7.762579e-01
-1.470000e+01  21.000  4.031312e-01
-1.470000e+01  26.000  6.836095e-01
-1.470000e+01  32.000  5.943942e-01
-1.470000e+01  39.000  3.263110e-01
-1.470000e+01  48.000  1.253313e-01
-1.470000e+01  58.000  8.762052e-02
-1.470000e+01  88.000  4.081248e-02
-1.470000e+01  108.000  2.020093e-02
-1.470000e+01  132.000  7.510920e-03
-1.470000e+01  162.000  2.244534e-03
-1.470000e+01  199.000  1.299716e-03
-1.470000e+01  244.000  8.480417e-04
-1.470000e+01  300.000  8.292139e-05
-1.500000e+01  5.000  2.027984e-01
-1.500000e+01  6.000  4.676169e-01
-1.500000e+01  8.000  8.505504e-01
-1.500000e+01  9.000  1.276401e+00
-1.500000e+01  11.000  1.807927e+00
-1.500000e+01  14.000  1.695840e+00
-1.500000e+01  17.000  1.584001e+00
-1.500000e+01  21.000  1.373767e+00
-1.500000e+01  26.000  8.498680e-01
-1.500000e+01  32.000  5.183250e-01
-1.500000e+01  39.000  3.772651e-01
-1.500000e+01  48.000  3.163075e-01
-1.500000e+01  58.000  1.251334e-01
-1.500000e+01  88.000  4.988650e-02
-1.500000e+01  108.000  2.355115e-02
-1.500000e+01  132.000  9.071755e-03
-1.500000e+01  162.000  4.456456e-03
-1.500000e+01  199.000  2.900598e-03
-1.500000e+01  244.000  5.869201e-04
-1.500000e+01  300.000  2.132970e-05
-1.530000e+01  5.000  7.872304e-01
-1.530000e+01  6.000  1.571745e+00
-1.530000e+01  8.000  1.725182e+00
-1.530000e+01  9.000  2.761694e+00
-1.530000e+01  11.000  2.859455e+00
-1.530000e+01  14.000  2.427975e+00
-1.530000e+01  17.000  2.116942e+00
-1.530000e+01  21.000  1.753707e+00
-1.530000e+01  26.000  1.329773e+00
-1.530000e+01  32.000  9.719811e-01
-1.530000e+01  39.000  5.826080e-01
-1.530000e+01  48.000  2.610521e-01
-1.530000e+01  58.000  1.957671e-01
-1.530000e+01  88.000  5.688812e-02
-1.530000e+01  108.000  2.288900e-02
-1.530000e+01  132.000  1.073344e-02
-1.530000e+01  162.000  7.711541e-03
-1.530000e+01  199.000  2.406374e-03
-1.530000e+01  244.000  1.844801e-04
-1.530000e+01  300.000  4.801584e-06
-1.570000e+01  5.000  1.674773e+00
-1.570000e+01  6.000  2.180371e+00
-1.570000e+01  8.000  2.261840e+00
-1.570000e+01  9.000  2.754172e+00
-1.570000e+01  11.000  2.198782e+00
-1.570000e+01  14.000  1.392726e+00
-1.570000e+01  17.000  1.516144e+00
-1.570000e+01  21.000  1.338872e+00
-1.570000e+01  26.000  9.756007e-01
-1.570000e+01  32.000  6.034850e-01
-1.570000e+01  39.000  3.976447e-01
-1.570000e+01  48.000  2.484094e-01
-1.570000e+01  58.000  1.535130e-01
-1.570000e+01  88.000  3.695935e-02
-1.570000e+01  108.000  2.016453e-02
-1.570000e+01  132.000  1.228650e-02
-1.570000e+01  162.000  5.134101e-03
-1.570000e+01  199.000  6.567867e-04
-1.570000e+01  244.000  3.068818e-05
-1.570000e+01  3.000000e+02  0.0
-1.600000e+01  5.000  2.601225e+00
-1.600000e+01  6.000  3.309879e+00
-1.600000e+01  8.000  2.608953e+00
-1.600000e+01  9.000  2.596118e+00
-1.600000e+01  11.000  1.957932e+00
-1.600000e+01  14.000  1.981017e+00
-1.600000e+01  17.000  1.431246e+00
-1.600000e+01  21.000  1.365598e+00
-1.600000e+01  26.000  9.371212e-01
-1.600000e+01  32.000  5.934769e-01
-1.600000e+01  39.000  3.560569e-01
-1.600000e+01  48.000  1.950229e-01
-1.600000e+01  58.000  1.205726e-01
-1.600000e+01  88.000  3.911664e-02
-1.600000e+01  108.000  2.218226e-02
-1.600000e+01  132.000  1.066273e-02
-1.600000e+01  162.000  1.869291e-03
-1.600000e+01  1.990000e+02  0.0
-1.600000e+01  2.440000e+02  0.0
-1.600000e+01  3.000000e+02  0.0
-1.630000e+01  5.000  4.501075e+00
-1.630000e+01  6.000  3.631187e+00
-1.630000e+01  8.000  2.628694e+00
-1.630000e+01  9.000  2.367152e+00
-1.630000e+01  11.000  2.275668e+00
-1.630000e+01  14.000  1.733967e+00
-1.630000e+01  17.000  1.631665e+00
-1.630000e+01  21.000  9.409092e-01
-1.630000e+01  26.000  6.804680e-01
-1.630000e+01  32.000  4.632821e-01
-1.630000e+01  39.000  2.517811e-01
-1.630000e+01  48.000  1.532876e-01
-1.630000e+01  58.000  9.117122e-02
-1.630000e+01  88.000  3.535390e-02
-1.630000e+01  108.000  1.622123e-02
-1.630000e+01  132.000  3.488461e-03
-1.630000e+01  1.620000e+02  0.0
-1.630000e+01  1.990000e+02  0.0
-1.630000e+01  2.440000e+02  0.0
-1.630000e+01  3.000000e+02  0.0
-1.670000e+01  5.000  3.396256e+00
-1.670000e+01  6.000  3.213438e+00
-1.670000e+01  8.000  1.955147e+00
-1.670000e+01  9.000  2.139185e+00
-1.670000e+01  11.000  1.531871e+00
-1.670000e+01  14.000  1.481722e+00
-1.670000e+01  17.000  1.044710e+00
-1.670000e+01  21.000  6.536372e-01
-1.670000e+01  26.000  4.200705e-01
-1.670000e+01  32.000  2.437153e-01
-1.670000e+01  39.000  1.431962e-01
-1.670000e+01  48.000  8.666262e-02
-1.670000e+01  58.000  5.797328e-02
-1.670000e+01  88.000  1.642841e-02
-1.670000e+01  108.000  3.819296e-03
-1.670000e+01  1.320000e+02  0.0
-1.670000e+01  1.620000e+02  0.0
-1.670000e+01  1.990000e+02  0.0
-1.670000e+01  2.440000e+02  0.0
-1.670000e+01  3.000000e+02  0.0
-1.700000e+01  5.000  3.943893e+00
-1.700000e+01  6.000  3.048479e+00
-1.700000e+01  8.000  2.282875e+00
-1.700000e+01  9.000  2.567686e+00
-1.700000e+01  11.000  1.762179e+00
-1.700000e+01  14.000  1.027725e+00
-1.700000e+01  17.000  7.745005e-01
-1.700000e+01  21.000  4.609613e-01
-1.700000e+01  26.000  2.821185e-01
-1.700000e+01  32.000  1.677961e-01
-1.700000e+01  39.000  1.003288e-01
-1.700000e+01  48.000  6.297165e-02
-1.700000e+01  58.000  4.072312e-02
-1.700000e+01  88.000  4.585197e-03
-1.700000e+01  1.080000e+02  0.0
-1.700000e+01  1.320000e+02  0.0
-1.700000e+01  1.620000e+02  0.0
-1.700000e+01  1.990000e+02  0.0
-1.700000e+01  2.440000e+02  0.0
-1.700000e+01  3.000000e+02  0.0
-1.730000e+01  5.000  3.454603e+00
-1.730000e+01  6.000  4.054538e+00
-1.730000e+01  8.000  2.226569e+00
-1.730000e+01  9.000  2.197397e+00
-1.730000e+01  11.000  1.345557e+00
-1.730000e+01  14.000  8.961377e-01
-1.730000e+01  17.000  5.409982e-01
-1.730000e+01  21.000  2.897574e-01
-1.730000e+01  26.000  1.652074e-01
-1.730000e+01  32.000  1.184478e-01
-1.730000e+01  39.000  7.403562e-02
-1.730000e+01  48.000  4.315176e-02
-1.730000e+01  58.000  1.734050e-02
-1.730000e+01  8.800000e+01  0.0
-1.730000e+01  1.080000e+02  0.0
-1.730000e+01  1.320000e+02  0.0
-1.730000e+01  1.620000e+02  0.0
-1.730000e+01  1.990000e+02  0.0
-1.730000e+01  2.440000e+02  0.0
-1.730000e+01  3.000000e+02  0.0
-1.770000e+01  5.000  3.372410e+00
-1.770000e+01  6.000  3.133054e+00
-1.770000e+01  8.000  1.791517e+00
-1.770000e+01  9.000  1.465218e+00
-1.770000e+01  11.000  8.942726e-01
-1.770000e+01  14.000  4.703042e-01
-1.770000e+01  17.000  2.829536e-01
-1.770000e+01  21.000  1.476451e-01
-1.770000e+01  26.000  9.005563e-02
-1.770000e+01  32.000  6.623258e-02
-1.770000e+01  39.000  3.869820e-02
-1.770000e+01  48.000  1.310758e-02
-1.770000e+01  5.800000e+01  0.0
-1.770000e+01  8.800000e+01  0.0
-1.770000e+01  1.080000e+02  0.0
-1.770000e+01  1.320000e+02  0.0
-1.770000e+01  1.620000e+02  0.0
-1.770000e+01  1.990000e+02  0.0
-1.770000e+01  2.440000e+02  0.0
-1.770000e+01  3.000000e+02  0.0
-1.800000e+01  5.000  2.916000e+00
-1.800000e+01  6.000  2.563774e+00
-1.800000e+01  8.000  1.233346e+00
-1.800000e+01  9.000  1.081112e+00
-1.800000e+01  11.000  6.294607e-01
-1.800000e+01  14.000  3.056541e-01
-1.800000e+01  17.000  1.834493e-01
-1.800000e+01  21.000  1.029744e-01
-1.800000e+01  26.000  7.324772e-02
-1.800000e+01  32.000  4.026280e-02
-1.800000e+01  39.000  1.320849e-02
-1.800000e+01  4.800000e+01  0.0
-1.800000e+01  5.800000e+01  0.0
-1.800000e+01  8.800000e+01  0.0
-1.800000e+01  1.080000e+02  0.0
-1.800000e+01  1.320000e+02  0.0
-1.800000e+01  1.620000e+02  0.0
-1.800000e+01  1.990000e+02  0.0
-1.800000e+01  2.440000e+02  0.0
-1.800000e+01  3.000000e+02  0.0
-1.830000e+01  5.000  2.263006e+00
-1.830000e+01  6.000  1.693332e+00
-1.830000e+01  8.000  8.753305e-01
-1.830000e+01  9.000  7.238100e-01
-1.830000e+01  11.000  4.111889e-01
-1.830000e+01  14.000  2.200774e-01
-1.830000e+01  17.000  1.224103e-01
-1.830000e+01  21.000  8.254314e-02
-1.830000e+01  26.000  4.273763e-02
-1.830000e+01  32.000  1.437777e-02
-1.830000e+01  3.900000e+01  0.0
-1.830000e+01  4.800000e+01  0.0
-1.830000e+01  5.800000e+01  0.0
-1.830000e+01  8.800000e+01  0.0
-1.830000e+01  1.080000e+02  0.0
-1.830000e+01  1.320000e+02  0.0
-1.830000e+01  1.620000e+02  0.0
-1.830000e+01  1.990000e+02  0.0
-1.830000e+01  2.440000e+02  0.0
-1.830000e+01  3.000000e+02  0.0
-1.870000e+01  5.000  1.432667e+00
-1.870000e+01  6.000  9.844867e-01
-1.870000e+01  8.000  4.473761e-01
-1.870000e+01  9.000  3.613840e-01
-1.870000e+01  11.000  2.316302e-01
-1.870000e+01  14.000  1.146443e-01
-1.870000e+01  17.000  7.532753e-02
-1.870000e+01  21.000  4.078312e-02
-1.870000e+01  26.000  1.210637e-02
-1.870000e+01  32.000  2.619490e-03
-1.870000e+01  3.900000e+01  0.0
-1.870000e+01  4.800000e+01  0.0
-1.870000e+01  5.800000e+01  0.0
-1.870000e+01  8.800000e+01  0.0
-1.870000e+01  1.080000e+02  0.0
-1.870000e+01  1.320000e+02  0.0
-1.870000e+01  1.620000e+02  0.0
-1.870000e+01  1.990000e+02  0.0
-1.870000e+01  2.440000e+02  0.0
-1.870000e+01  3.000000e+02  0.0
-1.900000e+01  5.000  1.017234e+00
-1.900000e+01  6.000  6.702145e-01
-1.900000e+01  8.000  2.826166e-01
-1.900000e+01  9.000  2.269530e-01
-1.900000e+01  11.000  1.568311e-01
-1.900000e+01  14.000  8.281981e-02
-1.900000e+01  17.000  4.640044e-02
-1.900000e+01  21.000  1.339337e-02
-1.900000e+01  26.000  2.768674e-03
-1.900000e+01  3.200000e+01  0.0
-1.900000e+01  3.900000e+01  0.0
-1.900000e+01  4.800000e+01  0.0
-1.900000e+01  5.800000e+01  0.0
-1.900000e+01  8.800000e+01  0.0
-1.900000e+01  1.080000e+02  0.0
-1.900000e+01  1.320000e+02  0.0
-1.900000e+01  1.620000e+02  0.0
-1.900000e+01  1.990000e+02  0.0
-1.900000e+01  2.440000e+02  0.0
-1.900000e+01  3.000000e+02  0.0
-1.930000e+01  5.000  6.925218e-01
-1.930000e+01  6.000  4.274006e-01
-1.930000e+01  8.000  1.761300e-01
-1.930000e+01  9.000  1.534440e-01
-1.930000e+01  11.000  1.028125e-01
-1.930000e+01  14.000  4.758418e-02
-1.930000e+01  17.000  1.442970e-02
-1.930000e+01  21.000  3.146181e-03
-1.930000e+01  2.600000e+01  0.0
-1.930000e+01  3.200000e+01  0.0
-1.930000e+01  3.900000e+01  0.0
-1.930000e+01  4.800000e+01  0.0
-1.930000e+01  5.800000e+01  0.0
-1.930000e+01  8.800000e+01  0.0
-1.930000e+01  1.080000e+02  0.0
-1.930000e+01  1.320000e+02  0.0
-1.930000e+01  1.620000e+02  0.0
-1.930000e+01  1.990000e+02  0.0
-1.930000e+01  2.440000e+02  0.0
-1.930000e+01  3.000000e+02  0.0
-1.970000e+01  5.000  3.459903e-01
-1.970000e+01  6.000  2.053064e-01
-1.970000e+01  8.000  9.040673e-02
-1.970000e+01  9.000  9.465805e-02
-1.970000e+01  11.000  5.007394e-02
-1.970000e+01  14.000  1.302838e-02
-1.970000e+01  17.000  2.848093e-03
-1.970000e+01  2.100000e+01  0.0
-1.970000e+01  2.600000e+01  0.0
-1.970000e+01  3.200000e+01  0.0
-1.970000e+01  3.900000e+01  0.0
-1.970000e+01  4.800000e+01  0.0
-1.970000e+01  5.800000e+01  0.0
-1.970000e+01  8.800000e+01  0.0
-1.970000e+01  1.080000e+02  0.0
-1.970000e+01  1.320000e+02  0.0
-1.970000e+01  1.620000e+02  0.0
-1.970000e+01  1.990000e+02  0.0
-1.970000e+01  2.440000e+02  0.0
-1.970000e+01  3.000000e+02  0.0
-2.000000e+01  5.000  2.354306e-01
-2.000000e+01  6.000  1.478565e-01
-2.000000e+01  8.000  7.477274e-02
-2.000000e+01  9.000  5.431923e-02
-2.000000e+01  11.000  1.636000e-02
-2.000000e+01  14.000  3.146058e-03
-2.000000e+01  1.700000e+01  0.0
-2.000000e+01  2.100000e+01  0.0
-2.000000e+01  2.600000e+01  0.0
-2.000000e+01  3.200000e+01  0.0
-2.000000e+01  3.900000e+01  0.0
-2.000000e+01  4.800000e+01  0.0
-2.000000e+01  5.800000e+01  0.0
-2.000000e+01  8.800000e+01  0.0
-2.000000e+01  1.080000e+02  0.0
-2.000000e+01  1.320000e+02  0.0
-2.000000e+01  1.620000e+02  0.0
-2.000000e+01  1.990000e+02  0.0
-2.000000e+01  2.440000e+02  0.0
-2.000000e+01  3.000000e+02  0.0
-2.030000e+01  5.000  1.669460e-01
-2.030000e+01  6.000  1.154168e-01
-2.030000e+01  8.000  4.549695e-02
-2.030000e+01  9.000  1.944175e-02
-2.030000e+01  11.000  4.134559e-03
-2.030000e+01  1.400000e+01  0.0
-2.030000e+01  1.700000e+01  0.0
-2.030000e+01  2.100000e+01  0.0
-2.030000e+01  2.600000e+01  0.0
-2.030000e+01  3.200000e+01  0.0
-2.030000e+01  3.900000e+01  0.0
-2.030000e+01  4.800000e+01  0.0
-2.030000e+01  5.800000e+01  0.0
-2.030000e+01  8.800000e+01  0.0
-2.030000e+01  1.080000e+02  0.0
-2.030000e+01  1.320000e+02  0.0
-2.030000e+01  1.620000e+02  0.0
-2.030000e+01  1.990000e+02  0.0
-2.030000e+01  2.440000e+02  0.0
-2.030000e+01  3.000000e+02  0.0
-2.070000e+01  5.000  9.426813e-02
-2.070000e+01  6.000  5.591255e-02
-2.070000e+01  8.000  1.327579e-02
-2.070000e+01  9.000  3.794927e-03
-2.070000e+01  1.100000e+01  0.0
-2.070000e+01  1.400000e+01  0.0
-2.070000e+01  1.700000e+01  0.0
-2.070000e+01  2.100000e+01  0.0
-2.070000e+01  2.600000e+01  0.0
-2.070000e+01  3.200000e+01  0.0
-2.070000e+01  3.900000e+01  0.0
-2.070000e+01  4.800000e+01  0.0
-2.070000e+01  5.800000e+01  0.0
-2.070000e+01  8.800000e+01  0.0
-2.070000e+01  1.080000e+02  0.0
-2.070000e+01  1.320000e+02  0.0
-2.070000e+01  1.620000e+02  0.0
-2.070000e+01  1.990000e+02  0.0
-2.070000e+01  2.440000e+02  0.0
-2.070000e+01  3.000000e+02  0.0
-2.100000e+01  5.000  5.745842e-02
-2.100000e+01  6.000  2.059605e-02
-2.100000e+01  8.000  3.175085e-03
-2.100000e+01  9.000000e+00  0.0
-2.100000e+01  1.100000e+01  0.0
-2.100000e+01  1.400000e+01  0.0
-2.100000e+01  1.700000e+01  0.0
-2.100000e+01  2.100000e+01  0.0
-2.100000e+01  2.600000e+01  0.0
-2.100000e+01  3.200000e+01  0.0
-2.100000e+01  3.900000e+01  0.0
-2.100000e+01  4.800000e+01  0.0
-2.100000e+01  5.800000e+01  0.0
-2.100000e+01  8.800000e+01  0.0
-2.100000e+01  1.080000e+02  0.0
-2.100000e+01  1.320000e+02  0.0
-2.100000e+01  1.620000e+02  0.0
-2.100000e+01  1.990000e+02  0.0
-2.100000e+01  2.440000e+02  0.0
-2.100000e+01  3.000000e+02  0.0
-2.130000e+01  5.000  2.283794e-02
-2.130000e+01  6.000  5.193173e-03
-2.130000e+01  8.000000e+00  0.0
-2.130000e+01  9.000000e+00  0.0
-2.130000e+01  1.100000e+01  0.0
-2.130000e+01  1.400000e+01  0.0
-2.130000e+01  1.700000e+01  0.0
-2.130000e+01  2.100000e+01  0.0
-2.130000e+01  2.600000e+01  0.0
-2.130000e+01  3.200000e+01  0.0
-2.130000e+01  3.900000e+01  0.0
-2.130000e+01  4.800000e+01  0.0
-2.130000e+01  5.800000e+01  0.0
-2.130000e+01  8.800000e+01  0.0
-2.130000e+01  1.080000e+02  0.0
-2.130000e+01  1.320000e+02  0.0
-2.130000e+01  1.620000e+02  0.0
-2.130000e+01  1.990000e+02  0.0
-2.130000e+01  2.440000e+02  0.0
-2.130000e+01  3.000000e+02  0.0
-2.170000e+01  5.000  4.457520e-03
-2.170000e+01  6.000000e+00  0.0
-2.170000e+01  8.000000e+00  0.0
-2.170000e+01  9.000000e+00  0.0
-2.170000e+01  1.100000e+01  0.0
-2.170000e+01  1.400000e+01  0.0
-2.170000e+01  1.700000e+01  0.0
-2.170000e+01  2.100000e+01  0.0
-2.170000e+01  2.600000e+01  0.0
-2.170000e+01  3.200000e+01  0.0
-2.170000e+01  3.900000e+01  0.0
-2.170000e+01  4.800000e+01  0.0
-2.170000e+01  5.800000e+01  0.0
-2.170000e+01  8.800000e+01  0.0
-2.170000e+01  1.080000e+02  0.0
-2.170000e+01  1.320000e+02  0.0
-2.170000e+01  1.620000e+02  0.0
-2.170000e+01  1.990000e+02  0.0
-2.170000e+01  2.440000e+02  0.0
-2.170000e+01  3.000000e+02  0.0
-2.200000e+01  5.000000e+00  0.0
-2.200000e+01  6.000000e+00  0.0
-2.200000e+01  8.000000e+00  0.0
-2.200000e+01  9.000000e+00  0.0
-2.200000e+01  1.100000e+01  0.0
-2.200000e+01  1.400000e+01  0.0
-2.200000e+01  1.700000e+01  0.0
-2.200000e+01  2.100000e+01  0.0
-2.200000e+01  2.600000e+01  0.0
-2.200000e+01  3.200000e+01  0.0
-2.200000e+01  3.900000e+01  0.0
-2.200000e+01  4.800000e+01  0.0
-2.200000e+01  5.800000e+01  0.0
-2.200000e+01  8.800000e+01  0.0
-2.200000e+01  1.080000e+02  0.0
-2.200000e+01  1.320000e+02  0.0
-2.200000e+01  1.620000e+02  0.0
-2.200000e+01  1.990000e+02  0.0
-2.200000e+01  2.440000e+02  0.0
-2.200000e+01  3.000000e+02  0.0
