# log10(y)    mass[MeV]    Nhits
-1.330000e+01  5.000  4.622781e-15
-1.330000e+01  6.000  8.369095e-12
-1.330000e+01  8.000  1.238334e-08
-1.330000e+01  9.000  5.038334e-07
-1.330000e+01  11.000  2.829463e-05
-1.330000e+01  14.000  6.716499e-04
-1.330000e+01  17.000  3.933980e-03
-1.330000e+01  21.000  1.875000e-02
-1.330000e+01  26.000  3.960617e-02
-1.330000e+01  32.000  6.260351e-02
-1.330000e+01  39.000  6.214566e-02
-1.330000e+01  48.000  1.168040e-01
-1.330000e+01  58.000  6.331003e-02
-1.330000e+01  88.000  6.289854e-02
-1.330000e+01  108.000  2.054277e-02
-1.330000e+01  132.000  1.468105e-02
-1.330000e+01  162.000  1.173565e-02
-1.330000e+01  199.000  4.564410e-03
-1.330000e+01  244.000  8.728381e-04
-1.330000e+01  300.000  3.272857e-04
-1.370000e+01  5.000  2.196874e-11
-1.370000e+01  6.000  9.904356e-09
-1.370000e+01  8.000  1.817538e-06
-1.370000e+01  9.000  4.436006e-05
-1.370000e+01  11.000  7.219877e-04
-1.370000e+01  14.000  7.346430e-03
-1.370000e+01  17.000  2.756026e-02
-1.370000e+01  21.000  7.387498e-02
-1.370000e+01  26.000  1.101106e-01
-1.370000e+01  32.000  8.693370e-02
-1.370000e+01  39.000  4.315934e-01
-1.370000e+01  48.000  1.922606e-01
-1.370000e+01  58.000  2.150479e-01
-1.370000e+01  88.000  9.152578e-02
-1.370000e+01  108.000  4.855761e-02
-1.370000e+01  132.000  3.106327e-02
-1.370000e+01  162.000  1.787140e-02
-1.370000e+01  199.000  6.171004e-03
-1.370000e+01  244.000  1.633993e-03
-1.370000e+01  300.000  1.058194e-03
-1.400000e+01  5.000  2.646314e-08
-1.400000e+01  6.000  1.846254e-06
-1.400000e+01  8.000  9.291245e-05
-1.400000e+01  9.000  1.388746e-03
-1.400000e+01  11.000  1.125799e-02
-1.400000e+01  14.000  4.191997e-02
-1.400000e+01  17.000  1.909357e-01
-1.400000e+01  21.000  2.903657e-01
-1.400000e+01  26.000  3.817390e-01
-1.400000e+01  32.000  8.638586e-01
-1.400000e+01  39.000  9.865108e-01
-1.400000e+01  48.000  5.095898e-01
-1.400000e+01  58.000  7.912075e-01
-1.400000e+01  88.000  1.613401e-01
-1.400000e+01  108.000  1.351509e-01
-1.400000e+01  132.000  8.483986e-02
-1.400000e+01  162.000  3.475761e-02
-1.400000e+01  199.000  8.143121e-03
-1.400000e+01  244.000  3.478693e-03
-1.400000e+01  300.000  3.273788e-03
-1.430000e+01  5.000  7.290324e-06
-1.430000e+01  6.000  2.336240e-04
-1.430000e+01  8.000  3.210476e-03
-1.430000e+01  9.000  2.644677e-02
-1.430000e+01  11.000  8.219399e-02
-1.430000e+01  14.000  2.448753e-01
-1.430000e+01  17.000  6.710807e-01
-1.430000e+01  21.000  8.818154e-01
-1.430000e+01  26.000  2.103122e+00
-1.430000e+01  32.000  1.148663e+00
-1.430000e+01  39.000  1.810665e+00
-1.430000e+01  48.000  3.183131e+00
-1.430000e+01  58.000  1.390891e+00
-1.430000e+01  88.000  4.439434e-01
-1.430000e+01  108.000  2.992794e-01
-1.430000e+01  132.000  1.384302e-01
-1.430000e+01  162.000  4.102936e-02
-1.430000e+01  199.000  1.826098e-02
-1.430000e+01  244.000  1.307605e-02
-1.430000e+01  300.000  4.564238e-03
-1.470000e+01  5.000  4.744583e-04
-1.470000e+01  6.000  6.893865e-03
-1.470000e+01  8.000  3.571552e-02
-1.470000e+01  9.000  1.614554e-01
-1.470000e+01  11.000  4.595949e-01
-1.470000e+01  14.000  1.399230e+00
-1.470000e+01  17.000  1.658223e+00
-1.470000e+01  21.000  1.291041e+00
-1.470000e+01  26.000  2.915409e+00
-1.470000e+01  32.000  3.173067e+00
-1.470000e+01  39.000  3.077812e+00
-1.470000e+01  48.000  1.479146e+00
-1.470000e+01  58.000  1.244728e+00
-1.470000e+01  88.000  6.587963e-01
-1.470000e+01  108.000  3.566001e-01
-1.470000e+01  132.000  1.426205e-01
-1.470000e+01  162.000  4.532641e-02
-1.470000e+01  199.000  2.790467e-02
-1.470000e+01  244.000  1.878976e-02
-1.470000e+01  300.000  1.846291e-03
-1.500000e+01  5.000  1.195803e-02
-1.500000e+01  6.000  7.642097e-02
-1.500000e+01  8.000  3.311454e-01
-1.500000e+01  9.000  9.279117e-01
-1.500000e+01  11.000  2.276190e+00
-1.500000e+01  14.000  3.451719e+00
-1.500000e+01  17.000  4.831985e+00
-1.500000e+01  21.000  5.412455e+00
-1.500000e+01  26.000  4.459218e+00
-1.500000e+01  32.000  3.944295e+00
-1.500000e+01  39.000  4.413347e+00
-1.500000e+01  48.000  4.534117e+00
-1.500000e+01  58.000  2.064140e+00
-1.500000e+01  88.000  9.061192e-01
-1.500000e+01  108.000  4.608442e-01
-1.500000e+01  132.000  1.885599e-01
-1.500000e+01  162.000  9.835235e-02
-1.500000e+01  199.000  6.509501e-02
-1.500000e+01  244.000  1.314042e-02
-1.500000e+01  300.000  4.827265e-04
-1.530000e+01  5.000  1.383559e-01
-1.530000e+01  6.000  5.956675e-01
-1.530000e+01  8.000  1.285907e+00
-1.530000e+01  9.000  3.407352e+00
-1.530000e+01  11.000  5.548082e+00
-1.530000e+01  14.000  7.154829e+00
-1.530000e+01  17.000  7.817142e+00
-1.530000e+01  21.000  9.140898e+00
-1.530000e+01  26.000  9.827014e+00
-1.530000e+01  32.000  9.585354e+00
-1.530000e+01  39.000  8.409710e+00
-1.530000e+01  48.000  4.400970e+00
-1.530000e+01  58.000  3.731852e+00
-1.530000e+01  88.000  1.158839e+00
-1.530000e+01  108.000  4.955732e-01
-1.530000e+01  132.000  2.469526e-01
-1.530000e+01  162.000  1.772845e-01
-1.530000e+01  199.000  5.472939e-02
-1.530000e+01  244.000  4.214825e-03
-1.530000e+01  300.000  1.119240e-04
-1.570000e+01  5.000  6.631434e-01
-1.570000e+01  6.000  1.598146e+00
-1.570000e+01  8.000  2.823876e+00
-1.570000e+01  9.000  5.305049e+00
-1.570000e+01  11.000  6.250678e+00
-1.570000e+01  14.000  4.897063e+00
-1.570000e+01  17.000  7.704309e+00
-1.570000e+01  21.000  9.686390e+00
-1.570000e+01  26.000  9.186863e+00
-1.570000e+01  32.000  7.257226e+00
-1.570000e+01  39.000  6.845102e+00
-1.570000e+01  48.000  4.898179e+00
-1.570000e+01  58.000  3.367228e+00
-1.570000e+01  88.000  8.426847e-01
-1.570000e+01  108.000  4.818995e-01
-1.570000e+01  132.000  2.927448e-01
-1.570000e+01  162.000  1.199008e-01
-1.570000e+01  199.000  1.532576e-02
-1.570000e+01  244.000  7.276026e-04
-1.570000e+01  3.000000e+02  0.0
-1.600000e+01  5.000  1.945651e+00
-1.600000e+01  6.000  4.092932e+00
-1.600000e+01  8.000  5.039147e+00
-1.600000e+01  9.000  7.262903e+00
-1.600000e+01  11.000  6.605550e+00
-1.600000e+01  14.000  1.002405e+01
-1.600000e+01  17.000  1.028740e+01
-1.600000e+01  21.000  1.277681e+01
-1.600000e+01  26.000  1.126961e+01
-1.600000e+01  32.000  8.648757e+00
-1.600000e+01  39.000  7.261642e+00
-1.600000e+01  48.000  4.475696e+00
-1.600000e+01  58.000  3.033031e+00
-1.600000e+01  88.000  9.964867e-01
-1.600000e+01  108.000  5.531990e-01
-1.600000e+01  132.000  2.600070e-01
-1.600000e+01  162.000  4.520176e-02
-1.600000e+01  1.990000e+02  0.0
-1.600000e+01  2.440000e+02  0.0
-1.600000e+01  3.000000e+02  0.0
-1.630000e+01  5.000  5.647223e+00
-1.630000e+01  6.000  7.015404e+00
-1.630000e+01  8.000  7.352804e+00
-1.630000e+01  9.000  7.814767e+00
-1.630000e+01  11.000  1.158384e+01
-1.630000e+01  14.000  1.260167e+01
-1.630000e+01  17.000  1.537064e+01
-1.630000e+01  21.000  1.140331e+01
-1.630000e+01  26.000  1.004538e+01
-1.630000e+01  32.000  8.152930e+00
-1.630000e+01  39.000  6.044961e+00
-1.630000e+01  48.000  4.074439e+00
-1.630000e+01  58.000  2.622674e+00
-1.630000e+01  88.000  9.313070e-01
-1.630000e+01  108.000  4.161898e-01
-1.630000e+01  132.000  8.859977e-02
-1.630000e+01  1.620000e+02  0.0
-1.630000e+01  1.990000e+02  0.0
-1.630000e+01  2.440000e+02  0.0
-1.630000e+01  3.000000e+02  0.0
-1.670000e+01  5.000  6.631884e+00
-1.670000e+01  6.000  8.944125e+00
-1.670000e+01  8.000  6.480555e+00
-1.670000e+01  9.000  1.118079e+01
-1.670000e+01  11.000  1.089720e+01
-1.670000e+01  14.000  1.369951e+01
-1.670000e+01  17.000  1.241930e+01
-1.670000e+01  21.000  9.492419e+00
-1.670000e+01  26.000  7.575080e+00
-1.670000e+01  32.000  5.137169e+00
-1.670000e+01  39.000  3.916645e+00
-1.670000e+01  48.000  2.607052e+00
-1.670000e+01  58.000  1.720269e+00
-1.670000e+01  88.000  4.497184e-01
-1.670000e+01  108.000  1.036916e-01
-1.670000e+01  1.320000e+02  0.0
-1.670000e+01  1.620000e+02  0.0
-1.670000e+01  1.990000e+02  0.0
-1.670000e+01  2.440000e+02  0.0
-1.670000e+01  3.000000e+02  0.0
-1.700000e+01  5.000  1.091931e+01
-1.700000e+01  6.000  9.957794e+00
-1.700000e+01  8.000  1.186618e+01
-1.700000e+01  9.000  1.888258e+01
-1.700000e+01  11.000  1.672848e+01
-1.700000e+01  14.000  1.208011e+01
-1.700000e+01  17.000  1.154387e+01
-1.700000e+01  21.000  8.266348e+00
-1.700000e+01  26.000  5.963359e+00
-1.700000e+01  32.000  4.199766e+00
-1.700000e+01  39.000  3.127967e+00
-1.700000e+01  48.000  1.962840e+00
-1.700000e+01  58.000  1.278674e+00
-1.700000e+01  88.000  1.352543e-01
-1.700000e+01  1.080000e+02  0.0
-1.700000e+01  1.320000e+02  0.0
-1.700000e+01  1.620000e+02  0.0
-1.700000e+01  1.990000e+02  0.0
-1.700000e+01  2.440000e+02  0.0
-1.700000e+01  3.000000e+02  0.0
-1.730000e+01  5.000  1.135063e+01
-1.730000e+01  6.000  2.188493e+01
-1.730000e+01  8.000  1.633161e+01
-1.730000e+01  9.000  2.078528e+01
-1.730000e+01  11.000  1.634767e+01
-1.730000e+01  14.000  1.329256e+01
-1.730000e+01  17.000  1.001797e+01
-1.730000e+01  21.000  6.337113e+00
-1.730000e+01  26.000  4.181769e+00
-1.730000e+01  32.000  3.395400e+00
-1.730000e+01  39.000  2.414670e+00
-1.730000e+01  48.000  1.442338e+00
-1.730000e+01  58.000  6.018461e-01
-1.730000e+01  8.800000e+01  0.0
-1.730000e+01  1.080000e+02  0.0
-1.730000e+01  1.320000e+02  0.0
-1.730000e+01  1.620000e+02  0.0
-1.730000e+01  1.990000e+02  0.0
-1.730000e+01  2.440000e+02  0.0
-1.730000e+01  3.000000e+02  0.0
-1.770000e+01  5.000  1.818852e+01
-1.770000e+01  6.000  2.293280e+01
-1.770000e+01  8.000  1.692582e+01
-1.770000e+01  9.000  1.777965e+01
-1.770000e+01  11.000  1.324251e+01
-1.770000e+01  14.000  8.710784e+00
-1.770000e+01  17.000  6.207625e+00
-1.770000e+01  21.000  3.768575e+00
-1.770000e+01  26.000  2.695376e+00
-1.770000e+01  32.000  2.128971e+00
-1.770000e+01  39.000  1.364117e+00
-1.770000e+01  48.000  4.905904e-01
-1.770000e+01  5.800000e+01  0.0
-1.770000e+01  8.800000e+01  0.0
-1.770000e+01  1.080000e+02  0.0
-1.770000e+01  1.320000e+02  0.0
-1.770000e+01  1.620000e+02  0.0
-1.770000e+01  1.990000e+02  0.0
-1.770000e+01  2.440000e+02  0.0
-1.770000e+01  3.000000e+02  0.0
-1.800000e+01  5.000  2.134921e+01
-1.800000e+01  6.000  2.422682e+01
-1.800000e+01  8.000  1.496878e+01
-1.800000e+01  9.000  1.665936e+01
-1.800000e+01  11.000  1.168324e+01
-1.800000e+01  14.000  6.727074e+00
-1.800000e+01  17.000  4.856591e+00
-1.800000e+01  21.000  3.119533e+00
-1.800000e+01  26.000  2.400004e+00
-1.800000e+01  32.000  1.359375e+00
-1.800000e+01  39.000  5.301866e-01
-1.800000e+01  4.800000e+01  0.0
-1.800000e+01  5.800000e+01  0.0
-1.800000e+01  8.800000e+01  0.0
-1.800000e+01  1.080000e+02  0.0
-1.800000e+01  1.320000e+02  0.0
-1.800000e+01  1.620000e+02  0.0
-1.800000e+01  1.990000e+02  0.0
-1.800000e+01  2.440000e+02  0.0
-1.800000e+01  3.000000e+02  0.0
-1.830000e+01  5.000  2.141232e+01
-1.830000e+01  6.000  2.058543e+01
-1.830000e+01  8.000  1.350223e+01
-1.830000e+01  9.000  1.346742e+01
-1.830000e+01  11.000  9.087445e+00
-1.830000e+01  14.000  5.856926e+00
-1.830000e+01  17.000  3.740333e+00
-1.830000e+01  21.000  2.757510e+00
-1.830000e+01  26.000  1.483640e+00
-1.830000e+01  32.000  5.309910e-01
-1.830000e+01  3.900000e+01  0.0
-1.830000e+01  4.800000e+01  0.0
-1.830000e+01  5.800000e+01  0.0
-1.830000e+01  8.800000e+01  0.0
-1.830000e+01  1.080000e+02  0.0
-1.830000e+01  1.320000e+02  0.0
-1.830000e+01  1.620000e+02  0.0
-1.830000e+01  1.990000e+02  0.0
-1.830000e+01  2.440000e+02  0.0
-1.830000e+01  3.000000e+02  0.0
-1.870000e+01  5.000  1.743828e+01
-1.870000e+01  6.000  1.522695e+01
-1.870000e+01  8.000  8.336258e+00
-1.870000e+01  9.000  8.012613e+00
-1.870000e+01  11.000  6.197368e+00
-1.870000e+01  14.000  3.523905e+00
-1.870000e+01  17.000  2.540343e+00
-1.870000e+01  21.000  1.437990e+00
-1.870000e+01  26.000  4.586974e-01
-1.870000e+01  32.000  1.110161e-01
-1.870000e+01  3.900000e+01  0.0
-1.870000e+01  4.800000e+01  0.0
-1.870000e+01  5.800000e+01  0.0
-1.870000e+01  8.800000e+01  0.0
-1.870000e+01  1.080000e+02  0.0
-1.870000e+01  1.320000e+02  0.0
-1.870000e+01  1.620000e+02  0.0
-1.870000e+01  1.990000e+02  0.0
-1.870000e+01  2.440000e+02  0.0
-1.870000e+01  3.000000e+02  0.0
-1.900000e+01  5.000  1.575689e+01
-1.900000e+01  6.000  1.252829e+01
-1.900000e+01  8.000  6.276789e+00
-1.900000e+01  9.000  6.093676e+00
-1.900000e+01  11.000  4.847365e+00
-1.900000e+01  14.000  2.810503e+00
-1.900000e+01  17.000  1.653269e+00
-1.900000e+01  21.000  5.199760e-01
-1.900000e+01  26.000  1.207698e-01
-1.900000e+01  3.200000e+01  0.0
-1.900000e+01  3.900000e+01  0.0
-1.900000e+01  4.800000e+01  0.0
-1.900000e+01  5.800000e+01  0.0
-1.900000e+01  8.800000e+01  0.0
-1.900000e+01  1.080000e+02  0.0
-1.900000e+01  1.320000e+02  0.0
-1.900000e+01  1.620000e+02  0.0
-1.900000e+01  1.990000e+02  0.0
-1.900000e+01  2.440000e+02  0.0
-1.900000e+01  3.000000e+02  0.0
-1.930000e+01  5.000  1.296557e+01
-1.930000e+01  6.000  9.524061e+00
-1.930000e+01  8.000  4.737148e+00
-1.930000e+01  9.000  4.758822e+00
-1.930000e+01  11.000  3.508358e+00
-1.930000e+01  14.000  1.706918e+00
-1.930000e+01  17.000  5.667706e-01
-1.930000e+01  21.000  1.409944e-01
-1.930000e+01  2.600000e+01  0.0
-1.930000e+01  3.200000e+01  0.0
-1.930000e+01  3.900000e+01  0.0
-1.930000e+01  4.800000e+01  0.0
-1.930000e+01  5.800000e+01  0.0
-1.930000e+01  8.800000e+01  0.0
-1.930000e+01  1.080000e+02  0.0
-1.930000e+01  1.320000e+02  0.0
-1.930000e+01  1.620000e+02  0.0
-1.930000e+01  1.990000e+02  0.0
-1.930000e+01  2.440000e+02  0.0
-1.930000e+01  3.000000e+02  0.0
-1.970000e+01  5.000  7.721795e+00
-1.970000e+01  6.000  5.539317e+00
-1.970000e+01  8.000  2.808253e+00
-1.970000e+01  9.000  3.240675e+00
-1.970000e+01  11.000  1.806710e+00
-1.970000e+01  14.000  5.154558e-01
-1.970000e+01  17.000  1.282304e-01
-1.970000e+01  2.100000e+01  0.0
-1.970000e+01  2.600000e+01  0.0
-1.970000e+01  3.200000e+01  0.0
-1.970000e+01  3.900000e+01  0.0
-1.970000e+01  4.800000e+01  0.0
-1.970000e+01  5.800000e+01  0.0
-1.970000e+01  8.800000e+01  0.0
-1.970000e+01  1.080000e+02  0.0
-1.970000e+01  1.320000e+02  0.0
-1.970000e+01  1.620000e+02  0.0
-1.970000e+01  1.990000e+02  0.0
-1.970000e+01  2.440000e+02  0.0
-1.970000e+01  3.000000e+02  0.0
-2.000000e+01  5.000  6.170929e+00
-2.000000e+01  6.000  4.605789e+00
-2.000000e+01  8.000  2.548169e+00
-2.000000e+01  9.000  1.966437e+00
-2.000000e+01  11.000  6.467813e-01
-2.000000e+01  14.000  1.427024e-01
-2.000000e+01  1.700000e+01  0.0
-2.000000e+01  2.100000e+01  0.0
-2.000000e+01  2.600000e+01  0.0
-2.000000e+01  3.200000e+01  0.0
-2.000000e+01  3.900000e+01  0.0
-2.000000e+01  4.800000e+01  0.0
-2.000000e+01  5.800000e+01  0.0
-2.000000e+01  8.800000e+01  0.0
-2.000000e+01  1.080000e+02  0.0
-2.000000e+01  1.320000e+02  0.0
-2.000000e+01  1.620000e+02  0.0
-2.000000e+01  1.990000e+02  0.0
-2.000000e+01  2.440000e+02  0.0
-2.000000e+01  3.000000e+02  0.0
-2.030000e+01  5.000  5.206699e+00
-2.030000e+01  6.000  3.943523e+00
-2.030000e+01  8.000  1.639163e+00
-2.030000e+01  9.000  7.711915e-01
-2.030000e+01  11.000  1.886642e-01
-2.030000e+01  1.400000e+01  0.0
-2.030000e+01  1.700000e+01  0.0
-2.030000e+01  2.100000e+01  0.0
-2.030000e+01  2.600000e+01  0.0
-2.030000e+01  3.200000e+01  0.0
-2.030000e+01  3.900000e+01  0.0
-2.030000e+01  4.800000e+01  0.0
-2.030000e+01  5.800000e+01  0.0
-2.030000e+01  8.800000e+01  0.0
-2.030000e+01  1.080000e+02  0.0
-2.030000e+01  1.320000e+02  0.0
-2.030000e+01  1.620000e+02  0.0
-2.030000e+01  1.990000e+02  0.0
-2.030000e+01  2.440000e+02  0.0
-2.030000e+01  3.000000e+02  0.0
-2.070000e+01  5.000  3.224432e+00
-2.070000e+01  6.000  2.019620e+00
-2.070000e+01  8.000  5.273790e-01
-2.070000e+01  9.000  1.724084e-01
-2.070000e+01  1.100000e+01  0.0
-2.070000e+01  1.400000e+01  0.0
-2.070000e+01  1.700000e+01  0.0
-2.070000e+01  2.100000e+01  0.0
-2.070000e+01  2.600000e+01  0.0
-2.070000e+01  3.200000e+01  0.0
-2.070000e+01  3.900000e+01  0.0
-2.070000e+01  4.800000e+01  0.0
-2.070000e+01  5.800000e+01  0.0
-2.070000e+01  8.800000e+01  0.0
-2.070000e+01  1.080000e+02  0.0
-2.070000e+01  1.320000e+02  0.0
-2.070000e+01  1.620000e+02  0.0
-2.070000e+01  1.990000e+02  0.0
-2.070000e+01  2.440000e+02  0.0
-2.070000e+01  3.000000e+02  0.0
-2.100000e+01  5.000  2.064711e+00
-2.100000e+01  6.000  8.147082e-01
-2.100000e+01  8.000  1.433626e-01
-2.100000e+01  9.000000e+00  0.0
-2.100000e+01  1.100000e+01  0.0
-2.100000e+01  1.400000e+01  0.0
-2.100000e+01  1.700000e+01  0.0
-2.100000e+01  2.100000e+01  0.0
-2.100000e+01  2.600000e+01  0.0
-2.100000e+01  3.200000e+01  0.0
-2.100000e+01  3.900000e+01  0.0
-2.100000e+01  4.800000e+01  0.0
-2.100000e+01  5.800000e+01  0.0
-2.100000e+01  8.800000e+01  0.0
-2.100000e+01  1.080000e+02  0.0
-2.100000e+01  1.320000e+02  0.0
-2.100000e+01  1.620000e+02  0.0
-2.100000e+01  1.990000e+02  0.0
-2.100000e+01  2.440000e+02  0.0
-2.100000e+01  3.000000e+02  0.0
-2.130000e+01  5.000  8.982749e-01
-2.130000e+01  6.000  2.332752e-01
-2.130000e+01  8.000000e+00  0.0
-2.130000e+01  9.000000e+00  0.0
-2.130000e+01  1.100000e+01  0.0
-2.130000e+01  1.400000e+01  0.0
-2.130000e+01  1.700000e+01  0.0
-2.130000e+01  2.100000e+01  0.0
-2.130000e+01  2.600000e+01  0.0
-2.130000e+01  3.200000e+01  0.0
-2.130000e+01  3.900000e+01  0.0
-2.130000e+01  4.800000e+01  0.0
-2.130000e+01  5.800000e+01  0.0
-2.130000e+01  8.800000e+01  0.0
-2.130000e+01  1.080000e+02  0.0
-2.130000e+01  1.320000e+02  0.0
-2.130000e+01  1.620000e+02  0.0
-2.130000e+01  1.990000e+02  0.0
-2.130000e+01  2.440000e+02  0.0
-2.130000e+01  3.000000e+02  0.0
-2.170000e+01  5.000  1.989331e-01
-2.170000e+01  6.000000e+00  0.0
-2.170000e+01  8.000000e+00  0.0
-2.170000e+01  9.000000e+00  0.0
-2.170000e+01  1.100000e+01  0.0
-2.170000e+01  1.400000e+01  0.0
-2.170000e+01  1.700000e+01  0.0
-2.170000e+01  2.100000e+01  0.0
-2.170000e+01  2.600000e+01  0.0
-2.170000e+01  3.200000e+01  0.0
-2.170000e+01  3.900000e+01  0.0
-2.170000e+01  4.800000e+01  0.0
-2.170000e+01  5.800000e+01  0.0
-2.170000e+01  8.800000e+01  0.0
-2.170000e+01  1.080000e+02  0.0
-2.170000e+01  1.320000e+02  0.0
-2.170000e+01  1.620000e+02  0.0
-2.170000e+01  1.990000e+02  0.0
-2.170000e+01  2.440000e+02  0.0
-2.170000e+01  3.000000e+02  0.0
-2.200000e+01  5.000000e+00  0.0
-2.200000e+01  6.000000e+00  0.0
-2.200000e+01  8.000000e+00  0.0
-2.200000e+01  9.000000e+00  0.0
-2.200000e+01  1.100000e+01  0.0
-2.200000e+01  1.400000e+01  0.0
-2.200000e+01  1.700000e+01  0.0
-2.200000e+01  2.100000e+01  0.0
-2.200000e+01  2.600000e+01  0.0
-2.200000e+01  3.200000e+01  0.0
-2.200000e+01  3.900000e+01  0.0
-2.200000e+01  4.800000e+01  0.0
-2.200000e+01  5.800000e+01  0.0
-2.200000e+01  8.800000e+01  0.0
-2.200000e+01  1.080000e+02  0.0
-2.200000e+01  1.320000e+02  0.0
-2.200000e+01  1.620000e+02  0.0
-2.200000e+01  1.990000e+02  0.0
-2.200000e+01  2.440000e+02  0.0
-2.200000e+01  3.000000e+02  0.0
