# log10(y)    mass[MeV]    Nhits
-1.330000e+01  5.000  4.857183e-19
-1.330000e+01  6.000  4.744490e-15
-1.330000e+01  8.000  3.357699e-11
-1.330000e+01  9.000  4.260117e-09
-1.330000e+01  11.000  6.861832e-07
-1.330000e+01  14.000  4.028935e-05
-1.330000e+01  17.000  4.800681e-04
-1.330000e+01  21.000  4.083534e-03
-1.330000e+01  26.000  1.343389e-02
-1.330000e+01  32.000  2.965148e-02
-1.330000e+01  39.000  4.198058e-02
-1.330000e+01  48.000  9.130646e-02
-1.330000e+01  58.000  5.342607e-02
-1.330000e+01  88.000  5.747605e-02
-1.330000e+01  108.000  1.986928e-02
-1.330000e+01  132.000  1.452551e-02
-1.330000e+01  162.000  1.174849e-02
-1.330000e+01  199.000  4.599637e-03
-1.330000e+01  244.000  8.825013e-04
-1.330000e+01  300.000  3.315979e-04
-1.370000e+01  5.000  1.749858e-14
-1.370000e+01  6.000  2.984440e-11
-1.370000e+01  8.000  1.906521e-08
-1.370000e+01  9.000  1.166982e-06
-1.370000e+01  11.000  4.207863e-05
-1.370000e+01  14.000  8.666930e-04
-1.370000e+01  17.000  5.551417e-03
-1.370000e+01  21.000  2.332282e-02
-1.370000e+01  26.000  4.907978e-02
-1.370000e+01  32.000  5.010394e-02
-1.370000e+01  39.000  3.291106e-01
-1.370000e+01  48.000  1.582428e-01
-1.370000e+01  58.000  1.918275e-01
-1.370000e+01  88.000  8.820452e-02
-1.370000e+01  108.000  4.811416e-02
-1.370000e+01  132.000  3.114811e-02
-1.370000e+01  162.000  1.801854e-02
-1.370000e+01  199.000  6.244896e-03
-1.370000e+01  244.000  1.656151e-03
-1.370000e+01  300.000  1.073188e-03
-1.400000e+01  5.000  1.026000e-10
-1.400000e+01  6.000  2.093304e-08
-1.400000e+01  8.000  2.704838e-06
-1.400000e+01  9.000  8.346481e-05
-1.400000e+01  11.000  1.277804e-03
-1.400000e+01  14.000  8.229661e-03
-1.400000e+01  17.000  5.709889e-02
-1.400000e+01  21.000  1.226164e-01
-1.400000e+01  26.000  2.107307e-01
-1.400000e+01  32.000  5.811832e-01
-1.400000e+01  39.000  7.869445e-01
-1.400000e+01  48.000  4.514500e-01
-1.400000e+01  58.000  7.522366e-01
-1.400000e+01  88.000  1.602957e-01
-1.400000e+01  108.000  1.357048e-01
-1.400000e+01  132.000  8.575425e-02
-1.400000e+01  162.000  3.521980e-02
-1.400000e+01  199.000  8.261324e-03
-1.400000e+01  244.000  3.530475e-03
-1.400000e+01  300.000  3.321822e-03
-1.430000e+01  5.000  9.663133e-08
-1.430000e+01  6.000  7.478996e-06
-1.430000e+01  8.000  2.114697e-04
-1.430000e+01  9.000  3.068156e-03
-1.430000e+01  11.000  1.557302e-02
-1.430000e+01  14.000  7.114837e-02
-1.430000e+01  17.000  2.712626e-01
-1.430000e+01  21.000  4.654859e-01
-1.430000e+01  26.000  1.371820e+00
-1.430000e+01  32.000  8.595845e-01
-1.430000e+01  39.000  1.604396e+00
-1.430000e+01  48.000  3.022037e+00
-1.430000e+01  58.000  1.370236e+00
-1.430000e+01  88.000  4.474465e-01
-1.430000e+01  108.000  3.033266e-01
-1.430000e+01  132.000  1.406020e-01
-1.430000e+01  162.000  4.169823e-02
-1.430000e+01  199.000  1.855634e-02
-1.430000e+01  244.000  1.328064e-02
-1.430000e+01  300.000  4.631670e-03
-1.470000e+01  5.000  1.651164e-05
-1.470000e+01  6.000  4.768946e-04
-1.470000e+01  8.000  4.420658e-03
-1.470000e+01  9.000  3.104518e-02
-1.470000e+01  11.000  1.307942e-01
-1.470000e+01  14.000  5.542588e-01
-1.470000e+01  17.000  8.530855e-01
-1.470000e+01  21.000  8.178732e-01
-1.470000e+01  26.000  2.110025e+00
-1.470000e+01  32.000  2.520782e+00
-1.470000e+01  39.000  2.896782e+00
-1.470000e+01  48.000  1.455361e+00
-1.470000e+01  58.000  1.255939e+00
-1.470000e+01  88.000  6.700478e-01
-1.470000e+01  108.000  3.634168e-01
-1.470000e+01  132.000  1.453448e-01
-1.470000e+01  162.000  4.615446e-02
-1.470000e+01  199.000  2.838285e-02
-1.470000e+01  244.000  1.908584e-02
-1.470000e+01  300.000  1.873383e-03
-1.500000e+01  5.000  8.898211e-04
-1.500000e+01  6.000  9.619814e-03
-1.500000e+01  8.000  6.615554e-02
-1.500000e+01  9.000  2.656862e-01
-1.500000e+01  11.000  8.885789e-01
-1.500000e+01  14.000  1.748871e+00
-1.500000e+01  17.000  3.005121e+00
-1.500000e+01  21.000  3.786043e+00
-1.500000e+01  26.000  3.508212e+00
-1.500000e+01  32.000  3.509444e+00
-1.500000e+01  39.000  4.325067e+00
-1.500000e+01  48.000  4.576921e+00
-1.500000e+01  58.000  2.110479e+00
-1.500000e+01  88.000  9.273477e-01
-1.500000e+01  108.000  4.713842e-01
-1.500000e+01  132.000  1.925751e-01
-1.500000e+01  162.000  1.002591e-01
-1.500000e+01  199.000  6.621791e-02
-1.500000e+01  244.000  1.334546e-02
-1.500000e+01  300.000  4.897159e-04
-1.530000e+01  5.000  1.846289e-02
-1.530000e+01  6.000  1.207244e-01
-1.530000e+01  8.000  3.779535e-01
-1.530000e+01  9.000  1.334654e+00
-1.530000e+01  11.000  2.775424e+00
-1.530000e+01  14.000  4.401868e+00
-1.530000e+01  17.000  5.326412e+00
-1.530000e+01  21.000  7.164577e+00
-1.530000e+01  26.000  8.644911e+00
-1.530000e+01  32.000  9.078827e+00
-1.530000e+01  39.000  8.484714e+00
-1.530000e+01  48.000  4.509705e+00
-1.530000e+01  58.000  3.849020e+00
-1.530000e+01  88.000  1.190727e+00
-1.530000e+01  108.000  5.080494e-01
-1.530000e+01  132.000  2.525018e-01
-1.530000e+01  162.000  1.807308e-01
-1.530000e+01  199.000  5.566047e-02
-1.530000e+01  244.000  4.279399e-03
-1.530000e+01  300.000  1.135017e-04
-1.570000e+01  5.000  1.394267e-01
-1.570000e+01  6.000  4.741852e-01
-1.570000e+01  8.000  1.121576e+00
-1.570000e+01  9.000  2.665470e+00
-1.570000e+01  11.000  3.806875e+00
-1.570000e+01  14.000  3.276545e+00
-1.570000e+01  17.000  5.985155e+00
-1.570000e+01  21.000  8.454056e+00
-1.570000e+01  26.000  8.589515e+00
-1.570000e+01  32.000  7.131509e+00
-1.570000e+01  39.000  7.024685e+00
-1.570000e+01  48.000  5.068172e+00
-1.570000e+01  58.000  3.490974e+00
-1.570000e+01  88.000  8.678266e-01
-1.570000e+01  108.000  4.945272e-01
-1.570000e+01  132.000  2.993018e-01
-1.570000e+01  162.000  1.221926e-01
-1.570000e+01  199.000  1.558006e-02
-1.570000e+01  244.000  7.383526e-04
-1.570000e+01  3.000000e+02  0.0
-1.600000e+01  5.000  5.882319e-01
-1.600000e+01  6.000  1.635883e+00
-1.600000e+01  8.000  2.545904e+00
-1.600000e+01  9.000  4.410974e+00
-1.600000e+01  11.000  4.359667e+00
-1.600000e+01  14.000  7.785747e+00
-1.600000e+01  17.000  8.956248e+00
-1.600000e+01  21.000  1.190632e+01
-1.600000e+01  26.000  1.104979e+01
-1.600000e+01  32.000  8.722020e+00
-1.600000e+01  39.000  7.533237e+00
-1.600000e+01  48.000  4.656854e+00
-1.600000e+01  58.000  3.152279e+00
-1.600000e+01  88.000  1.027045e+00
-1.600000e+01  108.000  5.675973e-01
-1.600000e+01  132.000  2.656952e-01
-1.600000e+01  162.000  4.603609e-02
-1.600000e+01  1.990000e+02  0.0
-1.600000e+01  2.440000e+02  0.0
-1.600000e+01  3.000000e+02  0.0
-1.630000e+01  5.000  2.284699e+00
-1.630000e+01  6.000  3.567935e+00
-1.630000e+01  8.000  4.474894e+00
-1.630000e+01  9.000  5.125009e+00
-1.630000e+01  11.000  9.033384e+00
-1.630000e+01  14.000  1.100608e+01
-1.630000e+01  17.000  1.433106e+01
-1.630000e+01  21.000  1.116565e+01
-1.630000e+01  26.000  1.013031e+01
-1.630000e+01  32.000  8.376631e+00
-1.630000e+01  39.000  6.308482e+00
-1.630000e+01  48.000  4.249369e+00
-1.630000e+01  58.000  2.726788e+00
-1.630000e+01  88.000  9.595127e-01
-1.630000e+01  108.000  4.267446e-01
-1.630000e+01  132.000  9.046268e-02
-1.630000e+01  1.620000e+02  0.0
-1.630000e+01  1.990000e+02  0.0
-1.630000e+01  2.440000e+02  0.0
-1.630000e+01  3.000000e+02  0.0
-1.670000e+01  5.000  3.398664e+00
-1.670000e+01  6.000  5.448446e+00
-1.670000e+01  8.000  4.263924e+00
-1.670000e+01  9.000  8.811262e+00
-1.670000e+01  11.000  9.463836e+00
-1.670000e+01  14.000  1.271435e+01
-1.670000e+01  17.000  1.210937e+01
-1.670000e+01  21.000  9.541519e+00
-1.670000e+01  26.000  7.792352e+00
-1.670000e+01  32.000  5.339716e+00
-1.670000e+01  39.000  4.095768e+00
-1.670000e+01  48.000  2.719007e+00
-1.670000e+01  58.000  1.787427e+00
-1.670000e+01  88.000  4.629324e-01
-1.670000e+01  108.000  1.061896e-01
-1.670000e+01  1.320000e+02  0.0
-1.670000e+01  1.620000e+02  0.0
-1.670000e+01  1.990000e+02  0.0
-1.670000e+01  2.440000e+02  0.0
-1.670000e+01  3.000000e+02  0.0
-1.700000e+01  5.000  6.641771e+00
-1.700000e+01  6.000  6.523592e+00
-1.700000e+01  8.000  9.337483e+00
-1.700000e+01  9.000  1.655555e+01
-1.700000e+01  11.000  1.561840e+01
-1.700000e+01  14.000  1.175015e+01
-1.700000e+01  17.000  1.163123e+01
-1.700000e+01  21.000  8.493696e+00
-1.700000e+01  26.000  6.199170e+00
-1.700000e+01  32.000  4.392002e+00
-1.700000e+01  39.000  3.270891e+00
-1.700000e+01  48.000  2.045754e+00
-1.700000e+01  58.000  1.326945e+00
-1.700000e+01  88.000  1.389879e-01
-1.700000e+01  1.080000e+02  0.0
-1.700000e+01  1.320000e+02  0.0
-1.700000e+01  1.620000e+02  0.0
-1.700000e+01  1.990000e+02  0.0
-1.700000e+01  2.440000e+02  0.0
-1.700000e+01  3.000000e+02  0.0
-1.730000e+01  5.000  7.459656e+00
-1.730000e+01  6.000  1.745610e+01
-1.730000e+01  8.000  1.431008e+01
-1.730000e+01  9.000  1.938683e+01
-1.730000e+01  11.000  1.598774e+01
-1.730000e+01  14.000  1.337957e+01
-1.730000e+01  17.000  1.031595e+01
-1.730000e+01  21.000  6.598194e+00
-1.730000e+01  26.000  4.377104e+00
-1.730000e+01  32.000  3.557319e+00
-1.730000e+01  39.000  2.523026e+00
-1.730000e+01  48.000  1.500967e+00
-1.730000e+01  58.000  6.229747e-01
-1.730000e+01  8.800000e+01  0.0
-1.730000e+01  1.080000e+02  0.0
-1.730000e+01  1.320000e+02  0.0
-1.730000e+01  1.620000e+02  0.0
-1.730000e+01  1.990000e+02  0.0
-1.730000e+01  2.440000e+02  0.0
-1.730000e+01  3.000000e+02  0.0
-1.770000e+01  5.000  1.450485e+01
-1.770000e+01  6.000  2.008403e+01
-1.770000e+01  8.000  1.578330e+01
-1.770000e+01  9.000  1.738258e+01
-1.770000e+01  11.000  1.332285e+01
-1.770000e+01  14.000  8.967983e+00
-1.770000e+01  17.000  6.463686e+00
-1.770000e+01  21.000  3.946647e+00
-1.770000e+01  26.000  2.827303e+00
-1.770000e+01  32.000  2.229846e+00
-1.770000e+01  39.000  1.422898e+00
-1.770000e+01  48.000  5.089602e-01
-1.770000e+01  5.800000e+01  0.0
-1.770000e+01  8.800000e+01  0.0
-1.770000e+01  1.080000e+02  0.0
-1.770000e+01  1.320000e+02  0.0
-1.770000e+01  1.620000e+02  0.0
-1.770000e+01  1.990000e+02  0.0
-1.770000e+01  2.440000e+02  0.0
-1.770000e+01  3.000000e+02  0.0
-1.800000e+01  5.000  1.869774e+01
-1.800000e+01  6.000  2.259029e+01
-1.800000e+01  8.000  1.463422e+01
-1.800000e+01  9.000  1.683884e+01
-1.800000e+01  11.000  1.202876e+01
-1.800000e+01  14.000  7.005406e+00
-1.800000e+01  17.000  5.091435e+00
-1.800000e+01  21.000  3.274428e+00
-1.800000e+01  26.000  2.516494e+00
-1.800000e+01  32.000  1.422630e+00
-1.800000e+01  39.000  5.509335e-01
-1.800000e+01  4.800000e+01  0.0
-1.800000e+01  5.800000e+01  0.0
-1.800000e+01  8.800000e+01  0.0
-1.800000e+01  1.080000e+02  0.0
-1.800000e+01  1.320000e+02  0.0
-1.800000e+01  1.620000e+02  0.0
-1.800000e+01  1.990000e+02  0.0
-1.800000e+01  2.440000e+02  0.0
-1.800000e+01  3.000000e+02  0.0
-1.830000e+01  5.000  1.996842e+01
-1.830000e+01  6.000  2.012898e+01
-1.830000e+01  8.000  1.364891e+01
-1.830000e+01  9.000  1.386807e+01
-1.830000e+01  11.000  9.465600e+00
-1.830000e+01  14.000  6.141724e+00
-1.830000e+01  17.000  3.927648e+00
-1.830000e+01  21.000  2.893057e+00
-1.830000e+01  26.000  1.554226e+00
-1.830000e+01  32.000  5.545752e-01
-1.830000e+01  3.900000e+01  0.0
-1.830000e+01  4.800000e+01  0.0
-1.830000e+01  5.800000e+01  0.0
-1.830000e+01  8.800000e+01  0.0
-1.830000e+01  1.080000e+02  0.0
-1.830000e+01  1.320000e+02  0.0
-1.830000e+01  1.620000e+02  0.0
-1.830000e+01  1.990000e+02  0.0
-1.830000e+01  2.440000e+02  0.0
-1.830000e+01  3.000000e+02  0.0
-1.870000e+01  5.000  1.705434e+01
-1.870000e+01  6.000  1.539650e+01
-1.870000e+01  8.000  8.585268e+00
-1.870000e+01  9.000  8.347775e+00
-1.870000e+01  11.000  6.500453e+00
-1.870000e+01  14.000  3.701319e+00
-1.870000e+01  17.000  2.666243e+00
-1.870000e+01  21.000  1.507403e+00
-1.870000e+01  26.000  4.795604e-01
-1.870000e+01  32.000  1.154453e-01
-1.870000e+01  3.900000e+01  0.0
-1.870000e+01  4.800000e+01  0.0
-1.870000e+01  5.800000e+01  0.0
-1.870000e+01  8.800000e+01  0.0
-1.870000e+01  1.080000e+02  0.0
-1.870000e+01  1.320000e+02  0.0
-1.870000e+01  1.620000e+02  0.0
-1.870000e+01  1.990000e+02  0.0
-1.870000e+01  2.440000e+02  0.0
-1.870000e+01  3.000000e+02  0.0
-1.900000e+01  5.000  1.593484e+01
-1.900000e+01  6.000  1.290599e+01
-1.900000e+01  8.000  6.540091e+00
-1.900000e+01  9.000  6.392849e+00
-1.900000e+01  11.000  5.092559e+00
-1.900000e+01  14.000  2.950461e+00
-1.900000e+01  17.000  1.733734e+00
-1.900000e+01  21.000  5.438544e-01
-1.900000e+01  26.000  1.256846e-01
-1.900000e+01  3.200000e+01  0.0
-1.900000e+01  3.900000e+01  0.0
-1.900000e+01  4.800000e+01  0.0
-1.900000e+01  5.800000e+01  0.0
-1.900000e+01  8.800000e+01  0.0
-1.900000e+01  1.080000e+02  0.0
-1.900000e+01  1.320000e+02  0.0
-1.900000e+01  1.620000e+02  0.0
-1.900000e+01  1.990000e+02  0.0
-1.900000e+01  2.440000e+02  0.0
-1.900000e+01  3.000000e+02  0.0
-1.930000e+01  5.000  1.335828e+01
-1.930000e+01  6.000  9.925884e+00
-1.930000e+01  8.000  4.970164e+00
-1.930000e+01  9.000  5.000224e+00
-1.930000e+01  11.000  3.683756e+00
-1.930000e+01  14.000  1.790383e+00
-1.930000e+01  17.000  5.929947e-01
-1.930000e+01  21.000  1.467508e-01
-1.930000e+01  2.600000e+01  0.0
-1.930000e+01  3.200000e+01  0.0
-1.930000e+01  3.900000e+01  0.0
-1.930000e+01  4.800000e+01  0.0
-1.930000e+01  5.800000e+01  0.0
-1.930000e+01  8.800000e+01  0.0
-1.930000e+01  1.080000e+02  0.0
-1.930000e+01  1.320000e+02  0.0
-1.930000e+01  1.620000e+02  0.0
-1.930000e+01  1.990000e+02  0.0
-1.930000e+01  2.440000e+02  0.0
-1.930000e+01  3.000000e+02  0.0
-1.970000e+01  5.000  8.048454e+00
-1.970000e+01  6.000  5.812763e+00
-1.970000e+01  8.000  2.950896e+00
-1.970000e+01  9.000  3.403053e+00
-1.970000e+01  11.000  1.895381e+00
-1.970000e+01  14.000  5.394026e-01
-1.970000e+01  17.000  1.335356e-01
-1.970000e+01  2.100000e+01  0.0
-1.970000e+01  2.600000e+01  0.0
-1.970000e+01  3.200000e+01  0.0
-1.970000e+01  3.900000e+01  0.0
-1.970000e+01  4.800000e+01  0.0
-1.970000e+01  5.800000e+01  0.0
-1.970000e+01  8.800000e+01  0.0
-1.970000e+01  1.080000e+02  0.0
-1.970000e+01  1.320000e+02  0.0
-1.970000e+01  1.620000e+02  0.0
-1.970000e+01  1.990000e+02  0.0
-1.970000e+01  2.440000e+02  0.0
-1.970000e+01  3.000000e+02  0.0
-2.000000e+01  5.000  6.471515e+00
-2.000000e+01  6.000  4.840292e+00
-2.000000e+01  8.000  2.676177e+00
-2.000000e+01  9.000  2.063141e+00
-2.000000e+01  11.000  6.770523e-01
-2.000000e+01  14.000  1.486227e-01
-2.000000e+01  1.700000e+01  0.0
-2.000000e+01  2.100000e+01  0.0
-2.000000e+01  2.600000e+01  0.0
-2.000000e+01  3.200000e+01  0.0
-2.000000e+01  3.900000e+01  0.0
-2.000000e+01  4.800000e+01  0.0
-2.000000e+01  5.800000e+01  0.0
-2.000000e+01  8.800000e+01  0.0
-2.000000e+01  1.080000e+02  0.0
-2.000000e+01  1.320000e+02  0.0
-2.000000e+01  1.620000e+02  0.0
-2.000000e+01  1.990000e+02  0.0
-2.000000e+01  2.440000e+02  0.0
-2.000000e+01  3.000000e+02  0.0
-2.030000e+01  5.000  5.472067e+00
-2.030000e+01  6.000  4.141979e+00
-2.030000e+01  8.000  1.720048e+00
-2.030000e+01  9.000  8.073427e-01
-2.030000e+01  11.000  1.965058e-01
-2.030000e+01  1.400000e+01  0.0
-2.030000e+01  1.700000e+01  0.0
-2.030000e+01  2.100000e+01  0.0
-2.030000e+01  2.600000e+01  0.0
-2.030000e+01  3.200000e+01  0.0
-2.030000e+01  3.900000e+01  0.0
-2.030000e+01  4.800000e+01  0.0
-2.030000e+01  5.800000e+01  0.0
-2.030000e+01  8.800000e+01  0.0
-2.030000e+01  1.080000e+02  0.0
-2.030000e+01  1.320000e+02  0.0
-2.030000e+01  1.620000e+02  0.0
-2.030000e+01  1.990000e+02  0.0
-2.030000e+01  2.440000e+02  0.0
-2.030000e+01  3.000000e+02  0.0
-2.070000e+01  5.000  3.386821e+00
-2.070000e+01  6.000  2.119434e+00
-2.070000e+01  8.000  5.521177e-01
-2.070000e+01  9.000  1.796365e-01
-2.070000e+01  1.100000e+01  0.0
-2.070000e+01  1.400000e+01  0.0
-2.070000e+01  1.700000e+01  0.0
-2.070000e+01  2.100000e+01  0.0
-2.070000e+01  2.600000e+01  0.0
-2.070000e+01  3.200000e+01  0.0
-2.070000e+01  3.900000e+01  0.0
-2.070000e+01  4.800000e+01  0.0
-2.070000e+01  5.800000e+01  0.0
-2.070000e+01  8.800000e+01  0.0
-2.070000e+01  1.080000e+02  0.0
-2.070000e+01  1.320000e+02  0.0
-2.070000e+01  1.620000e+02  0.0
-2.070000e+01  1.990000e+02  0.0
-2.070000e+01  2.440000e+02  0.0
-2.070000e+01  3.000000e+02  0.0
-2.100000e+01  5.000  2.167068e+00
-2.100000e+01  6.000  8.531336e-01
-2.100000e+01  8.000  1.494208e-01
-2.100000e+01  9.000000e+00  0.0
-2.100000e+01  1.100000e+01  0.0
-2.100000e+01  1.400000e+01  0.0
-2.100000e+01  1.700000e+01  0.0
-2.100000e+01  2.100000e+01  0.0
-2.100000e+01  2.600000e+01  0.0
-2.100000e+01  3.200000e+01  0.0
-2.100000e+01  3.900000e+01  0.0
-2.100000e+01  4.800000e+01  0.0
-2.100000e+01  5.800000e+01  0.0
-2.100000e+01  8.800000e+01  0.0
-2.100000e+01  1.080000e+02  0.0
-2.100000e+01  1.320000e+02  0.0
-2.100000e+01  1.620000e+02  0.0
-2.100000e+01  1.990000e+02  0.0
-2.100000e+01  2.440000e+02  0.0
-2.100000e+01  3.000000e+02  0.0
-2.130000e+01  5.000  9.408389e-01
-2.130000e+01  6.000  2.432120e-01
-2.130000e+01  8.000000e+00  0.0
-2.130000e+01  9.000000e+00  0.0
-2.130000e+01  1.100000e+01  0.0
-2.130000e+01  1.400000e+01  0.0
-2.130000e+01  1.700000e+01  0.0
-2.130000e+01  2.100000e+01  0.0
-2.130000e+01  2.600000e+01  0.0
-2.130000e+01  3.200000e+01  0.0
-2.130000e+01  3.900000e+01  0.0
-2.130000e+01  4.800000e+01  0.0
-2.130000e+01  5.800000e+01  0.0
-2.130000e+01  8.800000e+01  0.0
-2.130000e+01  1.080000e+02  0.0
-2.130000e+01  1.320000e+02  0.0
-2.130000e+01  1.620000e+02  0.0
-2.130000e+01  1.990000e+02  0.0
-2.130000e+01  2.440000e+02  0.0
-2.130000e+01  3.000000e+02  0.0
-2.170000e+01  5.000  2.074703e-01
-2.170000e+01  6.000000e+00  0.0
-2.170000e+01  8.000000e+00  0.0
-2.170000e+01  9.000000e+00  0.0
-2.170000e+01  1.100000e+01  0.0
-2.170000e+01  1.400000e+01  0.0
-2.170000e+01  1.700000e+01  0.0
-2.170000e+01  2.100000e+01  0.0
-2.170000e+01  2.600000e+01  0.0
-2.170000e+01  3.200000e+01  0.0
-2.170000e+01  3.900000e+01  0.0
-2.170000e+01  4.800000e+01  0.0
-2.170000e+01  5.800000e+01  0.0
-2.170000e+01  8.800000e+01  0.0
-2.170000e+01  1.080000e+02  0.0
-2.170000e+01  1.320000e+02  0.0
-2.170000e+01  1.620000e+02  0.0
-2.170000e+01  1.990000e+02  0.0
-2.170000e+01  2.440000e+02  0.0
-2.170000e+01  3.000000e+02  0.0
-2.200000e+01  5.000000e+00  0.0
-2.200000e+01  6.000000e+00  0.0
-2.200000e+01  8.000000e+00  0.0
-2.200000e+01  9.000000e+00  0.0
-2.200000e+01  1.100000e+01  0.0
-2.200000e+01  1.400000e+01  0.0
-2.200000e+01  1.700000e+01  0.0
-2.200000e+01  2.100000e+01  0.0
-2.200000e+01  2.600000e+01  0.0
-2.200000e+01  3.200000e+01  0.0
-2.200000e+01  3.900000e+01  0.0
-2.200000e+01  4.800000e+01  0.0
-2.200000e+01  5.800000e+01  0.0
-2.200000e+01  8.800000e+01  0.0
-2.200000e+01  1.080000e+02  0.0
-2.200000e+01  1.320000e+02  0.0
-2.200000e+01  1.620000e+02  0.0
-2.200000e+01  1.990000e+02  0.0
-2.200000e+01  2.440000e+02  0.0
-2.200000e+01  3.000000e+02  0.0
