# log10(y)    mass[MeV]    Nhits
-1.330000e+01  5.000  4.806633e-14
-1.330000e+01  6.000  3.357636e-11
-1.330000e+01  8.000  2.070866e-08
-1.330000e+01  9.000  4.641710e-07
-1.330000e+01  11.000  1.538507e-05
-1.330000e+01  14.000  2.427560e-04
-1.330000e+01  17.000  1.088496e-03
-1.330000e+01  21.000  4.433544e-03
-1.330000e+01  26.000  8.770883e-03
-1.330000e+01  32.000  1.383810e-02
-1.330000e+01  39.000  1.465143e-02
-1.330000e+01  48.000  2.912174e-02
-1.330000e+01  58.000  1.644913e-02
-1.330000e+01  88.000  1.738500e-02
-1.330000e+01  108.000  6.118523e-03
-1.330000e+01  132.000  4.618810e-03
-1.330000e+01  162.000  3.890943e-03
-1.330000e+01  199.000  1.587496e-03
-1.330000e+01  244.000  3.153957e-04
-1.330000e+01  300.000  1.228817e-04
-1.370000e+01  5.000  7.460729e-11
-1.370000e+01  6.000  1.618686e-08
-1.370000e+01  8.000  1.523640e-06
-1.370000e+01  9.000  2.367039e-05
-1.370000e+01  11.000  2.687173e-04
-1.370000e+01  14.000  2.076581e-03
-1.370000e+01  17.000  6.669379e-03
-1.370000e+01  21.000  1.651573e-02
-1.370000e+01  26.000  2.429056e-02
-1.370000e+01  32.000  1.971897e-02
-1.370000e+01  39.000  1.064042e-01
-1.370000e+01  48.000  4.921196e-02
-1.370000e+01  58.000  5.797319e-02
-1.370000e+01  88.000  2.687913e-02
-1.370000e+01  108.000  1.516840e-02
-1.370000e+01  132.000  1.022722e-02
-1.370000e+01  162.000  6.148232e-03
-1.370000e+01  199.000  2.218941e-03
-1.370000e+01  244.000  6.082518e-04
-1.370000e+01  300.000  4.061330e-04
-1.400000e+01  5.000  3.838739e-08
-1.400000e+01  6.000  1.523586e-06
-1.400000e+01  8.000  4.774674e-05
-1.400000e+01  9.000  5.170021e-04
-1.400000e+01  11.000  3.265059e-03
-1.400000e+01  14.000  1.027231e-02
-1.400000e+01  17.000  4.312754e-02
-1.400000e+01  21.000  6.411345e-02
-1.400000e+01  26.000  8.604326e-02
-1.400000e+01  32.000  2.035062e-01
-1.400000e+01  39.000  2.483791e-01
-1.400000e+01  48.000  1.364792e-01
-1.400000e+01  58.000  2.259731e-01
-1.400000e+01  88.000  5.007496e-02
-1.400000e+01  108.000  4.399773e-02
-1.400000e+01  132.000  2.906427e-02
-1.400000e+01  162.000  1.239952e-02
-1.400000e+01  199.000  3.010797e-03
-1.400000e+01  244.000  1.327036e-03
-1.400000e+01  300.000  1.282850e-03
-1.430000e+01  5.000  5.617676e-06
-1.430000e+01  6.000  1.167769e-04
-1.430000e+01  8.000  1.158444e-03
-1.430000e+01  9.000  7.678982e-03
-1.430000e+01  11.000  2.047791e-02
-1.430000e+01  14.000  5.575945e-02
-1.430000e+01  17.000  1.486034e-01
-1.430000e+01  21.000  1.976869e-01
-1.430000e+01  26.000  4.914800e-01
-1.430000e+01  32.000  2.810547e-01
-1.430000e+01  39.000  4.845450e-01
-1.430000e+01  48.000  9.052467e-01
-1.430000e+01  58.000  4.178600e-01
-1.430000e+01  88.000  1.438487e-01
-1.430000e+01  108.000  1.016589e-01
-1.430000e+01  132.000  4.905338e-02
-1.430000e+01  162.000  1.509020e-02
-1.430000e+01  199.000  6.937549e-03
-1.430000e+01  244.000  5.125411e-03
-1.430000e+01  300.000  1.829180e-03
-1.470000e+01  5.000  2.296956e-04
-1.470000e+01  6.000  2.464899e-03
-1.470000e+01  8.000  1.018807e-02
-1.470000e+01  9.000  4.030165e-02
-1.470000e+01  11.000  1.055059e-01
-1.470000e+01  14.000  3.108649e-01
-1.470000e+01  17.000  3.715264e-01
-1.470000e+01  21.000  2.998035e-01
-1.470000e+01  26.000  7.046461e-01
-1.470000e+01  32.000  7.972822e-01
-1.470000e+01  39.000  8.661585e-01
-1.470000e+01  48.000  4.408194e-01
-1.470000e+01  58.000  3.924889e-01
-1.470000e+01  88.000  2.219035e-01
-1.470000e+01  108.000  1.256300e-01
-1.470000e+01  132.000  5.224728e-02
-1.470000e+01  162.000  1.717815e-02
-1.470000e+01  199.000  1.092829e-02
-1.470000e+01  244.000  7.505488e-03
-1.470000e+01  300.000  7.428153e-04
-1.500000e+01  5.000  4.168539e-03
-1.500000e+01  6.000  2.182778e-02
-1.500000e+01  8.000  8.208911e-02
-1.500000e+01  9.000  2.135875e-01
-1.500000e+01  11.000  5.076345e-01
-1.500000e+01  14.000  7.745785e-01
-1.500000e+01  17.000  1.118868e+00
-1.500000e+01  21.000  1.294014e+00
-1.500000e+01  26.000  1.115784e+00
-1.500000e+01  32.000  1.058582e+00
-1.500000e+01  39.000  1.303990e+00
-1.500000e+01  48.000  1.419638e+00
-1.500000e+01  58.000  6.794782e-01
-1.500000e+01  88.000  3.173899e-01
-1.500000e+01  108.000  1.683172e-01
-1.500000e+01  132.000  7.138692e-02
-1.500000e+01  162.000  3.855860e-02
-1.500000e+01  199.000  2.595426e-02
-1.500000e+01  244.000  5.275114e-03
-1.500000e+01  300.000  1.956788e-04
-1.530000e+01  5.000  3.886012e-02
-1.530000e+01  6.000  1.477908e-01
-1.530000e+01  8.000  2.953518e-01
-1.530000e+01  9.000  7.615565e-01
-1.530000e+01  11.000  1.245765e+00
-1.530000e+01  14.000  1.655060e+00
-1.530000e+01  17.000  1.855671e+00
-1.530000e+01  21.000  2.285376e+00
-1.530000e+01  26.000  2.618180e+00
-1.530000e+01  32.000  2.714741e+00
-1.530000e+01  39.000  2.616602e+00
-1.530000e+01  48.000  1.441517e+00
-1.530000e+01  58.000  1.284041e+00
-1.530000e+01  88.000  4.220553e-01
-1.530000e+01  108.000  1.876021e-01
-1.530000e+01  132.000  9.706967e-02
-1.530000e+01  162.000  7.064441e-02
-1.530000e+01  199.000  2.196314e-02
-1.530000e+01  244.000  1.708061e-03
-1.530000e+01  300.000  4.598030e-05
-1.570000e+01  5.000  1.633223e-01
-1.570000e+01  6.000  3.675592e-01
-1.570000e+01  8.000  6.315157e-01
-1.570000e+01  9.000  1.193089e+00
-1.570000e+01  11.000  1.444922e+00
-1.570000e+01  14.000  1.157561e+00
-1.570000e+01  17.000  1.920595e+00
-1.570000e+01  21.000  2.569838e+00
-1.570000e+01  26.000  2.570681e+00
-1.570000e+01  32.000  2.150583e+00
-1.570000e+01  39.000  2.233389e+00
-1.570000e+01  48.000  1.680912e+00
-1.570000e+01  58.000  1.211710e+00
-1.570000e+01  88.000  3.190634e-01
-1.570000e+01  108.000  1.889880e-01
-1.570000e+01  132.000  1.166779e-01
-1.570000e+01  162.000  4.814471e-02
-1.570000e+01  199.000  6.224528e-03
-1.570000e+01  244.000  2.998662e-04
-1.570000e+01  3.000000e+02  0.0
-1.600000e+01  5.000  4.467200e-01
-1.600000e+01  6.000  9.166235e-01
-1.600000e+01  8.000  1.134498e+00
-1.600000e+01  9.000  1.679450e+00
-1.600000e+01  11.000  1.557312e+00
-1.600000e+01  14.000  2.501077e+00
-1.600000e+01  17.000  2.728049e+00
-1.600000e+01  21.000  3.568738e+00
-1.600000e+01  26.000  3.328004e+00
-1.600000e+01  32.000  2.683251e+00
-1.600000e+01  39.000  2.488776e+00
-1.600000e+01  48.000  1.610579e+00
-1.600000e+01  58.000  1.141656e+00
-1.600000e+01  88.000  3.921254e-01
-1.600000e+01  108.000  2.205781e-01
-1.600000e+01  132.000  1.047781e-01
-1.600000e+01  162.000  1.844583e-02
-1.600000e+01  1.990000e+02  0.0
-1.600000e+01  2.440000e+02  0.0
-1.600000e+01  3.000000e+02  0.0
-1.630000e+01  5.000  1.264965e+00
-1.630000e+01  6.000  1.581862e+00
-1.630000e+01  8.000  1.701628e+00
-1.630000e+01  9.000  1.840533e+00
-1.630000e+01  11.000  2.898087e+00
-1.630000e+01  14.000  3.351994e+00
-1.630000e+01  17.000  4.300940e+00
-1.630000e+01  21.000  3.370130e+00
-1.630000e+01  26.000  3.116136e+00
-1.630000e+01  32.000  2.658802e+00
-1.630000e+01  39.000  2.178367e+00
-1.630000e+01  48.000  1.537635e+00
-1.630000e+01  58.000  1.032319e+00
-1.630000e+01  88.000  3.713972e-01
-1.630000e+01  108.000  1.681270e-01
-1.630000e+01  132.000  3.636749e-02
-1.630000e+01  1.620000e+02  0.0
-1.630000e+01  1.990000e+02  0.0
-1.630000e+01  2.440000e+02  0.0
-1.630000e+01  3.000000e+02  0.0
-1.670000e+01  5.000  1.496884e+00
-1.670000e+01  6.000  2.071422e+00
-1.670000e+01  8.000  1.528097e+00
-1.670000e+01  9.000  2.812044e+00
-1.670000e+01  11.000  2.890023e+00
-1.670000e+01  14.000  3.820562e+00
-1.670000e+01  17.000  3.653771e+00
-1.670000e+01  21.000  2.927607e+00
-1.670000e+01  26.000  2.475866e+00
-1.670000e+01  32.000  1.763992e+00
-1.670000e+01  39.000  1.471638e+00
-1.670000e+01  48.000  1.025191e+00
-1.670000e+01  58.000  6.856387e-01
-1.670000e+01  88.000  1.823730e-01
-1.670000e+01  108.000  4.292958e-02
-1.670000e+01  1.320000e+02  0.0
-1.670000e+01  1.620000e+02  0.0
-1.670000e+01  1.990000e+02  0.0
-1.670000e+01  2.440000e+02  0.0
-1.670000e+01  3.000000e+02  0.0
-1.700000e+01  5.000  2.528467e+00
-1.700000e+01  6.000  2.346245e+00
-1.700000e+01  8.000  2.982863e+00
-1.700000e+01  9.000  5.041488e+00
-1.700000e+01  11.000  4.694433e+00
-1.700000e+01  14.000  3.545558e+00
-1.700000e+01  17.000  3.580413e+00
-1.700000e+01  21.000  2.690783e+00
-1.700000e+01  26.000  2.038240e+00
-1.700000e+01  32.000  1.519681e+00
-1.700000e+01  39.000  1.227287e+00
-1.700000e+01  48.000  7.824789e-01
-1.700000e+01  58.000  5.210219e-01
-1.700000e+01  88.000  5.656434e-02
-1.700000e+01  1.080000e+02  0.0
-1.700000e+01  1.320000e+02  0.0
-1.700000e+01  1.620000e+02  0.0
-1.700000e+01  1.990000e+02  0.0
-1.700000e+01  2.440000e+02  0.0
-1.700000e+01  3.000000e+02  0.0
-1.730000e+01  5.000  2.676962e+00
-1.730000e+01  6.000  5.537619e+00
-1.730000e+01  8.000  4.359038e+00
-1.730000e+01  9.000  5.828964e+00
-1.730000e+01  11.000  4.833350e+00
-1.730000e+01  14.000  4.116625e+00
-1.730000e+01  17.000  3.284457e+00
-1.730000e+01  21.000  2.180161e+00
-1.730000e+01  26.000  1.508970e+00
-1.730000e+01  32.000  1.283172e+00
-1.730000e+01  39.000  9.633505e-01
-1.730000e+01  48.000  5.902745e-01
-1.730000e+01  58.000  2.546415e-01
-1.730000e+01  8.800000e+01  0.0
-1.730000e+01  1.080000e+02  0.0
-1.730000e+01  1.320000e+02  0.0
-1.730000e+01  1.620000e+02  0.0
-1.730000e+01  1.990000e+02  0.0
-1.730000e+01  2.440000e+02  0.0
-1.730000e+01  3.000000e+02  0.0
-1.770000e+01  5.000  4.601994e+00
-1.770000e+01  6.000  6.119423e+00
-1.770000e+01  8.000  4.745878e+00
-1.770000e+01  9.000  5.255101e+00
-1.770000e+01  11.000  4.098320e+00
-1.770000e+01  14.000  2.853773e+00
-1.770000e+01  17.000  2.133302e+00
-1.770000e+01  21.000  1.357986e+00
-1.770000e+01  26.000  1.026192e+00
-1.770000e+01  32.000  8.358246e-01
-1.770000e+01  39.000  5.598797e-01
-1.770000e+01  48.000  2.092357e-01
-1.770000e+01  5.800000e+01  0.0
-1.770000e+01  8.800000e+01  0.0
-1.770000e+01  1.080000e+02  0.0
-1.770000e+01  1.320000e+02  0.0
-1.770000e+01  1.620000e+02  0.0
-1.770000e+01  1.990000e+02  0.0
-1.770000e+01  2.440000e+02  0.0
-1.770000e+01  3.000000e+02  0.0
-1.800000e+01  5.000  5.696939e+00
-1.800000e+01  6.000  6.792754e+00
-1.800000e+01  8.000  4.424182e+00
-1.800000e+01  9.000  5.204139e+00
-1.800000e+01  11.000  3.827054e+00
-1.800000e+01  14.000  2.311266e+00
-1.800000e+01  17.000  1.765751e+00
-1.800000e+01  21.000  1.187281e+00
-1.800000e+01  26.000  9.418152e-01
-1.800000e+01  32.000  5.432151e-01
-1.800000e+01  39.000  2.279889e-01
-1.800000e+01  4.800000e+01  0.0
-1.800000e+01  5.800000e+01  0.0
-1.800000e+01  8.800000e+01  0.0
-1.800000e+01  1.080000e+02  0.0
-1.800000e+01  1.320000e+02  0.0
-1.800000e+01  1.620000e+02  0.0
-1.800000e+01  1.990000e+02  0.0
-1.800000e+01  2.440000e+02  0.0
-1.800000e+01  3.000000e+02  0.0
-1.830000e+01  5.000  6.004074e+00
-1.830000e+01  6.000  6.085056e+00
-1.830000e+01  8.000  4.218235e+00
-1.830000e+01  9.000  4.412270e+00
-1.830000e+01  11.000  3.122853e+00
-1.830000e+01  14.000  2.129866e+00
-1.830000e+01  17.000  1.423873e+00
-1.830000e+01  21.000  1.084489e+00
-1.830000e+01  26.000  5.942466e-01
-1.830000e+01  32.000  2.191244e-01
-1.830000e+01  3.900000e+01  0.0
-1.830000e+01  4.800000e+01  0.0
-1.830000e+01  5.800000e+01  0.0
-1.830000e+01  8.800000e+01  0.0
-1.830000e+01  1.080000e+02  0.0
-1.830000e+01  1.320000e+02  0.0
-1.830000e+01  1.620000e+02  0.0
-1.830000e+01  1.990000e+02  0.0
-1.830000e+01  2.440000e+02  0.0
-1.830000e+01  3.000000e+02  0.0
-1.870000e+01  5.000  5.155395e+00
-1.870000e+01  6.000  4.758325e+00
-1.870000e+01  8.000  2.731561e+00
-1.870000e+01  9.000  2.754339e+00
-1.870000e+01  11.000  2.254699e+00
-1.870000e+01  14.000  1.342049e+00
-1.870000e+01  17.000  9.995976e-01
-1.870000e+01  21.000  5.763247e-01
-1.870000e+01  26.000  1.895184e-01
-1.870000e+01  32.000  4.811621e-02
-1.870000e+01  3.900000e+01  0.0
-1.870000e+01  4.800000e+01  0.0
-1.870000e+01  5.800000e+01  0.0
-1.870000e+01  8.800000e+01  0.0
-1.870000e+01  1.080000e+02  0.0
-1.870000e+01  1.320000e+02  0.0
-1.870000e+01  1.620000e+02  0.0
-1.870000e+01  1.990000e+02  0.0
-1.870000e+01  2.440000e+02  0.0
-1.870000e+01  3.000000e+02  0.0
-1.900000e+01  5.000  4.924710e+00
-1.900000e+01  6.000  4.106583e+00
-1.900000e+01  8.000  2.158046e+00
-1.900000e+01  9.000  2.217843e+00
-1.900000e+01  11.000  1.847129e+00
-1.900000e+01  14.000  1.106512e+00
-1.900000e+01  17.000  6.631020e-01
-1.900000e+01  21.000  2.156045e-01
-1.900000e+01  26.000  5.246364e-02
-1.900000e+01  3.200000e+01  0.0
-1.900000e+01  3.900000e+01  0.0
-1.900000e+01  4.800000e+01  0.0
-1.900000e+01  5.800000e+01  0.0
-1.900000e+01  8.800000e+01  0.0
-1.900000e+01  1.080000e+02  0.0
-1.900000e+01  1.320000e+02  0.0
-1.900000e+01  1.620000e+02  0.0
-1.900000e+01  1.990000e+02  0.0
-1.900000e+01  2.440000e+02  0.0
-1.900000e+01  3.000000e+02  0.0
-1.930000e+01  5.000  4.250668e+00
-1.930000e+01  6.000  3.275767e+00
-1.930000e+01  8.000  1.724476e+00
-1.930000e+01  9.000  1.814138e+00
-1.930000e+01  11.000  1.382128e+00
-1.930000e+01  14.000  6.850738e-01
-1.930000e+01  17.000  2.352587e-01
-1.930000e+01  21.000  6.152917e-02
-1.930000e+01  2.600000e+01  0.0
-1.930000e+01  3.200000e+01  0.0
-1.930000e+01  3.900000e+01  0.0
-1.930000e+01  4.800000e+01  0.0
-1.930000e+01  5.800000e+01  0.0
-1.930000e+01  8.800000e+01  0.0
-1.930000e+01  1.080000e+02  0.0
-1.930000e+01  1.320000e+02  0.0
-1.930000e+01  1.620000e+02  0.0
-1.930000e+01  1.990000e+02  0.0
-1.930000e+01  2.440000e+02  0.0
-1.930000e+01  3.000000e+02  0.0
-1.970000e+01  5.000  2.656369e+00
-1.970000e+01  6.000  2.017286e+00
-1.970000e+01  8.000  1.070768e+00
-1.970000e+01  9.000  1.277209e+00
-1.970000e+01  11.000  7.256265e-01
-1.970000e+01  14.000  2.141317e-01
-1.970000e+01  17.000  5.588195e-02
-1.970000e+01  2.100000e+01  0.0
-1.970000e+01  2.600000e+01  0.0
-1.970000e+01  3.200000e+01  0.0
-1.970000e+01  3.900000e+01  0.0
-1.970000e+01  4.800000e+01  0.0
-1.970000e+01  5.800000e+01  0.0
-1.970000e+01  8.800000e+01  0.0
-1.970000e+01  1.080000e+02  0.0
-1.970000e+01  1.320000e+02  0.0
-1.970000e+01  1.620000e+02  0.0
-1.970000e+01  1.990000e+02  0.0
-1.970000e+01  2.440000e+02  0.0
-1.970000e+01  3.000000e+02  0.0
-2.000000e+01  5.000  2.226643e+00
-2.000000e+01  6.000  1.756814e+00
-2.000000e+01  8.000  1.002389e+00
-2.000000e+01  9.000  7.901251e-01
-2.000000e+01  11.000  2.682476e-01
-2.000000e+01  14.000  6.224660e-02
-2.000000e+01  1.700000e+01  0.0
-2.000000e+01  2.100000e+01  0.0
-2.000000e+01  2.600000e+01  0.0
-2.000000e+01  3.200000e+01  0.0
-2.000000e+01  3.900000e+01  0.0
-2.000000e+01  4.800000e+01  0.0
-2.000000e+01  5.800000e+01  0.0
-2.000000e+01  8.800000e+01  0.0
-2.000000e+01  1.080000e+02  0.0
-2.000000e+01  1.320000e+02  0.0
-2.000000e+01  1.620000e+02  0.0
-2.000000e+01  1.990000e+02  0.0
-2.000000e+01  2.440000e+02  0.0
-2.000000e+01  3.000000e+02  0.0
-2.030000e+01  5.000  1.986346e+00
-2.030000e+01  6.000  1.551845e+00
-2.030000e+01  8.000  6.573172e-01
-2.030000e+01  9.000  3.199930e-01
-2.030000e+01  11.000  8.236260e-02
-2.030000e+01  1.400000e+01  0.0
-2.030000e+01  1.700000e+01  0.0
-2.030000e+01  2.100000e+01  0.0
-2.030000e+01  2.600000e+01  0.0
-2.030000e+01  3.200000e+01  0.0
-2.030000e+01  3.900000e+01  0.0
-2.030000e+01  4.800000e+01  0.0
-2.030000e+01  5.800000e+01  0.0
-2.030000e+01  8.800000e+01  0.0
-2.030000e+01  1.080000e+02  0.0
-2.030000e+01  1.320000e+02  0.0
-2.030000e+01  1.620000e+02  0.0
-2.030000e+01  1.990000e+02  0.0
-2.030000e+01  2.440000e+02  0.0
-2.030000e+01  3.000000e+02  0.0
-2.070000e+01  5.000  1.269064e+00
-2.070000e+01  6.000  8.101776e-01
-2.070000e+01  8.000  2.188728e-01
-2.070000e+01  9.000  7.509560e-02
-2.070000e+01  1.100000e+01  0.0
-2.070000e+01  1.400000e+01  0.0
-2.070000e+01  1.700000e+01  0.0
-2.070000e+01  2.100000e+01  0.0
-2.070000e+01  2.600000e+01  0.0
-2.070000e+01  3.200000e+01  0.0
-2.070000e+01  3.900000e+01  0.0
-2.070000e+01  4.800000e+01  0.0
-2.070000e+01  5.800000e+01  0.0
-2.070000e+01  8.800000e+01  0.0
-2.070000e+01  1.080000e+02  0.0
-2.070000e+01  1.320000e+02  0.0
-2.070000e+01  1.620000e+02  0.0
-2.070000e+01  1.990000e+02  0.0
-2.070000e+01  2.440000e+02  0.0
-2.070000e+01  3.000000e+02  0.0
-2.100000e+01  5.000  8.265893e-01
-2.100000e+01  6.000  3.374353e-01
-2.100000e+01  8.000  6.228774e-02
-2.100000e+01  9.000000e+00  0.0
-2.100000e+01  1.100000e+01  0.0
-2.100000e+01  1.400000e+01  0.0
-2.100000e+01  1.700000e+01  0.0
-2.100000e+01  2.100000e+01  0.0
-2.100000e+01  2.600000e+01  0.0
-2.100000e+01  3.200000e+01  0.0
-2.100000e+01  3.900000e+01  0.0
-2.100000e+01  4.800000e+01  0.0
-2.100000e+01  5.800000e+01  0.0
-2.100000e+01  8.800000e+01  0.0
-2.100000e+01  1.080000e+02  0.0
-2.100000e+01  1.320000e+02  0.0
-2.100000e+01  1.620000e+02  0.0
-2.100000e+01  1.990000e+02  0.0
-2.100000e+01  2.440000e+02  0.0
-2.100000e+01  3.000000e+02  0.0
-2.130000e+01  5.000  3.712204e-01
-2.130000e+01  6.000  1.011156e-01
-2.130000e+01  8.000000e+00  0.0
-2.130000e+01  9.000000e+00  0.0
-2.130000e+01  1.100000e+01  0.0
-2.130000e+01  1.400000e+01  0.0
-2.130000e+01  1.700000e+01  0.0
-2.130000e+01  2.100000e+01  0.0
-2.130000e+01  2.600000e+01  0.0
-2.130000e+01  3.200000e+01  0.0
-2.130000e+01  3.900000e+01  0.0
-2.130000e+01  4.800000e+01  0.0
-2.130000e+01  5.800000e+01  0.0
-2.130000e+01  8.800000e+01  0.0
-2.130000e+01  1.080000e+02  0.0
-2.130000e+01  1.320000e+02  0.0
-2.130000e+01  1.620000e+02  0.0
-2.130000e+01  1.990000e+02  0.0
-2.130000e+01  2.440000e+02  0.0
-2.130000e+01  3.000000e+02  0.0
-2.170000e+01  5.000  8.601161e-02
-2.170000e+01  6.000000e+00  0.0
-2.170000e+01  8.000000e+00  0.0
-2.170000e+01  9.000000e+00  0.0
-2.170000e+01  1.100000e+01  0.0
-2.170000e+01  1.400000e+01  0.0
-2.170000e+01  1.700000e+01  0.0
-2.170000e+01  2.100000e+01  0.0
-2.170000e+01  2.600000e+01  0.0
-2.170000e+01  3.200000e+01  0.0
-2.170000e+01  3.900000e+01  0.0
-2.170000e+01  4.800000e+01  0.0
-2.170000e+01  5.800000e+01  0.0
-2.170000e+01  8.800000e+01  0.0
-2.170000e+01  1.080000e+02  0.0
-2.170000e+01  1.320000e+02  0.0
-2.170000e+01  1.620000e+02  0.0
-2.170000e+01  1.990000e+02  0.0
-2.170000e+01  2.440000e+02  0.0
-2.170000e+01  3.000000e+02  0.0
-2.200000e+01  5.000000e+00  0.0
-2.200000e+01  6.000000e+00  0.0
-2.200000e+01  8.000000e+00  0.0
-2.200000e+01  9.000000e+00  0.0
-2.200000e+01  1.100000e+01  0.0
-2.200000e+01  1.400000e+01  0.0
-2.200000e+01  1.700000e+01  0.0
-2.200000e+01  2.100000e+01  0.0
-2.200000e+01  2.600000e+01  0.0
-2.200000e+01  3.200000e+01  0.0
-2.200000e+01  3.900000e+01  0.0
-2.200000e+01  4.800000e+01  0.0
-2.200000e+01  5.800000e+01  0.0
-2.200000e+01  8.800000e+01  0.0
-2.200000e+01  1.080000e+02  0.0
-2.200000e+01  1.320000e+02  0.0
-2.200000e+01  1.620000e+02  0.0
-2.200000e+01  1.990000e+02  0.0
-2.200000e+01  2.440000e+02  0.0
-2.200000e+01  3.000000e+02  0.0
