# log10(y)    mass[MeV]    Nhits
-1.330000e+01  5.000  4.451877e-03
-1.330000e+01  6.000  2.947133e-02
-1.330000e+01  8.000  2.078451e-01
-1.330000e+01  9.000  2.761635e-01
-1.330000e+01  11.000  6.464359e-01
-1.330000e+01  14.000  1.163403e+00
-1.330000e+01  17.000  1.100234e+00
-1.330000e+01  21.000  1.348743e+00
-1.330000e+01  26.000  1.084771e+00
-1.330000e+01  32.000  8.540776e-01
-1.330000e+01  39.000  3.909117e-01
-1.330000e+01  48.000  5.159461e-01
-1.330000e+01  58.000  2.273328e-01
-1.330000e+01  88.000  1.736517e-01
-1.330000e+01  108.000  4.183284e-02
-1.330000e+01  132.000  2.487568e-02
-1.330000e+01  162.000  1.717248e-02
-1.330000e+01  199.000  5.881622e-03
-1.330000e+01  244.000  1.019866e-03
-1.330000e+01  300.000  3.469248e-04
-1.370000e+01  5.000  4.575384e-02
-1.370000e+01  6.000  2.571506e-01
-1.370000e+01  8.000  7.188399e-01
-1.370000e+01  9.000  1.165064e+00
-1.370000e+01  11.000  1.821082e+00
-1.370000e+01  14.000  2.597055e+00
-1.370000e+01  17.000  2.582476e+00
-1.370000e+01  21.000  2.452429e+00
-1.370000e+01  26.000  1.721645e+00
-1.370000e+01  32.000  7.786222e-01
-1.370000e+01  39.000  1.994477e+00
-1.370000e+01  48.000  7.305438e-01
-1.370000e+01  58.000  6.254792e-01
-1.370000e+01  88.000  1.909515e-01
-1.370000e+01  108.000  8.176145e-02
-1.370000e+01  132.000  4.517045e-02
-1.370000e+01  162.000  2.330238e-02
-1.370000e+01  199.000  7.205493e-03
-1.370000e+01  244.000  1.755015e-03
-1.370000e+01  300.000  1.056991e-03
-1.400000e+01  5.000  4.676827e-01
-1.400000e+01  6.000  1.007010e+00
-1.400000e+01  8.000  2.248756e+00
-1.400000e+01  9.000  4.177660e+00
-1.400000e+01  11.000  5.464767e+00
-1.400000e+01  14.000  4.649781e+00
-1.400000e+01  17.000  7.603030e+00
-1.400000e+01  21.000  5.229093e+00
-1.400000e+01  26.000  3.765799e+00
-1.400000e+01  32.000  5.409246e+00
-1.400000e+01  39.000  4.016593e+00
-1.400000e+01  48.000  1.474748e+00
-1.400000e+01  58.000  1.693446e+00
-1.400000e+01  88.000  2.667319e-01
-1.400000e+01  108.000  1.962926e-01
-1.400000e+01  132.000  1.086165e-01
-1.400000e+01  162.000  4.059214e-02
-1.400000e+01  199.000  8.770641e-03
-1.400000e+01  244.000  3.491633e-03
-1.400000e+01  300.000  3.095100e-03
-1.430000e+01  5.000  3.271096e+00
-1.430000e+01  6.000  6.417808e+00
-1.430000e+01  8.000  8.701250e+00
-1.430000e+01  9.000  1.456723e+01
-1.430000e+01  11.000  1.155264e+01
-1.430000e+01  14.000  1.122522e+01
-1.430000e+01  17.000  1.387642e+01
-1.430000e+01  21.000  9.723740e+00
-1.430000e+01  26.000  1.409219e+01
-1.430000e+01  32.000  5.482331e+00
-1.430000e+01  39.000  5.036185e+00
-1.430000e+01  48.000  6.647715e+00
-1.430000e+01  58.000  2.334055e+00
-1.430000e+01  88.000  6.230248e-01
-1.430000e+01  108.000  3.773376e-01
-1.430000e+01  132.000  1.595052e-01
-1.430000e+01  162.000  4.376022e-02
-1.430000e+01  199.000  1.820850e-02
-1.430000e+01  244.000  1.219735e-02
-1.430000e+01  300.000  4.071003e-03
-1.470000e+01  5.000  1.232759e+01
-1.470000e+01  6.000  2.157491e+01
-1.470000e+01  8.000  1.833187e+01
-1.470000e+01  9.000  2.483588e+01
-1.470000e+01  11.000  2.457382e+01
-1.470000e+01  14.000  3.188663e+01
-1.470000e+01  17.000  1.997092e+01
-1.470000e+01  21.000  9.315838e+00
-1.470000e+01  26.000  1.501677e+01
-1.470000e+01  32.000  1.270493e+01
-1.470000e+01  39.000  6.475783e+00
-1.470000e+01  48.000  2.460895e+00
-1.470000e+01  58.000  1.712097e+00
-1.470000e+01  88.000  8.084992e-01
-1.470000e+01  108.000  3.998587e-01
-1.470000e+01  132.000  1.484415e-01
-1.470000e+01  162.000  4.428299e-02
-1.470000e+01  199.000  2.557728e-02
-1.470000e+01  244.000  1.667717e-02
-1.470000e+01  300.000  1.632130e-03
-1.500000e+01  5.000  3.459548e+01
-1.500000e+01  6.000  4.541713e+01
-1.500000e+01  8.000  4.943024e+01
-1.500000e+01  9.000  5.323504e+01
-1.500000e+01  11.000  5.759371e+01
-1.500000e+01  14.000  4.457164e+01
-1.500000e+01  17.000  3.695880e+01
-1.500000e+01  21.000  3.037657e+01
-1.500000e+01  26.000  1.794053e+01
-1.500000e+01  32.000  1.042149e+01
-1.500000e+01  39.000  7.282362e+00
-1.500000e+01  48.000  6.077986e+00
-1.500000e+01  58.000  2.407456e+00
-1.500000e+01  88.000  9.762652e-01
-1.500000e+01  108.000  4.613149e-01
-1.500000e+01  132.000  1.777178e-01
-1.500000e+01  162.000  8.721501e-02
-1.500000e+01  199.000  5.686806e-02
-1.500000e+01  244.000  1.153393e-02
-1.500000e+01  300.000  4.193242e-04
-1.530000e+01  5.000  7.624316e+01
-1.530000e+01  6.000  9.740775e+01
-1.530000e+01  8.000  7.222331e+01
-1.530000e+01  9.000  9.036062e+01
-1.530000e+01  11.000  7.725440e+01
-1.530000e+01  14.000  5.723889e+01
-1.530000e+01  17.000  4.726767e+01
-1.530000e+01  21.000  3.660749e+01
-1.530000e+01  26.000  2.644669e+01
-1.530000e+01  32.000  1.884688e+01
-1.530000e+01  39.000  1.098609e+01
-1.530000e+01  48.000  4.932807e+00
-1.530000e+01  58.000  3.710817e+00
-1.530000e+01  88.000  1.100143e+00
-1.530000e+01  108.000  4.438140e-01
-1.530000e+01  132.000  2.082675e-01
-1.530000e+01  162.000  1.503962e-01
-1.530000e+01  199.000  4.713885e-02
-1.530000e+01  244.000  3.620124e-03
-1.530000e+01  300.000  9.418477e-05
-1.570000e+01  5.000  1.037662e+02
-1.570000e+01  6.000  9.509789e+01
-1.570000e+01  8.000  7.436513e+01
-1.570000e+01  9.000  7.538243e+01
-1.570000e+01  11.000  5.259968e+01
-1.570000e+01  14.000  3.141796e+01
-1.570000e+01  17.000  3.155534e+01
-1.570000e+01  21.000  2.638949e+01
-1.570000e+01  26.000  1.875260e+01
-1.570000e+01  32.000  1.142220e+01
-1.570000e+01  39.000  7.364906e+00
-1.570000e+01  48.000  4.620287e+00
-1.570000e+01  58.000  2.867998e+00
-1.570000e+01  88.000  7.064926e-01
-1.570000e+01  108.000  3.872206e-01
-1.570000e+01  132.000  2.377059e-01
-1.570000e+01  162.000  1.000373e-01
-1.570000e+01  199.000  1.284345e-02
-1.570000e+01  244.000  6.005570e-04
-1.570000e+01  3.000000e+02  0.0
-1.600000e+01  5.000  1.139124e+02
-1.600000e+01  6.000  1.114711e+02
-1.600000e+01  8.000  7.173817e+01
-1.600000e+01  9.000  6.270235e+01
-1.600000e+01  11.000  4.470681e+01
-1.600000e+01  14.000  4.110697e+01
-1.600000e+01  17.000  2.800862e+01
-1.600000e+01  21.000  2.595078e+01
-1.600000e+01  26.000  1.747382e+01
-1.600000e+01  32.000  1.099913e+01
-1.600000e+01  39.000  6.486743e+00
-1.600000e+01  48.000  3.572307e+00
-1.600000e+01  58.000  2.220771e+00
-1.600000e+01  88.000  7.393592e-01
-1.600000e+01  108.000  4.244351e-01
-1.600000e+01  132.000  2.060223e-01
-1.600000e+01  162.000  3.633984e-02
-1.600000e+01  1.990000e+02  0.0
-1.600000e+01  2.440000e+02  0.0
-1.600000e+01  3.000000e+02  0.0
-1.630000e+01  5.000  1.518257e+02
-1.630000e+01  6.000  1.009053e+02
-1.630000e+01  8.000  6.366128e+01
-1.630000e+01  9.000  5.451062e+01
-1.630000e+01  11.000  4.708582e+01
-1.630000e+01  14.000  3.372172e+01
-1.630000e+01  17.000  3.072618e+01
-1.630000e+01  21.000  1.732379e+01
-1.630000e+01  26.000  1.241323e+01
-1.630000e+01  32.000  8.427118e+00
-1.630000e+01  39.000  4.516197e+00
-1.630000e+01  48.000  2.766713e+00
-1.630000e+01  58.000  1.656098e+00
-1.630000e+01  88.000  6.665119e-01
-1.630000e+01  108.000  3.098810e-01
-1.630000e+01  132.000  6.722524e-02
-1.630000e+01  1.620000e+02  0.0
-1.630000e+01  1.990000e+02  0.0
-1.630000e+01  2.440000e+02  0.0
-1.630000e+01  3.000000e+02  0.0
-1.670000e+01  5.000  9.437337e+01
-1.670000e+01  6.000  7.832427e+01
-1.670000e+01  8.000  4.504290e+01
-1.670000e+01  9.000  4.401730e+01
-1.670000e+01  11.000  2.981008e+01
-1.670000e+01  14.000  2.784416e+01
-1.670000e+01  17.000  1.912400e+01
-1.670000e+01  21.000  1.180896e+01
-1.670000e+01  26.000  7.518774e+00
-1.670000e+01  32.000  4.360017e+00
-1.670000e+01  39.000  2.537353e+00
-1.670000e+01  48.000  1.545255e+00
-1.670000e+01  58.000  1.051105e+00
-1.670000e+01  88.000  3.090096e-01
-1.670000e+01  108.000  7.268857e-02
-1.670000e+01  1.320000e+02  0.0
-1.670000e+01  1.620000e+02  0.0
-1.670000e+01  1.990000e+02  0.0
-1.670000e+01  2.440000e+02  0.0
-1.670000e+01  3.000000e+02  0.0
-1.700000e+01  5.000  9.646695e+01
-1.700000e+01  6.000  7.072551e+01
-1.700000e+01  8.000  4.703360e+01
-1.700000e+01  9.000  4.965011e+01
-1.700000e+01  11.000  3.286726e+01
-1.700000e+01  14.000  1.875008e+01
-1.700000e+01  17.000  1.385216e+01
-1.700000e+01  21.000  8.167816e+00
-1.700000e+01  26.000  4.980777e+00
-1.700000e+01  32.000  2.956763e+00
-1.700000e+01  39.000  1.756707e+00
-1.700000e+01  48.000  1.120339e+00
-1.700000e+01  58.000  7.355203e-01
-1.700000e+01  88.000  8.579407e-02
-1.700000e+01  1.080000e+02  0.0
-1.700000e+01  1.320000e+02  0.0
-1.700000e+01  1.620000e+02  0.0
-1.700000e+01  1.990000e+02  0.0
-1.700000e+01  2.440000e+02  0.0
-1.700000e+01  3.000000e+02  0.0
-1.730000e+01  5.000  8.008510e+01
-1.730000e+01  6.000  8.289824e+01
-1.730000e+01  8.000  4.305661e+01
-1.730000e+01  9.000  4.096207e+01
-1.730000e+01  11.000  2.437855e+01
-1.730000e+01  14.000  1.596450e+01
-1.730000e+01  17.000  9.494033e+00
-1.730000e+01  21.000  5.052720e+00
-1.730000e+01  26.000  2.874772e+00
-1.730000e+01  32.000  2.063300e+00
-1.730000e+01  39.000  1.292668e+00
-1.730000e+01  48.000  7.639975e-01
-1.730000e+01  58.000  3.107926e-01
-1.730000e+01  8.800000e+01  0.0
-1.730000e+01  1.080000e+02  0.0
-1.730000e+01  1.320000e+02  0.0
-1.730000e+01  1.620000e+02  0.0
-1.730000e+01  1.990000e+02  0.0
-1.730000e+01  2.440000e+02  0.0
-1.730000e+01  3.000000e+02  0.0
-1.770000e+01  5.000  6.895757e+01
-1.770000e+01  6.000  6.057043e+01
-1.770000e+01  8.000  3.337458e+01
-1.770000e+01  9.000  2.651013e+01
-1.770000e+01  11.000  1.588306e+01
-1.770000e+01  14.000  8.220158e+00
-1.770000e+01  17.000  4.902280e+00
-1.770000e+01  21.000  2.545834e+00
-1.770000e+01  26.000  1.547429e+00
-1.770000e+01  32.000  1.143164e+00
-1.770000e+01  39.000  6.721004e-01
-1.770000e+01  48.000  2.300472e-01
-1.770000e+01  5.800000e+01  0.0
-1.770000e+01  8.800000e+01  0.0
-1.770000e+01  1.080000e+02  0.0
-1.770000e+01  1.320000e+02  0.0
-1.770000e+01  1.620000e+02  0.0
-1.770000e+01  1.990000e+02  0.0
-1.770000e+01  2.440000e+02  0.0
-1.770000e+01  3.000000e+02  0.0
-1.800000e+01  5.000  5.635398e+01
-1.800000e+01  6.000  4.774477e+01
-1.800000e+01  8.000  2.230118e+01
-1.800000e+01  9.000  1.910320e+01
-1.800000e+01  11.000  1.096799e+01
-1.800000e+01  14.000  5.275426e+00
-1.800000e+01  17.000  3.138740e+00
-1.800000e+01  21.000  1.755335e+00
-1.800000e+01  26.000  1.250638e+00
-1.800000e+01  32.000  6.928580e-01
-1.800000e+01  39.000  2.272049e-01
-1.800000e+01  4.800000e+01  0.0
-1.800000e+01  5.800000e+01  0.0
-1.800000e+01  8.800000e+01  0.0
-1.800000e+01  1.080000e+02  0.0
-1.800000e+01  1.320000e+02  0.0
-1.800000e+01  1.620000e+02  0.0
-1.800000e+01  1.990000e+02  0.0
-1.800000e+01  2.440000e+02  0.0
-1.800000e+01  3.000000e+02  0.0
-1.830000e+01  5.000  4.212376e+01
-1.830000e+01  6.000  3.058322e+01
-1.830000e+01  8.000  1.545640e+01
-1.830000e+01  9.000  1.259200e+01
-1.830000e+01  11.000  7.076455e+00
-1.830000e+01  14.000  3.753040e+00
-1.830000e+01  17.000  2.076327e+00
-1.830000e+01  21.000  1.398580e+00
-1.830000e+01  26.000  7.272932e-01
-1.830000e+01  32.000  2.459825e-01
-1.830000e+01  3.900000e+01  0.0
-1.830000e+01  4.800000e+01  0.0
-1.830000e+01  5.800000e+01  0.0
-1.830000e+01  8.800000e+01  0.0
-1.830000e+01  1.080000e+02  0.0
-1.830000e+01  1.320000e+02  0.0
-1.830000e+01  1.620000e+02  0.0
-1.830000e+01  1.990000e+02  0.0
-1.830000e+01  2.440000e+02  0.0
-1.830000e+01  3.000000e+02  0.0
-1.870000e+01  5.000  2.586108e+01
-1.870000e+01  6.000  1.736284e+01
-1.870000e+01  8.000  7.777704e+00
-1.870000e+01  9.000  6.210286e+00
-1.870000e+01  11.000  3.940409e+00
-1.870000e+01  14.000  1.939182e+00
-1.870000e+01  17.000  1.270626e+00
-1.870000e+01  21.000  6.890068e-01
-1.870000e+01  26.000  2.049422e-01
-1.870000e+01  32.000  4.439308e-02
-1.870000e+01  3.900000e+01  0.0
-1.870000e+01  4.800000e+01  0.0
-1.870000e+01  5.800000e+01  0.0
-1.870000e+01  8.800000e+01  0.0
-1.870000e+01  1.080000e+02  0.0
-1.870000e+01  1.320000e+02  0.0
-1.870000e+01  1.620000e+02  0.0
-1.870000e+01  1.990000e+02  0.0
-1.870000e+01  2.440000e+02  0.0
-1.870000e+01  3.000000e+02  0.0
-1.900000e+01  5.000  1.793089e+01
-1.900000e+01  6.000  1.163851e+01
-1.900000e+01  8.000  4.853747e+00
-1.900000e+01  9.000  3.856190e+00
-1.900000e+01  11.000  2.647382e+00
-1.900000e+01  14.000  1.393547e+00
-1.900000e+01  17.000  7.804810e-01
-1.900000e+01  21.000  2.250642e-01
-1.900000e+01  26.000  4.645781e-02
-1.900000e+01  3.200000e+01  0.0
-1.900000e+01  3.900000e+01  0.0
-1.900000e+01  4.800000e+01  0.0
-1.900000e+01  5.800000e+01  0.0
-1.900000e+01  8.800000e+01  0.0
-1.900000e+01  1.080000e+02  0.0
-1.900000e+01  1.320000e+02  0.0
-1.900000e+01  1.620000e+02  0.0
-1.900000e+01  1.990000e+02  0.0
-1.900000e+01  2.440000e+02  0.0
-1.900000e+01  3.000000e+02  0.0
-1.930000e+01  5.000  1.202014e+01
-1.930000e+01  6.000  7.332941e+00
-1.930000e+01  8.000  2.991173e+00
-1.930000e+01  9.000  2.587660e+00
-1.930000e+01  11.000  1.726873e+00
-1.930000e+01  14.000  7.984621e-01
-1.930000e+01  17.000  2.414794e-01
-1.930000e+01  21.000  5.243475e-02
-1.930000e+01  2.600000e+01  0.0
-1.930000e+01  3.200000e+01  0.0
-1.930000e+01  3.900000e+01  0.0
-1.930000e+01  4.800000e+01  0.0
-1.930000e+01  5.800000e+01  0.0
-1.930000e+01  8.800000e+01  0.0
-1.930000e+01  1.080000e+02  0.0
-1.930000e+01  1.320000e+02  0.0
-1.930000e+01  1.620000e+02  0.0
-1.930000e+01  1.990000e+02  0.0
-1.930000e+01  2.440000e+02  0.0
-1.930000e+01  3.000000e+02  0.0
-1.970000e+01  5.000  5.933756e+00
-1.970000e+01  6.000  3.483880e+00
-1.970000e+01  8.000  1.524002e+00
-1.970000e+01  9.000  1.588554e+00
-1.970000e+01  11.000  8.387930e-01
-1.970000e+01  14.000  2.175386e-01
-1.970000e+01  17.000  4.731355e-02
-1.970000e+01  2.100000e+01  0.0
-1.970000e+01  2.600000e+01  0.0
-1.970000e+01  3.200000e+01  0.0
-1.970000e+01  3.900000e+01  0.0
-1.970000e+01  4.800000e+01  0.0
-1.970000e+01  5.800000e+01  0.0
-1.970000e+01  8.800000e+01  0.0
-1.970000e+01  1.080000e+02  0.0
-1.970000e+01  1.320000e+02  0.0
-1.970000e+01  1.620000e+02  0.0
-1.970000e+01  1.990000e+02  0.0
-1.970000e+01  2.440000e+02  0.0
-1.970000e+01  3.000000e+02  0.0
-2.000000e+01  5.000  4.000233e+00
-2.000000e+01  6.000  2.490863e+00
-2.000000e+01  8.000  1.254772e+00
-2.000000e+01  9.000  9.091602e-01
-2.000000e+01  11.000  2.728250e-01
-2.000000e+01  14.000  5.216059e-02
-2.000000e+01  1.700000e+01  0.0
-2.000000e+01  2.100000e+01  0.0
-2.000000e+01  2.600000e+01  0.0
-2.000000e+01  3.200000e+01  0.0
-2.000000e+01  3.900000e+01  0.0
-2.000000e+01  4.800000e+01  0.0
-2.000000e+01  5.800000e+01  0.0
-2.000000e+01  8.800000e+01  0.0
-2.000000e+01  1.080000e+02  0.0
-2.000000e+01  1.320000e+02  0.0
-2.000000e+01  1.620000e+02  0.0
-2.000000e+01  1.990000e+02  0.0
-2.000000e+01  2.440000e+02  0.0
-2.000000e+01  3.000000e+02  0.0
-2.030000e+01  5.000  2.811761e+00
-2.030000e+01  6.000  1.935778e+00
-2.030000e+01  8.000  7.614777e-01
-2.030000e+01  9.000  3.239727e-01
-2.030000e+01  11.000  6.845524e-02
-2.030000e+01  1.400000e+01  0.0
-2.030000e+01  1.700000e+01  0.0
-2.030000e+01  2.100000e+01  0.0
-2.030000e+01  2.600000e+01  0.0
-2.030000e+01  3.200000e+01  0.0
-2.030000e+01  3.900000e+01  0.0
-2.030000e+01  4.800000e+01  0.0
-2.030000e+01  5.800000e+01  0.0
-2.030000e+01  8.800000e+01  0.0
-2.030000e+01  1.080000e+02  0.0
-2.030000e+01  1.320000e+02  0.0
-2.030000e+01  1.620000e+02  0.0
-2.030000e+01  1.990000e+02  0.0
-2.030000e+01  2.440000e+02  0.0
-2.030000e+01  3.000000e+02  0.0
-2.070000e+01  5.000  1.580742e+00
-2.070000e+01  6.000  9.353202e-01
-2.070000e+01  8.000  2.211586e-01
-2.070000e+01  9.000  6.281555e-02
-2.070000e+01  1.100000e+01  0.0
-2.070000e+01  1.400000e+01  0.0
-2.070000e+01  1.700000e+01  0.0
-2.070000e+01  2.100000e+01  0.0
-2.070000e+01  2.600000e+01  0.0
-2.070000e+01  3.200000e+01  0.0
-2.070000e+01  3.900000e+01  0.0
-2.070000e+01  4.800000e+01  0.0
-2.070000e+01  5.800000e+01  0.0
-2.070000e+01  8.800000e+01  0.0
-2.070000e+01  1.080000e+02  0.0
-2.070000e+01  1.320000e+02  0.0
-2.070000e+01  1.620000e+02  0.0
-2.070000e+01  1.990000e+02  0.0
-2.070000e+01  2.440000e+02  0.0
-2.070000e+01  3.000000e+02  0.0
-2.100000e+01  5.000  9.612735e-01
-2.100000e+01  6.000  3.430567e-01
-2.100000e+01  8.000  5.256195e-02
-2.100000e+01  9.000000e+00  0.0
-2.100000e+01  1.100000e+01  0.0
-2.100000e+01  1.400000e+01  0.0
-2.100000e+01  1.700000e+01  0.0
-2.100000e+01  2.100000e+01  0.0
-2.100000e+01  2.600000e+01  0.0
-2.100000e+01  3.200000e+01  0.0
-2.100000e+01  3.900000e+01  0.0
-2.100000e+01  4.800000e+01  0.0
-2.100000e+01  5.800000e+01  0.0
-2.100000e+01  8.800000e+01  0.0
-2.100000e+01  1.080000e+02  0.0
-2.100000e+01  1.320000e+02  0.0
-2.100000e+01  1.620000e+02  0.0
-2.100000e+01  1.990000e+02  0.0
-2.100000e+01  2.440000e+02  0.0
-2.100000e+01  3.000000e+02  0.0
-2.130000e+01  5.000  3.804528e-01
-2.130000e+01  6.000  8.596803e-02
-2.130000e+01  8.000000e+00  0.0
-2.130000e+01  9.000000e+00  0.0
-2.130000e+01  1.100000e+01  0.0
-2.130000e+01  1.400000e+01  0.0
-2.130000e+01  1.700000e+01  0.0
-2.130000e+01  2.100000e+01  0.0
-2.130000e+01  2.600000e+01  0.0
-2.130000e+01  3.200000e+01  0.0
-2.130000e+01  3.900000e+01  0.0
-2.130000e+01  4.800000e+01  0.0
-2.130000e+01  5.800000e+01  0.0
-2.130000e+01  8.800000e+01  0.0
-2.130000e+01  1.080000e+02  0.0
-2.130000e+01  1.320000e+02  0.0
-2.130000e+01  1.620000e+02  0.0
-2.130000e+01  1.990000e+02  0.0
-2.130000e+01  2.440000e+02  0.0
-2.130000e+01  3.000000e+02  0.0
-2.170000e+01  5.000  7.380593e-02
-2.170000e+01  6.000000e+00  0.0
-2.170000e+01  8.000000e+00  0.0
-2.170000e+01  9.000000e+00  0.0
-2.170000e+01  1.100000e+01  0.0
-2.170000e+01  1.400000e+01  0.0
-2.170000e+01  1.700000e+01  0.0
-2.170000e+01  2.100000e+01  0.0
-2.170000e+01  2.600000e+01  0.0
-2.170000e+01  3.200000e+01  0.0
-2.170000e+01  3.900000e+01  0.0
-2.170000e+01  4.800000e+01  0.0
-2.170000e+01  5.800000e+01  0.0
-2.170000e+01  8.800000e+01  0.0
-2.170000e+01  1.080000e+02  0.0
-2.170000e+01  1.320000e+02  0.0
-2.170000e+01  1.620000e+02  0.0
-2.170000e+01  1.990000e+02  0.0
-2.170000e+01  2.440000e+02  0.0
-2.170000e+01  3.000000e+02  0.0
-2.200000e+01  5.000000e+00  0.0
-2.200000e+01  6.000000e+00  0.0
-2.200000e+01  8.000000e+00  0.0
-2.200000e+01  9.000000e+00  0.0
-2.200000e+01  1.100000e+01  0.0
-2.200000e+01  1.400000e+01  0.0
-2.200000e+01  1.700000e+01  0.0
-2.200000e+01  2.100000e+01  0.0
-2.200000e+01  2.600000e+01  0.0
-2.200000e+01  3.200000e+01  0.0
-2.200000e+01  3.900000e+01  0.0
-2.200000e+01  4.800000e+01  0.0
-2.200000e+01  5.800000e+01  0.0
-2.200000e+01  8.800000e+01  0.0
-2.200000e+01  1.080000e+02  0.0
-2.200000e+01  1.320000e+02  0.0
-2.200000e+01  1.620000e+02  0.0
-2.200000e+01  1.990000e+02  0.0
-2.200000e+01  2.440000e+02  0.0
-2.200000e+01  3.000000e+02  0.0
