# log10(y)    mass[MeV]    Nhits
-1.330000e+01  5.000  7.738566e-19
-1.330000e+01  6.000  5.137796e-15
-1.330000e+01  8.000  2.554580e-11
-1.330000e+01  9.000  2.510482e-09
-1.330000e+01  11.000  3.209468e-07
-1.330000e+01  14.000  1.552161e-05
-1.330000e+01  17.000  1.606209e-04
-1.330000e+01  21.000  1.222175e-03
-1.330000e+01  26.000  3.725778e-03
-1.330000e+01  32.000  7.810230e-03
-1.330000e+01  39.000  1.053829e-02
-1.330000e+01  48.000  2.246655e-02
-1.330000e+01  58.000  1.296320e-02
-1.330000e+01  88.000  1.360579e-02
-1.330000e+01  108.000  4.552932e-03
-1.330000e+01  132.000  3.247662e-03
-1.330000e+01  162.000  2.573068e-03
-1.330000e+01  199.000  9.891960e-04
-1.330000e+01  244.000  1.871442e-04
-1.330000e+01  300.000  6.935063e-05
-1.370000e+01  5.000  1.746878e-14
-1.370000e+01  6.000  2.204280e-11
-1.370000e+01  8.000  1.068023e-08
-1.370000e+01  9.000  5.342968e-07
-1.370000e+01  11.000  1.625018e-05
-1.370000e+01  14.000  2.913011e-04
-1.370000e+01  17.000  1.683002e-03
-1.370000e+01  21.000  6.540889e-03
-1.370000e+01  26.000  1.304061e-02
-1.370000e+01  32.000  1.283976e-02
-1.370000e+01  39.000  8.126647e-02
-1.370000e+01  48.000  3.859089e-02
-1.370000e+01  58.000  4.590776e-02
-1.370000e+01  88.000  2.034372e-02
-1.370000e+01  108.000  1.079630e-02
-1.370000e+01  132.000  6.839039e-03
-1.370000e+01  162.000  3.889597e-03
-1.370000e+01  199.000  1.326187e-03
-1.370000e+01  244.000  3.473452e-04
-1.370000e+01  300.000  2.226530e-04
-1.400000e+01  5.000  7.141044e-11
-1.400000e+01  6.000  1.147861e-08
-1.400000e+01  8.000  1.209438e-06
-1.400000e+01  9.000  3.194689e-05
-1.400000e+01  11.000  4.306788e-04
-1.400000e+01  14.000  2.503235e-03
-1.400000e+01  17.000  1.614490e-02
-1.400000e+01  21.000  3.283136e-02
-1.400000e+01  26.000  5.432714e-02
-1.400000e+01  32.000  1.459487e-01
-1.400000e+01  39.000  1.929401e-01
-1.400000e+01  48.000  1.083190e-01
-1.400000e+01  58.000  1.758313e-01
-1.400000e+01  88.000  3.609575e-02
-1.400000e+01  108.000  2.993033e-02
-1.400000e+01  132.000  1.853312e-02
-1.400000e+01  162.000  7.497621e-03
-1.400000e+01  199.000  1.736174e-03
-1.400000e+01  244.000  7.337980e-04
-1.400000e+01  300.000  6.840044e-04
-1.430000e+01  5.000  5.110585e-08
-1.430000e+01  6.000  3.267003e-06
-1.430000e+01  8.000  7.932744e-05
-1.430000e+01  9.000  1.027952e-03
-1.430000e+01  11.000  4.760190e-03
-1.430000e+01  14.000  2.019758e-02
-1.430000e+01  17.000  7.307865e-02
-1.430000e+01  21.000  1.206373e-01
-1.430000e+01  26.000  3.458185e-01
-1.430000e+01  32.000  2.127715e-01
-1.430000e+01  39.000  3.850176e-01
-1.430000e+01  48.000  7.079462e-01
-1.430000e+01  58.000  3.135310e-01
-1.430000e+01  88.000  9.889470e-02
-1.430000e+01  108.000  6.575172e-02
-1.430000e+01  132.000  2.998946e-02
-1.430000e+01  162.000  8.774808e-03
-1.430000e+01  199.000  3.860564e-03
-1.430000e+01  244.000  2.733106e-03
-1.430000e+01  300.000  9.460405e-04
-1.470000e+01  5.000  7.077177e-06
-1.470000e+01  6.000  1.767577e-04
-1.470000e+01  8.000  1.461420e-03
-1.470000e+01  9.000  9.453902e-03
-1.470000e+01  11.000  3.722260e-02
-1.470000e+01  14.000  1.497047e-01
-1.470000e+01  17.000  2.219330e-01
-1.470000e+01  21.000  2.069141e-01
-1.470000e+01  26.000  5.245683e-01
-1.470000e+01  32.000  6.182793e-01
-1.470000e+01  39.000  6.816612e-01
-1.470000e+01  48.000  3.345321e-01
-1.470000e+01  58.000  2.811879e-01
-1.470000e+01  88.000  1.457249e-01
-1.470000e+01  108.000  7.764504e-02
-1.470000e+01  132.000  3.060811e-02
-1.470000e+01  162.000  9.603738e-03
-1.470000e+01  199.000  5.839118e-03
-1.470000e+01  244.000  3.901008e-03
-1.470000e+01  300.000  3.821316e-04
-1.500000e+01  5.000  3.247069e-04
-1.500000e+01  6.000  3.165920e-03
-1.500000e+01  8.000  1.999743e-02
-1.500000e+01  9.000  7.548569e-02
-1.500000e+01  11.000  2.404022e-01
-1.500000e+01  14.000  4.559034e-01
-1.500000e+01  17.000  7.619099e-01
-1.500000e+01  21.000  9.452996e-01
-1.500000e+01  26.000  8.614629e-01
-1.500000e+01  32.000  8.410500e-01
-1.500000e+01  39.000  9.982117e-01
-1.500000e+01  48.000  1.028557e+00
-1.500000e+01  58.000  4.638117e-01
-1.500000e+01  88.000  1.985087e-01
-1.500000e+01  108.000  9.930751e-02
-1.500000e+01  132.000  4.005051e-02
-1.500000e+01  162.000  2.059988e-02
-1.500000e+01  199.000  1.353392e-02
-1.500000e+01  244.000  2.723018e-03
-1.500000e+01  300.000  9.963168e-05
-1.530000e+01  5.000  6.005828e-03
-1.530000e+01  6.000  3.636998e-02
-1.530000e+01  8.000  1.068881e-01
-1.530000e+01  9.000  3.607701e-01
-1.530000e+01  11.000  7.241795e-01
-1.530000e+01  14.000  1.117368e+00
-1.530000e+01  17.000  1.334178e+00
-1.530000e+01  21.000  1.759432e+00
-1.530000e+01  26.000  2.076591e+00
-1.530000e+01  32.000  2.130739e+00
-1.530000e+01  39.000  1.913096e+00
-1.530000e+01  48.000  9.938200e-01
-1.530000e+01  58.000  8.302168e-01
-1.530000e+01  88.000  2.509737e-01
-1.530000e+01  108.000  1.055662e-01
-1.530000e+01  132.000  5.177538e-02
-1.530000e+01  162.000  3.691223e-02
-1.530000e+01  199.000  1.135059e-02
-1.530000e+01  244.000  8.703091e-04
-1.530000e+01  300.000  2.298428e-05
-1.570000e+01  5.000  4.172000e-02
-1.570000e+01  6.000  1.338348e-01
-1.570000e+01  8.000  3.024910e-01
-1.570000e+01  9.000  6.950244e-01
-1.570000e+01  11.000  9.673968e-01
-1.570000e+01  14.000  8.225113e-01
-1.570000e+01  17.000  1.471139e+00
-1.570000e+01  21.000  2.033112e+00
-1.570000e+01  26.000  2.025202e+00
-1.570000e+01  32.000  1.642529e+00
-1.570000e+01  39.000  1.551629e+00
-1.570000e+01  48.000  1.094923e+00
-1.570000e+01  58.000  7.391800e-01
-1.570000e+01  88.000  1.801592e-01
-1.570000e+01  108.000  1.013784e-01
-1.570000e+01  132.000  6.105687e-02
-1.570000e+01  162.000  2.488973e-02
-1.570000e+01  199.000  3.163870e-03
-1.570000e+01  244.000  1.492789e-04
-1.570000e+01  3.000000e+02  0.0
-1.600000e+01  5.000  1.654913e-01
-1.600000e+01  6.000  4.406771e-01
-1.600000e+01  8.000  6.632596e-01
-1.600000e+01  9.000  1.121168e+00
-1.600000e+01  11.000  1.096139e+00
-1.600000e+01  14.000  1.913024e+00
-1.600000e+01  17.000  2.153617e+00
-1.600000e+01  21.000  2.808404e+00
-1.600000e+01  26.000  2.547772e+00
-1.600000e+01  32.000  1.969763e+00
-1.600000e+01  39.000  1.629271e+00
-1.600000e+01  48.000  9.863292e-01
-1.600000e+01  58.000  6.554233e-01
-1.600000e+01  88.000  2.100526e-01
-1.600000e+01  108.000  1.156368e-01
-1.600000e+01  132.000  5.398913e-02
-1.600000e+01  162.000  9.323846e-03
-1.600000e+01  1.990000e+02  0.0
-1.600000e+01  2.440000e+02  0.0
-1.600000e+01  3.000000e+02  0.0
-1.630000e+01  5.000  6.142953e-01
-1.630000e+01  6.000  9.285542e-01
-1.630000e+01  8.000  1.137037e+00
-1.630000e+01  9.000  1.289488e+00
-1.630000e+01  11.000  2.217365e+00
-1.630000e+01  14.000  2.643097e+00
-1.630000e+01  17.000  3.377144e+00
-1.630000e+01  21.000  2.573834e+00
-1.630000e+01  26.000  2.288368e+00
-1.630000e+01  32.000  1.851481e+00
-1.630000e+01  39.000  1.335889e+00
-1.630000e+01  48.000  8.826567e-01
-1.630000e+01  58.000  5.569259e-01
-1.630000e+01  88.000  1.952562e-01
-1.630000e+01  108.000  8.653071e-02
-1.630000e+01  132.000  1.826101e-02
-1.630000e+01  1.620000e+02  0.0
-1.630000e+01  1.990000e+02  0.0
-1.630000e+01  2.440000e+02  0.0
-1.630000e+01  3.000000e+02  0.0
-1.670000e+01  5.000  8.835455e-01
-1.670000e+01  6.000  1.384128e+00
-1.670000e+01  8.000  1.072308e+00
-1.670000e+01  9.000  2.158704e+00
-1.670000e+01  11.000  2.274894e+00
-1.670000e+01  14.000  2.999571e+00
-1.670000e+01  17.000  2.796301e+00
-1.670000e+01  21.000  2.160804e+00
-1.670000e+01  26.000  1.721209e+00
-1.670000e+01  32.000  1.154439e+00
-1.670000e+01  39.000  8.524492e-01
-1.670000e+01  48.000  5.554717e-01
-1.670000e+01  58.000  3.632998e-01
-1.670000e+01  88.000  9.362125e-02
-1.670000e+01  108.000  2.133969e-02
-1.670000e+01  1.320000e+02  0.0
-1.670000e+01  1.620000e+02  0.0
-1.670000e+01  1.990000e+02  0.0
-1.670000e+01  2.440000e+02  0.0
-1.670000e+01  3.000000e+02  0.0
-1.700000e+01  5.000  1.687575e+00
-1.700000e+01  6.000  1.641406e+00
-1.700000e+01  8.000  2.288058e+00
-1.700000e+01  9.000  3.969657e+00
-1.700000e+01  11.000  3.675394e+00
-1.700000e+01  14.000  2.715758e+00
-1.700000e+01  17.000  2.627752e+00
-1.700000e+01  21.000  1.879718e+00
-1.700000e+01  26.000  1.343322e+00
-1.700000e+01  32.000  9.287652e-01
-1.700000e+01  39.000  6.688351e-01
-1.700000e+01  48.000  4.156781e-01
-1.700000e+01  58.000  2.674023e-01
-1.700000e+01  88.000  2.778727e-02
-1.700000e+01  1.080000e+02  0.0
-1.700000e+01  1.320000e+02  0.0
-1.700000e+01  1.620000e+02  0.0
-1.700000e+01  1.990000e+02  0.0
-1.700000e+01  2.440000e+02  0.0
-1.700000e+01  3.000000e+02  0.0
-1.730000e+01  5.000  1.876105e+00
-1.730000e+01  6.000  4.267285e+00
-1.730000e+01  8.000  3.431585e+00
-1.730000e+01  9.000  4.563208e+00
-1.730000e+01  11.000  3.684581e+00
-1.730000e+01  14.000  3.024607e+00
-1.730000e+01  17.000  2.276153e+00
-1.730000e+01  21.000  1.426082e+00
-1.730000e+01  26.000  9.269304e-01
-1.730000e+01  32.000  7.387785e-01
-1.730000e+01  39.000  5.124630e-01
-1.730000e+01  48.000  3.018391e-01
-1.730000e+01  58.000  1.237187e-01
-1.730000e+01  8.800000e+01  0.0
-1.730000e+01  1.080000e+02  0.0
-1.730000e+01  1.320000e+02  0.0
-1.730000e+01  1.620000e+02  0.0
-1.730000e+01  1.990000e+02  0.0
-1.730000e+01  2.440000e+02  0.0
-1.730000e+01  3.000000e+02  0.0
-1.770000e+01  5.000  3.545914e+00
-1.770000e+01  6.000  4.816566e+00
-1.770000e+01  8.000  3.715211e+00
-1.770000e+01  9.000  4.006491e+00
-1.770000e+01  11.000  3.012628e+00
-1.770000e+01  14.000  1.979418e+00
-1.770000e+01  17.000  1.397781e+00
-1.770000e+01  21.000  8.363907e-01
-1.770000e+01  26.000  5.854622e-01
-1.770000e+01  32.000  4.558897e-01
-1.770000e+01  39.000  2.857474e-01
-1.770000e+01  48.000  1.006987e-01
-1.770000e+01  5.800000e+01  0.0
-1.770000e+01  8.800000e+01  0.0
-1.770000e+01  1.080000e+02  0.0
-1.770000e+01  1.320000e+02  0.0
-1.770000e+01  1.620000e+02  0.0
-1.770000e+01  1.990000e+02  0.0
-1.770000e+01  2.440000e+02  0.0
-1.770000e+01  3.000000e+02  0.0
-1.800000e+01  5.000  4.484080e+00
-1.800000e+01  6.000  5.317563e+00
-1.800000e+01  8.000  3.373056e+00
-1.800000e+01  9.000  3.792735e+00
-1.800000e+01  11.000  2.655201e+00
-1.800000e+01  14.000  1.515139e+00
-1.800000e+01  17.000  1.075013e+00
-1.800000e+01  21.000  6.782016e-01
-1.800000e+01  26.000  5.146265e-01
-1.800000e+01  32.000  2.887709e-01
-1.800000e+01  39.000  1.086012e-01
-1.800000e+01  4.800000e+01  0.0
-1.800000e+01  5.800000e+01  0.0
-1.800000e+01  8.800000e+01  0.0
-1.800000e+01  1.080000e+02  0.0
-1.800000e+01  1.320000e+02  0.0
-1.800000e+01  1.620000e+02  0.0
-1.800000e+01  1.990000e+02  0.0
-1.800000e+01  2.440000e+02  0.0
-1.800000e+01  3.000000e+02  0.0
-1.830000e+01  5.000  4.700280e+00
-1.830000e+01  6.000  4.639334e+00
-1.830000e+01  8.000  3.074154e+00
-1.830000e+01  9.000  3.061012e+00
-1.830000e+01  11.000  2.047100e+00
-1.830000e+01  14.000  1.296694e+00
-1.830000e+01  17.000  8.134457e-01
-1.830000e+01  21.000  5.911212e-01
-1.830000e+01  26.000  3.151914e-01
-1.830000e+01  32.000  1.111153e-01
-1.830000e+01  3.900000e+01  0.0
-1.830000e+01  4.800000e+01  0.0
-1.830000e+01  5.800000e+01  0.0
-1.830000e+01  8.800000e+01  0.0
-1.830000e+01  1.080000e+02  0.0
-1.830000e+01  1.320000e+02  0.0
-1.830000e+01  1.620000e+02  0.0
-1.830000e+01  1.990000e+02  0.0
-1.830000e+01  2.440000e+02  0.0
-1.830000e+01  3.000000e+02  0.0
-1.870000e+01  5.000  3.930521e+00
-1.870000e+01  6.000  3.467421e+00
-1.870000e+01  8.000  1.894866e+00
-1.870000e+01  9.000  1.805128e+00
-1.870000e+01  11.000  1.372173e+00
-1.870000e+01  14.000  7.664374e-01
-1.870000e+01  17.000  5.446614e-01
-1.870000e+01  21.000  3.056163e-01
-1.870000e+01  26.000  9.603168e-02
-1.870000e+01  32.000  2.267912e-02
-1.870000e+01  3.900000e+01  0.0
-1.870000e+01  4.800000e+01  0.0
-1.870000e+01  5.800000e+01  0.0
-1.870000e+01  8.800000e+01  0.0
-1.870000e+01  1.080000e+02  0.0
-1.870000e+01  1.320000e+02  0.0
-1.870000e+01  1.620000e+02  0.0
-1.870000e+01  1.990000e+02  0.0
-1.870000e+01  2.440000e+02  0.0
-1.870000e+01  3.000000e+02  0.0
-1.900000e+01  5.000  3.588447e+00
-1.900000e+01  6.000  2.848113e+00
-1.900000e+01  8.000  1.414126e+00
-1.900000e+01  9.000  1.349231e+00
-1.900000e+01  11.000  1.054260e+00
-1.900000e+01  14.000  6.025751e-01
-1.900000e+01  17.000  3.513880e-01
-1.900000e+01  21.000  1.087420e-01
-1.900000e+01  26.000  2.466318e-02
-1.900000e+01  3.200000e+01  0.0
-1.900000e+01  3.900000e+01  0.0
-1.900000e+01  4.800000e+01  0.0
-1.900000e+01  5.800000e+01  0.0
-1.900000e+01  8.800000e+01  0.0
-1.900000e+01  1.080000e+02  0.0
-1.900000e+01  1.320000e+02  0.0
-1.900000e+01  1.620000e+02  0.0
-1.900000e+01  1.990000e+02  0.0
-1.900000e+01  2.440000e+02  0.0
-1.900000e+01  3.000000e+02  0.0
-1.930000e+01  5.000  2.947719e+00
-1.930000e+01  6.000  2.145872e+00
-1.930000e+01  8.000  1.048876e+00
-1.930000e+01  9.000  1.034953e+00
-1.930000e+01  11.000  7.521232e-01
-1.930000e+01  14.000  3.627606e-01
-1.930000e+01  17.000  1.185090e-01
-1.930000e+01  21.000  2.874014e-02
-1.930000e+01  2.600000e+01  0.0
-1.930000e+01  3.200000e+01  0.0
-1.930000e+01  3.900000e+01  0.0
-1.930000e+01  4.800000e+01  0.0
-1.930000e+01  5.800000e+01  0.0
-1.930000e+01  8.800000e+01  0.0
-1.930000e+01  1.080000e+02  0.0
-1.930000e+01  1.320000e+02  0.0
-1.930000e+01  1.620000e+02  0.0
-1.930000e+01  1.990000e+02  0.0
-1.930000e+01  2.440000e+02  0.0
-1.930000e+01  3.000000e+02  0.0
-1.970000e+01  5.000  1.739858e+00
-1.970000e+01  6.000  1.226482e+00
-1.970000e+01  8.000  6.107246e-01
-1.970000e+01  9.000  6.946777e-01
-1.970000e+01  11.000  3.839131e-01
-1.970000e+01  14.000  1.077582e-01
-1.970000e+01  17.000  2.616403e-02
-1.970000e+01  2.100000e+01  0.0
-1.970000e+01  2.600000e+01  0.0
-1.970000e+01  3.200000e+01  0.0
-1.970000e+01  3.900000e+01  0.0
-1.970000e+01  4.800000e+01  0.0
-1.970000e+01  5.800000e+01  0.0
-1.970000e+01  8.800000e+01  0.0
-1.970000e+01  1.080000e+02  0.0
-1.970000e+01  1.320000e+02  0.0
-1.970000e+01  1.620000e+02  0.0
-1.970000e+01  1.990000e+02  0.0
-1.970000e+01  2.440000e+02  0.0
-1.970000e+01  3.000000e+02  0.0
-2.000000e+01  5.000  1.370825e+00
-2.000000e+01  6.000  1.001589e+00
-2.000000e+01  8.000  5.467196e-01
-2.000000e+01  9.000  4.178081e-01
-2.000000e+01  11.000  1.353413e-01
-2.000000e+01  14.000  2.910715e-02
-2.000000e+01  1.700000e+01  0.0
-2.000000e+01  2.100000e+01  0.0
-2.000000e+01  2.600000e+01  0.0
-2.000000e+01  3.200000e+01  0.0
-2.000000e+01  3.900000e+01  0.0
-2.000000e+01  4.800000e+01  0.0
-2.000000e+01  5.800000e+01  0.0
-2.000000e+01  8.800000e+01  0.0
-2.000000e+01  1.080000e+02  0.0
-2.000000e+01  1.320000e+02  0.0
-2.000000e+01  1.620000e+02  0.0
-2.000000e+01  1.990000e+02  0.0
-2.000000e+01  2.440000e+02  0.0
-2.000000e+01  3.000000e+02  0.0
-2.030000e+01  5.000  1.132237e+00
-2.030000e+01  6.000  8.460305e-01
-2.030000e+01  8.000  3.486099e-01
-2.030000e+01  9.000  1.613511e-01
-2.030000e+01  11.000  3.846974e-02
-2.030000e+01  1.400000e+01  0.0
-2.030000e+01  1.700000e+01  0.0
-2.030000e+01  2.100000e+01  0.0
-2.030000e+01  2.600000e+01  0.0
-2.030000e+01  3.200000e+01  0.0
-2.030000e+01  3.900000e+01  0.0
-2.030000e+01  4.800000e+01  0.0
-2.030000e+01  5.800000e+01  0.0
-2.030000e+01  8.800000e+01  0.0
-2.030000e+01  1.080000e+02  0.0
-2.030000e+01  1.320000e+02  0.0
-2.030000e+01  1.620000e+02  0.0
-2.030000e+01  1.990000e+02  0.0
-2.030000e+01  2.440000e+02  0.0
-2.030000e+01  3.000000e+02  0.0
-2.070000e+01  5.000  6.917350e-01
-2.070000e+01  6.000  4.294826e-01
-2.070000e+01  8.000  1.103324e-01
-2.070000e+01  9.000  3.519838e-02
-2.070000e+01  1.100000e+01  0.0
-2.070000e+01  1.400000e+01  0.0
-2.070000e+01  1.700000e+01  0.0
-2.070000e+01  2.100000e+01  0.0
-2.070000e+01  2.600000e+01  0.0
-2.070000e+01  3.200000e+01  0.0
-2.070000e+01  3.900000e+01  0.0
-2.070000e+01  4.800000e+01  0.0
-2.070000e+01  5.800000e+01  0.0
-2.070000e+01  8.800000e+01  0.0
-2.070000e+01  1.080000e+02  0.0
-2.070000e+01  1.320000e+02  0.0
-2.070000e+01  1.620000e+02  0.0
-2.070000e+01  1.990000e+02  0.0
-2.070000e+01  2.440000e+02  0.0
-2.070000e+01  3.000000e+02  0.0
-2.100000e+01  5.000  4.394990e-01
-2.100000e+01  6.000  1.706235e-01
-2.100000e+01  8.000  2.930722e-02
-2.100000e+01  9.000000e+00  0.0
-2.100000e+01  1.100000e+01  0.0
-2.100000e+01  1.400000e+01  0.0
-2.100000e+01  1.700000e+01  0.0
-2.100000e+01  2.100000e+01  0.0
-2.100000e+01  2.600000e+01  0.0
-2.100000e+01  3.200000e+01  0.0
-2.100000e+01  3.900000e+01  0.0
-2.100000e+01  4.800000e+01  0.0
-2.100000e+01  5.800000e+01  0.0
-2.100000e+01  8.800000e+01  0.0
-2.100000e+01  1.080000e+02  0.0
-2.100000e+01  1.320000e+02  0.0
-2.100000e+01  1.620000e+02  0.0
-2.100000e+01  1.990000e+02  0.0
-2.100000e+01  2.440000e+02  0.0
-2.100000e+01  3.000000e+02  0.0
-2.130000e+01  5.000  1.883340e-01
-2.130000e+01  6.000  4.774746e-02
-2.130000e+01  8.000000e+00  0.0
-2.130000e+01  9.000000e+00  0.0
-2.130000e+01  1.100000e+01  0.0
-2.130000e+01  1.400000e+01  0.0
-2.130000e+01  1.700000e+01  0.0
-2.130000e+01  2.100000e+01  0.0
-2.130000e+01  2.600000e+01  0.0
-2.130000e+01  3.200000e+01  0.0
-2.130000e+01  3.900000e+01  0.0
-2.130000e+01  4.800000e+01  0.0
-2.130000e+01  5.800000e+01  0.0
-2.130000e+01  8.800000e+01  0.0
-2.130000e+01  1.080000e+02  0.0
-2.130000e+01  1.320000e+02  0.0
-2.130000e+01  1.620000e+02  0.0
-2.130000e+01  1.990000e+02  0.0
-2.130000e+01  2.440000e+02  0.0
-2.130000e+01  3.000000e+02  0.0
-2.170000e+01  5.000  4.077211e-02
-2.170000e+01  6.000000e+00  0.0
-2.170000e+01  8.000000e+00  0.0
-2.170000e+01  9.000000e+00  0.0
-2.170000e+01  1.100000e+01  0.0
-2.170000e+01  1.400000e+01  0.0
-2.170000e+01  1.700000e+01  0.0
-2.170000e+01  2.100000e+01  0.0
-2.170000e+01  2.600000e+01  0.0
-2.170000e+01  3.200000e+01  0.0
-2.170000e+01  3.900000e+01  0.0
-2.170000e+01  4.800000e+01  0.0
-2.170000e+01  5.800000e+01  0.0
-2.170000e+01  8.800000e+01  0.0
-2.170000e+01  1.080000e+02  0.0
-2.170000e+01  1.320000e+02  0.0
-2.170000e+01  1.620000e+02  0.0
-2.170000e+01  1.990000e+02  0.0
-2.170000e+01  2.440000e+02  0.0
-2.170000e+01  3.000000e+02  0.0
-2.200000e+01  5.000000e+00  0.0
-2.200000e+01  6.000000e+00  0.0
-2.200000e+01  8.000000e+00  0.0
-2.200000e+01  9.000000e+00  0.0
-2.200000e+01  1.100000e+01  0.0
-2.200000e+01  1.400000e+01  0.0
-2.200000e+01  1.700000e+01  0.0
-2.200000e+01  2.100000e+01  0.0
-2.200000e+01  2.600000e+01  0.0
-2.200000e+01  3.200000e+01  0.0
-2.200000e+01  3.900000e+01  0.0
-2.200000e+01  4.800000e+01  0.0
-2.200000e+01  5.800000e+01  0.0
-2.200000e+01  8.800000e+01  0.0
-2.200000e+01  1.080000e+02  0.0
-2.200000e+01  1.320000e+02  0.0
-2.200000e+01  1.620000e+02  0.0
-2.200000e+01  1.990000e+02  0.0
-2.200000e+01  2.440000e+02  0.0
-2.200000e+01  3.000000e+02  0.0
