# log10(y)    mass[MeV]    Nhits
-13.3  5  7.231143e-35
-13.7  5  5.666507e-26
-14  5  6.579121e-19
-14.3  5  1.805469e-13
-14.7  5  2.118090e-09
-15  5  2.500365e-06
-15.3  5  4.568426e-04
-15.7  5  1.551121e-02
-16  5  5.502072e-01
-16.3  5  2.039440e+00
-16.7  5  2.882881e+00
-17  5  5.057678e+00
-17.3  5  8.222012e+00
-17.7  5  1.427111e+01
-18  5  1.892585e+01
-18.3  5  2.268460e+01
-18.7  5  2.268654e+01
-19  5  2.473647e+01
-19.3  5  2.294437e+01
-19.7  5  1.464975e+01
-20  5  1.182136e+01
-20.3  5  9.518124e+00
-20.7  5  5.581692e+00
-21  5  3.439077e+00
-21.3  5  1.329497e+00
-21.7  5  2.694996e-01
-2.200000e+01  5.000000e+00  0.0
-13.3  6  5.213069e-20
-13.7  6  6.891875e-15
-14  6  6.021028e-11
-14.3  6  1.510333e-07
-14.7  6  3.581634e-05
-15  6  1.732930e-03
-15.3  6  1.515635e-02
-15.7  6  1.600932e-01
-16  6  8.255666e-01
-16.3  6  1.885932e+00
-16.7  6  2.873907e+00
-17  6  3.457665e+00
-17.3  6  1.482055e+01
-17.7  6  1.335531e+01
-18  6  1.487616e+01
-18.3  6  1.078281e+01
-18.7  6  7.497865e+00
-19  6  5.600791e+00
-19.3  6  4.202588e+00
-19.7  6  7.464711e-01
-20  6  4.957780e-01
-20.3  6  4.169681e-01
-20.7  6  1.860330e-01
-21  6  3.219994e-02
-21.3  6  6.960507e-03
-2.170000e+01  6.000000e+00  0.0
-2.200000e+01  6.000000e+00  0.0
-13.3  8  2.249411e-10
-13.7  8  1.209319e-07
-14  8  1.535820e-05
-14.3  8  1.022556e-03
-14.7  8  1.756649e-02
-15  8  2.329508e-02
-15.3  8  2.981250e-01
-15.7  8  7.022037e-01
-16  8  1.341626e+00
-16.3  8  2.014966e+00
-16.7  8  1.765736e+00
-17  8  5.032539e+00
-17.3  8  8.138565e+00
-17.7  8  9.137781e+00
-18  8  5.295119e+00
-18.3  8  7.774694e+00
-18.7  8  6.173832e+00
-19  8  5.677170e+00
-19.3  8  5.236216e+00
-19.7  8  3.620366e+00
-20  8  3.733188e+00
-20.3  8  2.079909e+00
-20.7  8  7.360393e-01
-21  8  2.259482e-01
-2.130000e+01  8.000000e+00  0.0
-2.170000e+01  8.000000e+00  0.0
-2.200000e+01  8.000000e+00  0.0
-13.3  9  1.248346e-08
-13.7  9  2.496298e-06
-14  9  1.338107e-04
-14.3  9  4.178029e-03
-14.7  9  1.973460e-02
-15  9  2.442136e-01
-15.3  9  1.095136e+00
-15.7  9  2.220150e+00
-16  9  3.271419e+00
-16.3  9  3.468238e+00
-16.7  9  5.083281e+00
-17  9  8.949303e+00
-17.3  9  9.413654e+00
-17.7  9  8.195042e+00
-18  9  3.618700e+00
-18.3  9  4.279788e+00
-18.7  9  4.083088e+00
-19  9  5.197236e+00
-19.3  9  5.703521e+00
-19.7  9  4.674733e+00
-20  9  3.126167e+00
-20.3  9  1.392630e+00
-20.7  9  3.969305e-01
-2.100000e+01  9.000000e+00  0.0
-2.130000e+01  9.000000e+00  0.0
-2.170000e+01  9.000000e+00  0.0
-2.200000e+01  9.000000e+00  0.0
-13.3  11  2.140863e-06
-13.7  11  1.246882e-04
-14  11  3.806356e-03
-14.3  11  2.474244e-02
-14.7  11  2.073395e-01
-15  11  1.092735e+00
-15.3  11  2.470644e+00
-15.7  11  3.527337e+00
-16  11  3.558750e+00
-16.3  11  6.572326e+00
-16.7  11  6.588347e+00
-17  11  1.000171e+01
-17.3  11  9.012463e+00
-17.7  11  7.261327e+00
-18  11  5.607042e+00
-18.3  11  3.919967e+00
-18.7  11  2.359683e+00
-19  11  1.697141e+00
-19.3  11  1.088790e+00
-19.7  11  5.038261e-01
-20  11  1.320088e-01
-20.3  11  1.887711e-02
-2.070000e+01  1.100000e+01  0.0
-2.100000e+01  1.100000e+01  0.0
-2.130000e+01  1.100000e+01  0.0
-2.170000e+01  1.100000e+01  0.0
-2.200000e+01  1.100000e+01  0.0
-13.3  14  8.571929e-05
-13.7  14  1.964257e-03
-14  14  1.682930e-02
-14.3  14  1.019605e-01
-14.7  14  7.756324e-01
-15  14  2.141387e+00
-15.3  14  4.593648e+00
-15.7  14  3.114238e+00
-16  14  6.029194e+00
-16.3  14  5.507676e+00
-16.7  14  7.547250e+00
-17  14  5.753317e+00
-17.3  14  6.160491e+00
-17.7  14  3.862390e+00
-18  14  3.087183e+00
-18.3  14  2.471055e+00
-18.7  14  1.346590e+00
-19  14  3.305930e-02
-19.3  14  1.742901e-02
-19.7  14  4.064177e-03
-20  14  7.744210e-04
-2.030000e+01  1.400000e+01  0.0
-2.070000e+01  1.400000e+01  0.0
-2.100000e+01  1.400000e+01  0.0
-2.130000e+01  1.400000e+01  0.0
-2.170000e+01  1.400000e+01  0.0
-2.200000e+01  1.400000e+01  0.0
-13.3  17  4.455799e-04
-13.7  17  4.364428e-03
-14  17  2.170103e-02
-14.3  17  1.974473e-01
-14.7  17  6.823605e-01
-15  17  2.519534e+00
-15.3  17  4.639339e+00
-15.7  17  5.271030e+00
-16  17  6.589647e+00
-16.3  17  9.204139e+00
-16.7  17  7.251608e+00
-17  17  5.824674e+00
-17.3  17  4.754463e+00
-17.7  17  2.678075e+00
-18  17  1.936526e+00
-18.3  17  3.411412e+00
-18.7  17  2.362953e+00
-19  17  1.568913e+00
-19.3  17  2.443751e-01
-19.7  17  1.271930e-01
-2.000000e+01  1.700000e+01  0.0
-2.030000e+01  1.700000e+01  0.0
-2.070000e+01  1.700000e+01  0.0
-2.100000e+01  1.700000e+01  0.0
-2.130000e+01  1.700000e+01  0.0
-2.170000e+01  1.700000e+01  0.0
-2.200000e+01  1.700000e+01  0.0
-13.3  21  5.398097e-03
-13.7  21  2.294264e-02
-14  21  1.599272e-02
-14.3  21  4.744163e-01
-14.7  21  8.297010e-01
-15  21  3.609458e+00
-15.3  21  6.409453e+00
-15.7  21  7.241737e+00
-16  21  9.540781e+00
-16.3  21  7.254451e+00
-16.7  21  4.939000e+00
-17  21  3.930083e+00
-17.3  21  4.312811e+00
-17.7  21  1.754200e+00
-18  21  1.665237e+00
-18.3  21  1.372566e+00
-18.7  21  4.799918e-01
-19  21  2.936357e-02
-19.3  21  5.929756e-03
-1.970000e+01  2.100000e+01  0.0
-2.000000e+01  2.100000e+01  0.0
-2.030000e+01  2.100000e+01  0.0
-2.070000e+01  2.100000e+01  0.0
-2.100000e+01  2.100000e+01  0.0
-2.130000e+01  2.100000e+01  0.0
-2.170000e+01  2.100000e+01  0.0
-2.200000e+01  2.100000e+01  0.0
-13.3  26  3.030776e-02
-13.7  26  1.935525e-02
-14  26  4.012949e-01
-14.3  26  2.350774e+00
-14.7  26  3.288402e+00
-15  26  4.579252e+00
-15.3  26  1.153024e+01
-15.7  26  8.704894e+00
-16  26  9.325328e+00
-16.3  26  6.953790e+00
-16.7  26  4.593537e+00
-17  26  3.489907e+00
-17.3  26  3.133810e+00
-17.7  26  1.863161e+00
-18  26  1.547118e+00
-18.3  26  8.897294e-01
-18.7  26  1.098887e-01
-19  26  8.331388e-03
-1.930000e+01  2.600000e+01  0.0
-1.970000e+01  2.600000e+01  0.0
-2.000000e+01  2.600000e+01  0.0
-2.030000e+01  2.600000e+01  0.0
-2.070000e+01  2.600000e+01  0.0
-2.100000e+01  2.600000e+01  0.0
-2.130000e+01  2.600000e+01  0.0
-2.170000e+01  2.600000e+01  0.0
-2.200000e+01  2.600000e+01  0.0
-13.3  32  2.211337e-02
-13.7  32  2.761118e-02
-14  32  7.139640e-01
-14.3  32  8.961576e-01
-14.7  32  2.492570e+00
-15  32  3.502994e+00
-15.3  32  9.198215e+00
-15.7  32  7.554195e+00
-16  32  7.669703e+00
-16.3  32  1.280670e+01
-16.7  32  5.520074e+00
-17  32  4.121435e+00
-17.3  32  2.608855e+00
-17.7  32  1.583199e+00
-18  32  9.402323e-01
-18.3  32  1.264849e-01
-18.7  32  2.713161e-02
-1.900000e+01  3.200000e+01  0.0
-1.930000e+01  3.200000e+01  0.0
-1.970000e+01  3.200000e+01  0.0
-2.000000e+01  3.200000e+01  0.0
-2.030000e+01  3.200000e+01  0.0
-2.070000e+01  3.200000e+01  0.0
-2.100000e+01  3.200000e+01  0.0
-2.130000e+01  3.200000e+01  0.0
-2.170000e+01  3.200000e+01  0.0
-2.200000e+01  3.200000e+01  0.0
-13.3  39  1.979585e-02
-13.7  39  4.991077e-01
-14  39  8.306553e-01
-14.3  39  1.590035e+00
-14.7  39  2.670065e+00
-15  39  3.938919e+00
-15.3  39  7.448555e+00
-15.7  39  5.337101e+00
-16  39  5.501560e+00
-16.3  39  4.698370e+00
-16.7  39  3.054882e+00
-17  39  1.948324e+00
-17.3  39  9.421880e-01
-17.7  39  7.235836e-01
-18  39  1.197796e-01
-1.830000e+01  3.900000e+01  0.0
-1.870000e+01  3.900000e+01  0.0
-1.900000e+01  3.900000e+01  0.0
-1.930000e+01  3.900000e+01  0.0
-1.970000e+01  3.900000e+01  0.0
-2.000000e+01  3.900000e+01  0.0
-2.030000e+01  3.900000e+01  0.0
-2.070000e+01  3.900000e+01  0.0
-2.100000e+01  3.900000e+01  0.0
-2.130000e+01  3.900000e+01  0.0
-2.170000e+01  3.900000e+01  0.0
-2.200000e+01  3.900000e+01  0.0
-13.3  48  3.385656e-02
-13.7  48  1.699519e-01
-14  48  5.143586e-01
-14.3  48  3.479563e+00
-14.7  48  1.614611e+00
-15  48  5.210750e+00
-15.3  48  5.414361e+00
-15.7  48  4.229425e+00
-16  48  5.058055e+00
-16.3  48  4.707169e+00
-16.7  48  2.682643e+00
-17  48  1.508140e+00
-17.3  48  9.481283e-01
-17.7  48  2.872711e-01
-1.800000e+01  4.800000e+01  0.0
-1.830000e+01  4.800000e+01  0.0
-1.870000e+01  4.800000e+01  0.0
-1.900000e+01  4.800000e+01  0.0
-1.930000e+01  4.800000e+01  0.0
-1.970000e+01  4.800000e+01  0.0
-2.000000e+01  4.800000e+01  0.0
-2.030000e+01  4.800000e+01  0.0
-2.070000e+01  4.800000e+01  0.0
-2.100000e+01  4.800000e+01  0.0
-2.130000e+01  4.800000e+01  0.0
-2.170000e+01  4.800000e+01  0.0
-2.200000e+01  4.800000e+01  0.0
-13.3  58  2.288108e-02
-13.7  58  1.453204e-01
-14  58  6.345415e-01
-14.3  58  1.162607e+00
-14.7  58  1.064365e+00
-15  58  1.848019e+00
-15.3  58  3.087414e+00
-15.7  58  2.661205e+00
-16  58  2.484134e+00
-16.3  58  2.782448e+00
-16.7  58  1.798481e+00
-17  58  1.546045e+00
-17.3  58  5.451386e-01
-1.770000e+01  5.800000e+01  0.0
-1.800000e+01  5.800000e+01  0.0
-1.830000e+01  5.800000e+01  0.0
-1.870000e+01  5.800000e+01  0.0
-1.900000e+01  5.800000e+01  0.0
-1.930000e+01  5.800000e+01  0.0
-1.970000e+01  5.800000e+01  0.0
-2.000000e+01  5.800000e+01  0.0
-2.030000e+01  5.800000e+01  0.0
-2.070000e+01  5.800000e+01  0.0
-2.100000e+01  5.800000e+01  0.0
-2.130000e+01  5.800000e+01  0.0
-2.170000e+01  5.800000e+01  0.0
-2.200000e+01  5.800000e+01  0.0
-13.3  88  2.573674e-02
-13.7  88  6.949412e-02
-14  88  1.244747e-01
-14.3  88  3.522751e-01
-14.7  88  5.577446e-01
-15  88  7.503175e-01
-15.3  88  1.244754e+00
-15.7  88  1.307915e+00
-16  88  1.515829e+00
-16.3  88  1.777312e+00
-16.7  88  3.269436e-01
-17  88  3.312214e-02
-1.730000e+01  8.800000e+01  0.0
-1.770000e+01  8.800000e+01  0.0
-1.800000e+01  8.800000e+01  0.0
-1.830000e+01  8.800000e+01  0.0
-1.870000e+01  8.800000e+01  0.0
-1.900000e+01  8.800000e+01  0.0
-1.930000e+01  8.800000e+01  0.0
-1.970000e+01  8.800000e+01  0.0
-2.000000e+01  8.800000e+01  0.0
-2.030000e+01  8.800000e+01  0.0
-2.070000e+01  8.800000e+01  0.0
-2.100000e+01  8.800000e+01  0.0
-2.130000e+01  8.800000e+01  0.0
-2.170000e+01  8.800000e+01  0.0
-2.200000e+01  8.800000e+01  0.0
-13.3  108  2.568488e-03
-13.7  108  9.853819e-03
-14  108  1.236027e-01
-14.3  108  2.677511e-01
-14.7  108  2.812630e-01
-15  108  3.940134e-01
-15.3  108  4.001193e-01
-15.7  108  4.126379e-01
-16  108  6.036279e-01
-16.3  108  4.455296e-01
-16.7  108  1.087729e-01
-1.700000e+01  1.080000e+02  0.0
-1.730000e+01  1.080000e+02  0.0
-1.770000e+01  1.080000e+02  0.0
-1.800000e+01  1.080000e+02  0.0
-1.830000e+01  1.080000e+02  0.0
-1.870000e+01  1.080000e+02  0.0
-1.900000e+01  1.080000e+02  0.0
-1.930000e+01  1.080000e+02  0.0
-1.970000e+01  1.080000e+02  0.0
-2.000000e+01  1.080000e+02  0.0
-2.030000e+01  1.080000e+02  0.0
-2.070000e+01  1.080000e+02  0.0
-2.100000e+01  1.080000e+02  0.0
-2.130000e+01  1.080000e+02  0.0
-2.170000e+01  1.080000e+02  0.0
-2.200000e+01  1.080000e+02  0.0
-13.3  132  6.701073e-03
-13.7  132  1.694954e-02
-14  132  5.691687e-02
-14.3  132  5.409956e-02
-14.7  132  7.995739e-02
-15  132  1.181396e-01
-15.3  132  1.544661e-01
-15.7  132  1.856675e-01
-16  132  1.600563e-01
-16.3  132  3.441056e-02
-1.670000e+01  1.320000e+02  0.0
-1.700000e+01  1.320000e+02  0.0
-1.730000e+01  1.320000e+02  0.0
-1.770000e+01  1.320000e+02  0.0
-1.800000e+01  1.320000e+02  0.0
-1.830000e+01  1.320000e+02  0.0
-1.870000e+01  1.320000e+02  0.0
-1.900000e+01  1.320000e+02  0.0
-1.930000e+01  1.320000e+02  0.0
-1.970000e+01  1.320000e+02  0.0
-2.000000e+01  1.320000e+02  0.0
-2.030000e+01  1.320000e+02  0.0
-2.070000e+01  1.320000e+02  0.0
-2.100000e+01  1.320000e+02  0.0
-2.130000e+01  1.320000e+02  0.0
-2.170000e+01  1.320000e+02  0.0
-2.200000e+01  1.320000e+02  0.0
-13.3  162  8.790900e-03
-13.7  162  1.334340e-02
-14  162  2.544926e-02
-14.3  162  2.930452e-02
-14.7  162  3.153412e-02
-15  162  5.988988e-02
-15.3  162  1.220425e-01
-15.7  162  7.577266e-02
-16  162  3.091038e-02
-1.630000e+01  1.620000e+02  0.0
-1.670000e+01  1.620000e+02  0.0
-1.700000e+01  1.620000e+02  0.0
-1.730000e+01  1.620000e+02  0.0
-1.770000e+01  1.620000e+02  0.0
-1.800000e+01  1.620000e+02  0.0
-1.830000e+01  1.620000e+02  0.0
-1.870000e+01  1.620000e+02  0.0
-1.900000e+01  1.620000e+02  0.0
-1.930000e+01  1.620000e+02  0.0
-1.970000e+01  1.620000e+02  0.0
-2.000000e+01  1.620000e+02  0.0
-2.030000e+01  1.620000e+02  0.0
-2.070000e+01  1.620000e+02  0.0
-2.100000e+01  1.620000e+02  0.0
-2.130000e+01  1.620000e+02  0.0
-2.170000e+01  1.620000e+02  0.0
-2.200000e+01  1.620000e+02  0.0
-13.3  199  5.298505e-03
-13.7  199  6.971349e-03
-14  199  8.957670e-03
-14.3  199  1.952215e-02
-14.7  199  2.882994e-02
-15  199  3.560391e-02
-15.3  199  3.289416e-02
-15.7  199  1.516911e-02
-1.600000e+01  1.990000e+02  0.0
-1.630000e+01  1.990000e+02  0.0
-1.670000e+01  1.990000e+02  0.0
-1.700000e+01  1.990000e+02  0.0
-1.730000e+01  1.990000e+02  0.0
-1.770000e+01  1.990000e+02  0.0
-1.800000e+01  1.990000e+02  0.0
-1.830000e+01  1.990000e+02  0.0
-1.870000e+01  1.990000e+02  0.0
-1.900000e+01  1.990000e+02  0.0
-1.930000e+01  1.990000e+02  0.0
-1.970000e+01  1.990000e+02  0.0
-2.000000e+01  1.990000e+02  0.0
-2.030000e+01  1.990000e+02  0.0
-2.070000e+01  1.990000e+02  0.0
-2.100000e+01  1.990000e+02  0.0
-2.130000e+01  1.990000e+02  0.0
-2.170000e+01  1.990000e+02  0.0
-2.200000e+01  1.990000e+02  0.0
-13.3  244  1.351688e-03
-13.7  244  2.521822e-03
-14  244  5.350699e-03
-14.3  244  2.008865e-02
-14.7  244  2.894935e-02
-15  244  2.770223e-03
-15.3  244  8.758773e-04
-15.7  244  1.146782e-03
-1.600000e+01  2.440000e+02  0.0
-1.630000e+01  2.440000e+02  0.0
-1.670000e+01  2.440000e+02  0.0
-1.700000e+01  2.440000e+02  0.0
-1.730000e+01  2.440000e+02  0.0
-1.770000e+01  2.440000e+02  0.0
-1.800000e+01  2.440000e+02  0.0
-1.830000e+01  2.440000e+02  0.0
-1.870000e+01  2.440000e+02  0.0
-1.900000e+01  2.440000e+02  0.0
-1.930000e+01  2.440000e+02  0.0
-1.970000e+01  2.440000e+02  0.0
-2.000000e+01  2.440000e+02  0.0
-2.030000e+01  2.440000e+02  0.0
-2.070000e+01  2.440000e+02  0.0
-2.100000e+01  2.440000e+02  0.0
-2.130000e+01  2.440000e+02  0.0
-2.170000e+01  2.440000e+02  0.0
-2.200000e+01  2.440000e+02  0.0
-13.3  300  1.519962e-04
-13.7  300  5.035817e-04
-14  300  1.602734e-03
-14.3  300  2.325768e-03
-14.7  300  9.499338e-04
-15  300  2.534207e-04
-15.3  300  6.123716e-05
-1.570000e+01  3.000000e+02  0.0
-1.600000e+01  3.000000e+02  0.0
-1.630000e+01  3.000000e+02  0.0
-1.670000e+01  3.000000e+02  0.0
-1.700000e+01  3.000000e+02  0.0
-1.730000e+01  3.000000e+02  0.0
-1.770000e+01  3.000000e+02  0.0
-1.800000e+01  3.000000e+02  0.0
-1.830000e+01  3.000000e+02  0.0
-1.870000e+01  3.000000e+02  0.0
-1.900000e+01  3.000000e+02  0.0
-1.930000e+01  3.000000e+02  0.0
-1.970000e+01  3.000000e+02  0.0
-2.000000e+01  3.000000e+02  0.0
-2.030000e+01  3.000000e+02  0.0
-2.070000e+01  3.000000e+02  0.0
-2.100000e+01  3.000000e+02  0.0
-2.130000e+01  3.000000e+02  0.0
-2.170000e+01  3.000000e+02  0.0
-2.200000e+01  3.000000e+02  0.0
