# log10(y)    mass[MeV]    Nhits
-13.3  5  9.403399e-19
-13.7  5  2.183592e-14
-14  5  9.667790e-11
-14.3  5  1.051501e-07
-14.7  5  2.595638e-05
-15  5  1.848098e-03
-15.3  5  9.495702e-03
-15.7  5  1.570286e-01
-16  5  7.071016e-01
-16.3  5  2.943744e+00
-16.7  5  4.204468e+00
-17  5  7.431787e+00
-17.3  5  7.821475e+00
-17.7  5  1.054747e+01
-18  5  9.631149e+00
-18.3  5  7.944964e+00
-18.7  5  5.110229e+00
-19  5  3.536352e+00
-19.3  5  2.246542e+00
-19.7  5  9.700969e-01
-20  5  5.822879e-01
-20.3  5  3.323297e-01
-20.7  5  1.630953e-01
-21  5  2.838662e-02
-21.3  5  9.246224e-03
-21.7  5  1.347254e-03
-2.200000e+01  5.000000e+00  0.0
-13.3  6  1.294514e-14
-13.7  6  5.493011e-11
-14  6  2.769093e-08
-14.3  6  9.052587e-06
-14.7  6  6.231824e-04
-15  6  1.324115e-02
-15.3  6  1.870079e-01
-15.7  6  6.577341e-01
-16  6  2.075023e+00
-16.3  6  5.539691e+00
-16.7  6  7.129923e+00
-17  6  8.082809e+00
-17.3  6  1.965317e+01
-17.7  6  2.113928e+01
-18  6  2.292003e+01
-18.3  6  1.722573e+01
-18.7  6  1.193150e+01
-19  6  8.472319e+00
-19.3  6  5.349549e+00
-19.7  6  2.376507e+00
-20  6  1.528881e+00
-20.3  6  1.086065e+00
-20.7  6  3.001468e-01
-21  6  8.536968e-02
-21.3  6  2.917734e-02
-2.170000e+01  6.000000e+00  0.0
-2.200000e+01  6.000000e+00  0.0
-13.3  8  1.595966e-10
-13.7  8  1.078137e-07
-14  8  1.504935e-05
-14.3  8  9.885619e-04
-14.7  8  1.542893e-02
-15  8  9.503453e-02
-15.3  8  4.932432e-01
-15.7  8  1.283922e+00
-16  8  2.666545e+00
-16.3  8  4.350200e+00
-16.7  8  4.102514e+00
-17  8  8.225888e+00
-17.3  8  1.190599e+01
-17.7  8  1.189683e+01
-18  8  9.781498e+00
-18.3  8  8.294168e+00
-18.7  8  4.521094e+00
-19  8  3.001883e+00
-19.3  8  1.816827e+00
-19.7  8  9.064362e-01
-20  8  6.990413e-01
-20.3  8  3.546091e-01
-20.7  8  3.209499e-02
-21  8  2.050332e-02
-2.130000e+01  8.000000e+00  0.0
-2.170000e+01  8.000000e+00  0.0
-2.200000e+01  8.000000e+00  0.0
-13.3  9  1.454554e-08
-13.7  9  2.717770e-06
-14  9  1.255773e-04
-14.3  9  2.815915e-03
-14.7  9  1.816545e-02
-15  9  6.737954e-01
-15.3  9  3.034845e+00
-15.7  9  4.440717e+00
-16  9  6.559746e+00
-16.3  9  8.911234e+00
-16.7  9  1.413253e+01
-17  9  2.531683e+01
-17.3  9  2.825143e+01
-17.7  9  2.365568e+01
-18  9  1.987206e+01
-18.3  9  1.440028e+01
-18.7  9  7.493394e+00
-19  9  4.799888e+00
-19.3  9  3.054394e+00
-19.7  9  1.758838e+00
-20  9  9.578077e-01
-20.3  9  3.027342e-01
-20.7  9  1.316087e-02
-2.100000e+01  9.000000e+00  0.0
-2.130000e+01  9.000000e+00  0.0
-2.170000e+01  9.000000e+00  0.0
-2.200000e+01  9.000000e+00  0.0
-13.3  11  3.009980e-06
-13.7  11  2.166190e-04
-14  11  6.688893e-03
-14.3  11  1.675241e-02
-14.7  11  2.230003e-01
-15  11  1.716278e+00
-15.3  11  4.914173e+00
-15.7  11  6.162894e+00
-16  11  6.808570e+00
-16.3  11  1.349128e+01
-16.7  11  1.338984e+01
-17  11  2.212217e+01
-17.3  11  2.919475e+01
-17.7  11  1.626668e+01
-18  11  1.393883e+01
-18.3  11  1.115762e+01
-18.7  11  6.226873e+00
-19  11  4.307924e+00
-19.3  11  2.789736e+00
-19.7  11  1.331358e+00
-20  11  4.180226e-01
-20.3  11  5.656645e-02
-2.070000e+01  1.100000e+01  0.0
-2.100000e+01  1.100000e+01  0.0
-2.130000e+01  1.100000e+01  0.0
-2.170000e+01  1.100000e+01  0.0
-2.200000e+01  1.100000e+01  0.0
-13.3  14  2.538407e-05
-13.7  14  1.046719e-03
-14  14  1.495164e-02
-14.3  14  2.965221e-02
-14.7  14  9.033053e-01
-15  14  2.694109e+00
-15.3  14  1.086462e+01
-15.7  14  7.498330e+00
-16  14  1.497507e+01
-16.3  14  1.745332e+01
-16.7  14  1.748260e+01
-17  14  1.391868e+01
-17.3  14  1.355058e+01
-17.7  14  7.607735e+00
-18  14  5.073928e+00
-18.3  14  3.651456e+00
-18.7  14  1.757225e+00
-19  14  1.225704e+00
-19.3  14  6.068953e-01
-19.7  14  3.319813e-02
-20  14  1.288532e-02
-2.030000e+01  1.400000e+01  0.0
-2.070000e+01  1.400000e+01  0.0
-2.100000e+01  1.400000e+01  0.0
-2.130000e+01  1.400000e+01  0.0
-2.170000e+01  1.400000e+01  0.0
-2.200000e+01  1.400000e+01  0.0
-13.3  17  5.508645e-04
-13.7  17  7.292473e-03
-14  17  3.763680e-02
-14.3  17  2.578639e-01
-14.7  17  6.737870e-01
-15  17  3.205938e+00
-15.3  17  4.152078e+00
-15.7  17  7.484725e+00
-16  17  1.137559e+01
-16.3  17  1.468003e+01
-16.7  17  1.245501e+01
-17  17  1.152070e+01
-17.3  17  1.005783e+01
-17.7  17  6.121715e+00
-18  17  4.493956e+00
-18.3  17  2.819373e+00
-18.7  17  1.368355e+00
-19  17  4.225745e-01
-19.3  17  9.716662e-02
-19.7  17  2.373259e-02
-2.000000e+01  1.700000e+01  0.0
-2.030000e+01  1.700000e+01  0.0
-2.070000e+01  1.700000e+01  0.0
-2.100000e+01  1.700000e+01  0.0
-2.130000e+01  1.700000e+01  0.0
-2.170000e+01  1.700000e+01  0.0
-2.200000e+01  1.700000e+01  0.0
-13.3  21  3.199932e-05
-13.7  21  1.021473e-03
-14  21  1.812317e-02
-14.3  21  4.299937e-01
-14.7  21  7.967601e-01
-15  21  4.000382e+00
-15.3  21  8.330284e+00
-15.7  21  7.646238e+00
-16  21  1.613592e+01
-16.3  21  2.035035e+01
-16.7  21  2.152787e+01
-17  21  1.789121e+01
-17.3  21  1.345987e+01
-17.7  21  7.904025e+00
-18  21  6.440117e+00
-18.3  21  5.721180e+00
-18.7  21  3.006860e+00
-19  21  1.073446e+00
-19.3  21  2.864478e-01
-1.970000e+01  2.100000e+01  0.0
-2.000000e+01  2.100000e+01  0.0
-2.030000e+01  2.100000e+01  0.0
-2.070000e+01  2.100000e+01  0.0
-2.100000e+01  2.100000e+01  0.0
-2.130000e+01  2.100000e+01  0.0
-2.170000e+01  2.100000e+01  0.0
-2.200000e+01  2.100000e+01  0.0
-13.3  26  1.759916e-02
-13.7  26  4.897113e-02
-14  26  1.564479e-01
-14.3  26  2.343641e+00
-14.7  26  3.033308e+00
-15  26  5.248650e+00
-15.3  26  1.383316e+01
-15.7  26  1.452393e+01
-16  26  1.994238e+01
-16.3  26  1.461783e+01
-16.7  26  1.410083e+01
-17  26  1.132907e+01
-17.3  26  3.739505e+00
-17.7  26  2.584186e+00
-18  26  3.100397e+00
-18.3  26  1.645879e+00
-18.7  26  3.302453e-01
-19  26  7.738249e-02
-1.930000e+01  2.600000e+01  0.0
-1.970000e+01  2.600000e+01  0.0
-2.000000e+01  2.600000e+01  0.0
-2.030000e+01  2.600000e+01  0.0
-2.070000e+01  2.600000e+01  0.0
-2.100000e+01  2.600000e+01  0.0
-2.130000e+01  2.600000e+01  0.0
-2.170000e+01  2.600000e+01  0.0
-2.200000e+01  2.600000e+01  0.0
-13.3  32  2.151703e-03
-13.7  32  5.305531e-03
-14  32  6.585937e-01
-14.3  32  9.323400e-01
-14.7  32  2.528960e+00
-15  32  2.662063e+00
-15.3  32  8.793191e+00
-15.7  32  4.432493e+00
-16  32  5.143390e+00
-16.3  32  4.847158e+00
-16.7  32  3.968395e+00
-17  32  3.271978e+00
-17.3  32  2.110795e+00
-17.7  32  1.150796e+00
-18  32  5.549374e-01
-18.3  32  5.926312e-02
-18.7  32  2.388697e-02
-1.900000e+01  3.200000e+01  0.0
-1.930000e+01  3.200000e+01  0.0
-1.970000e+01  3.200000e+01  0.0
-2.000000e+01  3.200000e+01  0.0
-2.030000e+01  3.200000e+01  0.0
-2.070000e+01  3.200000e+01  0.0
-2.100000e+01  3.200000e+01  0.0
-2.130000e+01  3.200000e+01  0.0
-2.170000e+01  3.200000e+01  0.0
-2.200000e+01  3.200000e+01  0.0
-13.3  39  2.827748e-02
-13.7  39  5.205315e-01
-14  39  9.063750e-01
-14.3  39  1.231710e+00
-14.7  39  2.116046e+00
-15  39  3.382896e+00
-15.3  39  7.605870e+00
-15.7  39  6.584131e+00
-16  39  7.379630e+00
-16.3  39  6.574317e+00
-16.7  39  4.350576e+00
-17  39  3.484039e+00
-17.3  39  2.708700e+00
-17.7  39  1.541722e+00
-18  39  5.785724e-01
-1.830000e+01  3.900000e+01  0.0
-1.870000e+01  3.900000e+01  0.0
-1.900000e+01  3.900000e+01  0.0
-1.930000e+01  3.900000e+01  0.0
-1.970000e+01  3.900000e+01  0.0
-2.000000e+01  3.900000e+01  0.0
-2.030000e+01  3.900000e+01  0.0
-2.070000e+01  3.900000e+01  0.0
-2.100000e+01  3.900000e+01  0.0
-2.130000e+01  3.900000e+01  0.0
-2.170000e+01  3.900000e+01  0.0
-2.200000e+01  3.900000e+01  0.0
-13.3  48  1.049893e-01
-13.7  48  1.847830e-01
-14  48  4.925832e-01
-14.3  48  3.151372e+00
-14.7  48  1.442211e+00
-15  48  4.319400e+00
-15.3  48  4.208599e+00
-15.7  48  4.552424e+00
-16  48  4.215043e+00
-16.3  48  3.793869e+00
-16.7  48  2.318801e+00
-17  48  1.495601e+00
-17.3  48  1.187396e+00
-17.7  48  4.125718e-01
-1.800000e+01  4.800000e+01  0.0
-1.830000e+01  4.800000e+01  0.0
-1.870000e+01  4.800000e+01  0.0
-1.900000e+01  4.800000e+01  0.0
-1.930000e+01  4.800000e+01  0.0
-1.970000e+01  4.800000e+01  0.0
-2.000000e+01  4.800000e+01  0.0
-2.030000e+01  4.800000e+01  0.0
-2.070000e+01  4.800000e+01  0.0
-2.100000e+01  4.800000e+01  0.0
-2.130000e+01  4.800000e+01  0.0
-2.170000e+01  4.800000e+01  0.0
-2.200000e+01  4.800000e+01  0.0
-13.3  58  3.240623e-02
-13.7  58  3.304007e-01
-14  58  7.244332e-01
-14.3  58  1.398154e+00
-14.7  58  1.011538e+00
-15  58  1.823961e+00
-15.3  58  4.009247e+00
-15.7  58  3.540981e+00
-16  58  3.365517e+00
-16.3  58  3.083258e+00
-16.7  58  1.823018e+00
-17  58  1.796084e+00
-17.3  58  7.547768e-01
-1.770000e+01  5.800000e+01  0.0
-1.800000e+01  5.800000e+01  0.0
-1.830000e+01  5.800000e+01  0.0
-1.870000e+01  5.800000e+01  0.0
-1.900000e+01  5.800000e+01  0.0
-1.930000e+01  5.800000e+01  0.0
-1.970000e+01  5.800000e+01  0.0
-2.000000e+01  5.800000e+01  0.0
-2.030000e+01  5.800000e+01  0.0
-2.070000e+01  5.800000e+01  0.0
-2.100000e+01  5.800000e+01  0.0
-2.130000e+01  5.800000e+01  0.0
-2.170000e+01  5.800000e+01  0.0
-2.200000e+01  5.800000e+01  0.0
-13.3  88  3.011649e-02
-13.7  88  5.777070e-02
-14  88  1.548056e-01
-14.3  88  4.434325e-01
-14.7  88  6.009914e-01
-15  88  1.079161e+00
-15.3  88  9.571287e-01
-15.7  88  7.433736e-01
-16  88  8.733175e-01
-16.3  88  6.260023e-01
-16.7  88  2.379873e-01
-17  88  4.514157e-02
-1.730000e+01  8.800000e+01  0.0
-1.770000e+01  8.800000e+01  0.0
-1.800000e+01  8.800000e+01  0.0
-1.830000e+01  8.800000e+01  0.0
-1.870000e+01  8.800000e+01  0.0
-1.900000e+01  8.800000e+01  0.0
-1.930000e+01  8.800000e+01  0.0
-1.970000e+01  8.800000e+01  0.0
-2.000000e+01  8.800000e+01  0.0
-2.030000e+01  8.800000e+01  0.0
-2.070000e+01  8.800000e+01  0.0
-2.100000e+01  8.800000e+01  0.0
-2.130000e+01  8.800000e+01  0.0
-2.170000e+01  8.800000e+01  0.0
-2.200000e+01  8.800000e+01  0.0
-13.3  108  1.849852e-02
-13.7  108  6.607624e-02
-14  108  1.864461e-01
-14.3  108  4.643610e-01
-14.7  108  5.478547e-01
-15  108  7.145153e-01
-15.3  108  7.598344e-01
-15.7  108  7.109566e-01
-16  108  8.028152e-01
-16.3  108  5.807248e-01
-16.7  108  1.280647e-01
-1.700000e+01  1.080000e+02  0.0
-1.730000e+01  1.080000e+02  0.0
-1.770000e+01  1.080000e+02  0.0
-1.800000e+01  1.080000e+02  0.0
-1.830000e+01  1.080000e+02  0.0
-1.870000e+01  1.080000e+02  0.0
-1.900000e+01  1.080000e+02  0.0
-1.930000e+01  1.080000e+02  0.0
-1.970000e+01  1.080000e+02  0.0
-2.000000e+01  1.080000e+02  0.0
-2.030000e+01  1.080000e+02  0.0
-2.070000e+01  1.080000e+02  0.0
-2.100000e+01  1.080000e+02  0.0
-2.130000e+01  1.080000e+02  0.0
-2.170000e+01  1.080000e+02  0.0
-2.200000e+01  1.080000e+02  0.0
-13.3  132  2.163030e-02
-13.7  132  3.762572e-02
-14  132  7.058879e-02
-14.3  132  1.432475e-01
-14.7  132  1.427817e-01
-15  132  2.444507e-01
-15.3  132  1.629222e-01
-15.7  132  3.069216e-01
-16  132  4.291836e-01
-16.3  132  8.689643e-02
-1.670000e+01  1.320000e+02  0.0
-1.700000e+01  1.320000e+02  0.0
-1.730000e+01  1.320000e+02  0.0
-1.770000e+01  1.320000e+02  0.0
-1.800000e+01  1.320000e+02  0.0
-1.830000e+01  1.320000e+02  0.0
-1.870000e+01  1.320000e+02  0.0
-1.900000e+01  1.320000e+02  0.0
-1.930000e+01  1.320000e+02  0.0
-1.970000e+01  1.320000e+02  0.0
-2.000000e+01  1.320000e+02  0.0
-2.030000e+01  1.320000e+02  0.0
-2.070000e+01  1.320000e+02  0.0
-2.100000e+01  1.320000e+02  0.0
-2.130000e+01  1.320000e+02  0.0
-2.170000e+01  1.320000e+02  0.0
-2.200000e+01  1.320000e+02  0.0
-13.3  162  1.091168e-02
-13.7  162  1.702487e-02
-14  162  3.399170e-02
-14.3  162  2.411990e-02
-14.7  162  2.601762e-02
-15  162  3.672512e-02
-15.3  162  1.337230e-01
-15.7  162  7.717426e-02
-16  162  2.497885e-02
-1.630000e+01  1.620000e+02  0.0
-1.670000e+01  1.620000e+02  0.0
-1.700000e+01  1.620000e+02  0.0
-1.730000e+01  1.620000e+02  0.0
-1.770000e+01  1.620000e+02  0.0
-1.800000e+01  1.620000e+02  0.0
-1.830000e+01  1.620000e+02  0.0
-1.870000e+01  1.620000e+02  0.0
-1.900000e+01  1.620000e+02  0.0
-1.930000e+01  1.620000e+02  0.0
-1.970000e+01  1.620000e+02  0.0
-2.000000e+01  1.620000e+02  0.0
-2.030000e+01  1.620000e+02  0.0
-2.070000e+01  1.620000e+02  0.0
-2.100000e+01  1.620000e+02  0.0
-2.130000e+01  1.620000e+02  0.0
-2.170000e+01  1.620000e+02  0.0
-2.200000e+01  1.620000e+02  0.0
-13.3  199  3.920085e-03
-13.7  199  5.265786e-03
-14  199  6.905014e-03
-14.3  199  8.498607e-03
-14.7  199  2.354347e-02
-15  199  3.696707e-02
-15.3  199  3.584053e-02
-15.7  199  1.318805e-02
-1.600000e+01  1.990000e+02  0.0
-1.630000e+01  1.990000e+02  0.0
-1.670000e+01  1.990000e+02  0.0
-1.700000e+01  1.990000e+02  0.0
-1.730000e+01  1.990000e+02  0.0
-1.770000e+01  1.990000e+02  0.0
-1.800000e+01  1.990000e+02  0.0
-1.830000e+01  1.990000e+02  0.0
-1.870000e+01  1.990000e+02  0.0
-1.900000e+01  1.990000e+02  0.0
-1.930000e+01  1.990000e+02  0.0
-1.970000e+01  1.990000e+02  0.0
-2.000000e+01  1.990000e+02  0.0
-2.030000e+01  1.990000e+02  0.0
-2.070000e+01  1.990000e+02  0.0
-2.100000e+01  1.990000e+02  0.0
-2.130000e+01  1.990000e+02  0.0
-2.170000e+01  1.990000e+02  0.0
-2.200000e+01  1.990000e+02  0.0
-13.3  244  2.903744e-04
-13.7  244  5.331649e-04
-14  244  1.119534e-03
-14.3  244  4.162574e-03
-14.7  244  5.960263e-03
-15  244  4.171273e-03
-15.3  244  1.340966e-03
-15.7  244  2.331708e-04
-1.600000e+01  2.440000e+02  0.0
-1.630000e+01  2.440000e+02  0.0
-1.670000e+01  2.440000e+02  0.0
-1.700000e+01  2.440000e+02  0.0
-1.730000e+01  2.440000e+02  0.0
-1.770000e+01  2.440000e+02  0.0
-1.800000e+01  2.440000e+02  0.0
-1.830000e+01  2.440000e+02  0.0
-1.870000e+01  2.440000e+02  0.0
-1.900000e+01  2.440000e+02  0.0
-1.930000e+01  2.440000e+02  0.0
-1.970000e+01  2.440000e+02  0.0
-2.000000e+01  2.440000e+02  0.0
-2.030000e+01  2.440000e+02  0.0
-2.070000e+01  2.440000e+02  0.0
-2.100000e+01  2.440000e+02  0.0
-2.130000e+01  2.440000e+02  0.0
-2.170000e+01  2.440000e+02  0.0
-2.200000e+01  2.440000e+02  0.0
-13.3  300  1.926943e-04
-13.7  300  6.097449e-04
-14  300  1.843531e-03
-14.3  300  2.501242e-03
-14.7  300  1.006559e-03
-15  300  2.605670e-04
-15.3  300  5.934735e-05
-1.570000e+01  3.000000e+02  0.0
-1.600000e+01  3.000000e+02  0.0
-1.630000e+01  3.000000e+02  0.0
-1.670000e+01  3.000000e+02  0.0
-1.700000e+01  3.000000e+02  0.0
-1.730000e+01  3.000000e+02  0.0
-1.770000e+01  3.000000e+02  0.0
-1.800000e+01  3.000000e+02  0.0
-1.830000e+01  3.000000e+02  0.0
-1.870000e+01  3.000000e+02  0.0
-1.900000e+01  3.000000e+02  0.0
-1.930000e+01  3.000000e+02  0.0
-1.970000e+01  3.000000e+02  0.0
-2.000000e+01  3.000000e+02  0.0
-2.030000e+01  3.000000e+02  0.0
-2.070000e+01  3.000000e+02  0.0
-2.100000e+01  3.000000e+02  0.0
-2.130000e+01  3.000000e+02  0.0
-2.170000e+01  3.000000e+02  0.0
-2.200000e+01  3.000000e+02  0.0
