# log10(y)    mass[MeV]    Nhits
-13.3  5  4.330964e-18
-13.7  5  1.349144e-13
-14  5  6.446862e-10
-14.3  5  4.587402e-07
-14.7  5  5.459748e-05
-15  5  1.903904e-03
-15.3  5  2.481347e-02
-15.7  5  5.056743e-02
-16  5  2.866082e-01
-16.3  5  1.242689e+00
-16.7  5  2.110556e+00
-17  5  4.653347e+00
-17.3  5  5.708468e+00
-17.7  5  1.505382e+01
-18  5  2.346747e+01
-18.3  5  2.930908e+01
-18.7  5  2.922612e+01
-19  5  2.908442e+01
-19.3  5  2.533690e+01
-19.7  5  1.535409e+01
-20  5  1.193501e+01
-20.3  5  9.335995e+00
-20.7  5  5.430785e+00
-21  5  3.367910e+00
-21.3  5  1.347736e+00
-21.7  5  2.670739e-01
-2.200000e+01  5.000000e+00  0.0
-13.3  6  7.293975e-15
-13.7  6  3.160639e-11
-14  6  1.628732e-08
-14.3  6  5.520989e-06
-14.7  6  3.991310e-04
-15  6  8.894936e-03
-15.3  6  2.498785e-02
-15.7  6  3.712275e-01
-16  6  1.219335e+00
-16.3  6  2.864690e+00
-16.7  6  4.887658e+00
-17  6  6.204096e+00
-17.3  6  1.827334e+01
-17.7  6  2.092357e+01
-18  6  2.464027e+01
-18.3  6  2.282322e+01
-18.7  6  1.889593e+01
-19  6  1.663147e+01
-19.3  6  1.339821e+01
-19.7  6  8.141969e+00
-20  6  6.688659e+00
-20.3  6  5.509298e+00
-20.7  6  1.833910e+00
-21  6  7.185812e-01
-21.3  6  1.827418e-01
-2.170000e+01  6.000000e+00  0.0
-2.200000e+01  6.000000e+00  0.0
-13.3  8  1.060647e-10
-13.7  8  4.102110e-08
-14  8  3.916611e-06
-14.3  8  2.211592e-04
-14.7  8  4.137051e-03
-15  8  2.876249e-02
-15.3  8  3.032522e-01
-15.7  8  8.218536e-01
-16  8  1.782069e+00
-16.3  8  2.803029e+00
-16.7  8  2.642285e+00
-17  8  5.199508e+00
-17.3  8  6.829716e+00
-17.7  8  7.731565e+00
-18  8  7.818952e+00
-18.3  8  8.335583e+00
-18.7  8  6.250055e+00
-19  8  6.128844e+00
-19.3  8  6.133664e+00
-19.7  8  4.490302e+00
-20  8  4.605631e+00
-20.3  8  3.177174e+00
-20.7  8  1.152073e+00
-21  8  3.575229e-01
-2.130000e+01  8.000000e+00  0.0
-2.170000e+01  8.000000e+00  0.0
-2.200000e+01  8.000000e+00  0.0
-13.3  9  3.149983e-10
-13.7  9  5.158266e-08
-14  9  2.913477e-06
-14.3  9  1.185542e-04
-14.7  9  1.815217e-03
-15  9  2.406301e-01
-15.3  9  1.082203e+00
-15.7  9  2.108949e+00
-16  9  3.428062e+00
-16.3  9  3.871278e+00
-16.7  9  7.013620e+00
-17  9  1.462961e+01
-17.3  9  1.865651e+01
-17.7  9  1.821575e+01
-18  9  1.939681e+01
-18.3  9  1.543027e+01
-18.7  9  9.015480e+00
-19  9  7.984427e+00
-19.3  9  6.674070e+00
-19.7  9  4.679278e+00
-20  9  2.920944e+00
-20.3  9  1.250449e+00
-20.7  9  2.690623e-01
-2.100000e+01  9.000000e+00  0.0
-2.130000e+01  9.000000e+00  0.0
-2.170000e+01  9.000000e+00  0.0
-2.200000e+01  9.000000e+00  0.0
-13.3  11  7.982357e-10
-13.7  11  3.074264e-07
-14  11  3.410579e-05
-14.3  11  1.037181e-03
-14.7  11  1.674424e-02
-15  11  8.966410e-01
-15.3  11  2.585767e+00
-15.7  11  3.110830e+00
-16  11  3.130097e+00
-16.3  11  6.786107e+00
-16.7  11  6.517858e+00
-17  11  1.051620e+01
-17.3  11  1.151531e+01
-17.7  11  9.897351e+00
-18  11  8.933483e+00
-18.3  11  8.161890e+00
-18.7  11  6.651062e+00
-19  11  6.115075e+00
-19.3  11  4.835649e+00
-19.7  11  2.607283e+00
-20  11  9.679797e-01
-20.3  11  3.163490e-01
-2.070000e+01  1.100000e+01  0.0
-2.100000e+01  1.100000e+01  0.0
-2.130000e+01  1.100000e+01  0.0
-2.170000e+01  1.100000e+01  0.0
-2.200000e+01  1.100000e+01  0.0
-13.3  14  3.112329e-04
-13.7  14  4.566898e-03
-14  14  2.837303e-02
-14.3  14  1.501614e-01
-14.7  14  1.017474e+00
-15  14  2.793305e+00
-15.3  14  5.235050e+00
-15.7  14  4.780555e+00
-16  14  6.583373e+00
-16.3  14  8.770914e+00
-16.7  14  1.017709e+01
-17  14  1.043719e+01
-17.3  14  1.145140e+01
-17.7  14  8.117585e+00
-18  14  5.834401e+00
-18.3  14  6.186653e+00
-18.7  14  4.528256e+00
-19  14  3.688270e+00
-19.3  14  2.249166e+00
-19.7  14  7.034509e-01
-20  14  1.644743e-01
-2.030000e+01  1.400000e+01  0.0
-2.070000e+01  1.400000e+01  0.0
-2.100000e+01  1.400000e+01  0.0
-2.130000e+01  1.400000e+01  0.0
-2.170000e+01  1.400000e+01  0.0
-2.200000e+01  1.400000e+01  0.0
-13.3  17  3.399618e-05
-13.7  17  1.492524e-03
-14  17  8.319170e-02
-14.3  17  5.154996e-01
-14.7  17  1.556205e+00
-15  17  4.710670e+00
-15.3  17  8.856164e+00
-15.7  17  8.641866e+00
-16  17  9.141668e+00
-16.3  17  1.429932e+01
-16.7  17  1.136795e+01
-17  17  1.087747e+01
-17.3  17  9.470309e+00
-17.7  17  5.389843e+00
-18  17  3.434627e+00
-18.3  17  2.315750e+00
-18.7  17  1.266757e+00
-19  17  8.098111e-01
-19.3  17  2.339655e-01
-19.7  17  4.103312e-02
-2.000000e+01  1.700000e+01  0.0
-2.030000e+01  1.700000e+01  0.0
-2.070000e+01  1.700000e+01  0.0
-2.100000e+01  1.700000e+01  0.0
-2.130000e+01  1.700000e+01  0.0
-2.170000e+01  1.700000e+01  0.0
-2.200000e+01  1.700000e+01  0.0
-13.3  21  1.063165e-03
-13.7  21  8.665746e-03
-14  21  1.209791e-01
-14.3  21  5.463239e-01
-14.7  21  9.257389e-01
-15  21  3.565168e+00
-15.3  21  6.400471e+00
-15.7  21  9.575692e+00
-16  21  1.176181e+01
-16.3  21  1.036741e+01
-16.7  21  8.690210e+00
-17  21  7.429899e+00
-17.3  21  5.377328e+00
-17.7  21  3.379678e+00
-18  21  3.011695e+00
-18.3  21  2.822681e+00
-18.7  21  1.524162e+00
-19  21  6.132921e-01
-19.3  21  1.580358e-01
-1.970000e+01  2.100000e+01  0.0
-2.000000e+01  2.100000e+01  0.0
-2.030000e+01  2.100000e+01  0.0
-2.070000e+01  2.100000e+01  0.0
-2.100000e+01  2.100000e+01  0.0
-2.130000e+01  2.100000e+01  0.0
-2.170000e+01  2.100000e+01  0.0
-2.200000e+01  2.100000e+01  0.0
-13.3  26  1.022939e-02
-13.7  26  3.055066e-02
-14  26  1.574429e-01
-14.3  26  1.247552e+00
-14.7  26  2.127646e+00
-15  26  3.856391e+00
-15.3  26  1.104316e+01
-15.7  26  9.054345e+00
-16  26  1.137421e+01
-16.3  26  1.008970e+01
-16.7  26  7.921783e+00
-17  26  5.799786e+00
-17.3  26  3.579857e+00
-17.7  26  1.804129e+00
-18  26  1.476349e+00
-18.3  26  7.890834e-01
-18.7  26  1.708642e-01
-19  26  2.579635e-02
-1.930000e+01  2.600000e+01  0.0
-1.970000e+01  2.600000e+01  0.0
-2.000000e+01  2.600000e+01  0.0
-2.030000e+01  2.600000e+01  0.0
-2.070000e+01  2.600000e+01  0.0
-2.100000e+01  2.600000e+01  0.0
-2.130000e+01  2.600000e+01  0.0
-2.170000e+01  2.600000e+01  0.0
-2.200000e+01  2.600000e+01  0.0
-13.3  32  2.479866e-02
-13.7  32  2.566737e-02
-14  32  3.882685e-01
-14.3  32  6.749095e-01
-14.7  32  1.872894e+00
-15  32  3.108082e+00
-15.3  32  8.418234e+00
-15.7  32  6.737343e+00
-16  32  8.324748e+00
-16.3  32  7.764424e+00
-16.7  32  6.186175e+00
-17  32  4.025505e+00
-17.3  32  3.155648e+00
-17.7  32  1.633031e+00
-18  32  1.139133e+00
-18.3  32  3.204713e-01
-18.7  32  1.673396e-02
-1.900000e+01  3.200000e+01  0.0
-1.930000e+01  3.200000e+01  0.0
-1.970000e+01  3.200000e+01  0.0
-2.000000e+01  3.200000e+01  0.0
-2.030000e+01  3.200000e+01  0.0
-2.070000e+01  3.200000e+01  0.0
-2.100000e+01  3.200000e+01  0.0
-2.130000e+01  3.200000e+01  0.0
-2.170000e+01  3.200000e+01  0.0
-2.200000e+01  3.200000e+01  0.0
-13.3  39  2.266208e-02
-13.7  39  3.055558e-01
-14  39  7.760728e-01
-14.3  39  1.458452e+00
-14.7  39  2.661662e+00
-15  39  3.863945e+00
-15.3  39  8.657226e+00
-15.7  39  7.068417e+00
-16  39  7.438338e+00
-16.3  39  5.966207e+00
-16.7  39  3.699156e+00
-17  39  3.476537e+00
-17.3  39  1.373702e+00
-17.7  39  7.898194e-01
-18  39  2.387960e-01
-1.830000e+01  3.900000e+01  0.0
-1.870000e+01  3.900000e+01  0.0
-1.900000e+01  3.900000e+01  0.0
-1.930000e+01  3.900000e+01  0.0
-1.970000e+01  3.900000e+01  0.0
-2.000000e+01  3.900000e+01  0.0
-2.030000e+01  3.900000e+01  0.0
-2.070000e+01  3.900000e+01  0.0
-2.100000e+01  3.900000e+01  0.0
-2.130000e+01  3.900000e+01  0.0
-2.170000e+01  3.900000e+01  0.0
-2.200000e+01  3.900000e+01  0.0
-13.3  48  1.788527e-01
-13.7  48  2.377876e-01
-14  48  5.872855e-01
-14.3  48  3.547532e+00
-14.7  48  1.435844e+00
-15  48  4.728816e+00
-15.3  48  4.124960e+00
-15.7  48  4.819441e+00
-16  48  4.118470e+00
-16.3  48  3.541176e+00
-16.7  48  2.133650e+00
-17  48  1.544489e+00
-17.3  48  8.409029e-01
-17.7  48  2.794059e-01
-1.800000e+01  4.800000e+01  0.0
-1.830000e+01  4.800000e+01  0.0
-1.870000e+01  4.800000e+01  0.0
-1.900000e+01  4.800000e+01  0.0
-1.930000e+01  4.800000e+01  0.0
-1.970000e+01  4.800000e+01  0.0
-2.000000e+01  4.800000e+01  0.0
-2.030000e+01  4.800000e+01  0.0
-2.070000e+01  4.800000e+01  0.0
-2.100000e+01  4.800000e+01  0.0
-2.130000e+01  4.800000e+01  0.0
-2.170000e+01  4.800000e+01  0.0
-2.200000e+01  4.800000e+01  0.0
-13.3  58  1.098108e-02
-13.7  58  1.410495e-01
-14  58  5.530873e-01
-14.3  58  9.870155e-01
-14.7  58  7.626551e-01
-15  58  1.544392e+00
-15.3  58  3.508318e+00
-15.7  58  3.175569e+00
-16  58  2.780959e+00
-16.3  58  2.337178e+00
-16.7  58  1.481650e+00
-17  58  9.559286e-01
-17.3  58  4.120070e-01
-1.770000e+01  5.800000e+01  0.0
-1.800000e+01  5.800000e+01  0.0
-1.830000e+01  5.800000e+01  0.0
-1.870000e+01  5.800000e+01  0.0
-1.900000e+01  5.800000e+01  0.0
-1.930000e+01  5.800000e+01  0.0
-1.970000e+01  5.800000e+01  0.0
-2.000000e+01  5.800000e+01  0.0
-2.030000e+01  5.800000e+01  0.0
-2.070000e+01  5.800000e+01  0.0
-2.100000e+01  5.800000e+01  0.0
-2.130000e+01  5.800000e+01  0.0
-2.170000e+01  5.800000e+01  0.0
-2.200000e+01  5.800000e+01  0.0
-13.3  88  4.070642e-02
-13.7  88  6.209138e-02
-14  88  1.074090e-01
-14.3  88  3.048933e-01
-14.7  88  4.466919e-01
-15  88  5.718821e-01
-15.3  88  7.813864e-01
-15.7  88  5.035156e-01
-16  88  5.468171e-01
-16.3  88  5.123597e-01
-16.7  88  2.383678e-01
-17  88  6.706927e-02
-1.730000e+01  8.800000e+01  0.0
-1.770000e+01  8.800000e+01  0.0
-1.800000e+01  8.800000e+01  0.0
-1.830000e+01  8.800000e+01  0.0
-1.870000e+01  8.800000e+01  0.0
-1.900000e+01  8.800000e+01  0.0
-1.930000e+01  8.800000e+01  0.0
-1.970000e+01  8.800000e+01  0.0
-2.000000e+01  8.800000e+01  0.0
-2.030000e+01  8.800000e+01  0.0
-2.070000e+01  8.800000e+01  0.0
-2.100000e+01  8.800000e+01  0.0
-2.130000e+01  8.800000e+01  0.0
-2.170000e+01  8.800000e+01  0.0
-2.200000e+01  8.800000e+01  0.0
-13.3  108  3.595825e-02
-13.7  108  2.845863e-02
-14  108  1.314799e-01
-14.3  108  3.535091e-01
-14.7  108  4.016169e-01
-15  108  4.974416e-01
-15.3  108  5.121168e-01
-15.7  108  4.779979e-01
-16  108  5.404295e-01
-16.3  108  3.931707e-01
-16.7  108  7.037879e-02
-1.700000e+01  1.080000e+02  0.0
-1.730000e+01  1.080000e+02  0.0
-1.770000e+01  1.080000e+02  0.0
-1.800000e+01  1.080000e+02  0.0
-1.830000e+01  1.080000e+02  0.0
-1.870000e+01  1.080000e+02  0.0
-1.900000e+01  1.080000e+02  0.0
-1.930000e+01  1.080000e+02  0.0
-1.970000e+01  1.080000e+02  0.0
-2.000000e+01  1.080000e+02  0.0
-2.030000e+01  1.080000e+02  0.0
-2.070000e+01  1.080000e+02  0.0
-2.100000e+01  1.080000e+02  0.0
-2.130000e+01  1.080000e+02  0.0
-2.170000e+01  1.080000e+02  0.0
-2.200000e+01  1.080000e+02  0.0
-13.3  132  1.033760e-02
-13.7  132  2.179812e-02
-14  132  5.614106e-02
-14.3  132  9.566331e-02
-14.7  132  9.959233e-02
-15  132  1.223013e-01
-15.3  132  1.977739e-01
-15.7  132  2.634739e-01
-16  132  2.151499e-01
-16.3  132  7.287969e-02
-1.670000e+01  1.320000e+02  0.0
-1.700000e+01  1.320000e+02  0.0
-1.730000e+01  1.320000e+02  0.0
-1.770000e+01  1.320000e+02  0.0
-1.800000e+01  1.320000e+02  0.0
-1.830000e+01  1.320000e+02  0.0
-1.870000e+01  1.320000e+02  0.0
-1.900000e+01  1.320000e+02  0.0
-1.930000e+01  1.320000e+02  0.0
-1.970000e+01  1.320000e+02  0.0
-2.000000e+01  1.320000e+02  0.0
-2.030000e+01  1.320000e+02  0.0
-2.070000e+01  1.320000e+02  0.0
-2.100000e+01  1.320000e+02  0.0
-2.130000e+01  1.320000e+02  0.0
-2.170000e+01  1.320000e+02  0.0
-2.200000e+01  1.320000e+02  0.0
-13.3  162  8.308181e-03
-13.7  162  1.235191e-02
-14  162  2.325632e-02
-14.3  162  2.654495e-02
-14.7  162  2.823523e-02
-15  162  5.703161e-02
-15.3  162  1.276352e-01
-15.7  162  7.595355e-02
-16  162  2.527909e-02
-1.630000e+01  1.620000e+02  0.0
-1.670000e+01  1.620000e+02  0.0
-1.700000e+01  1.620000e+02  0.0
-1.730000e+01  1.620000e+02  0.0
-1.770000e+01  1.620000e+02  0.0
-1.800000e+01  1.620000e+02  0.0
-1.830000e+01  1.620000e+02  0.0
-1.870000e+01  1.620000e+02  0.0
-1.900000e+01  1.620000e+02  0.0
-1.930000e+01  1.620000e+02  0.0
-1.970000e+01  1.620000e+02  0.0
-2.000000e+01  1.620000e+02  0.0
-2.030000e+01  1.620000e+02  0.0
-2.070000e+01  1.620000e+02  0.0
-2.100000e+01  1.620000e+02  0.0
-2.130000e+01  1.620000e+02  0.0
-2.170000e+01  1.620000e+02  0.0
-2.200000e+01  1.620000e+02  0.0
-13.3  199  9.987590e-03
-13.7  199  1.422583e-02
-14  199  1.926550e-02
-14.3  199  1.801217e-02
-14.7  199  2.779623e-02
-15  199  3.604790e-02
-15.3  199  3.896381e-02
-15.7  199  3.593300e-02
-1.600000e+01  1.990000e+02  0.0
-1.630000e+01  1.990000e+02  0.0
-1.670000e+01  1.990000e+02  0.0
-1.700000e+01  1.990000e+02  0.0
-1.730000e+01  1.990000e+02  0.0
-1.770000e+01  1.990000e+02  0.0
-1.800000e+01  1.990000e+02  0.0
-1.830000e+01  1.990000e+02  0.0
-1.870000e+01  1.990000e+02  0.0
-1.900000e+01  1.990000e+02  0.0
-1.930000e+01  1.990000e+02  0.0
-1.970000e+01  1.990000e+02  0.0
-2.000000e+01  1.990000e+02  0.0
-2.030000e+01  1.990000e+02  0.0
-2.070000e+01  1.990000e+02  0.0
-2.100000e+01  1.990000e+02  0.0
-2.130000e+01  1.990000e+02  0.0
-2.170000e+01  1.990000e+02  0.0
-2.200000e+01  1.990000e+02  0.0
-13.3  244  4.406878e-04
-13.7  244  8.869072e-04
-14  244  1.988790e-03
-14.3  244  7.884890e-03
-14.7  244  1.176003e-02
-15  244  8.308988e-03
-15.3  244  2.721384e-03
-15.7  244  4.899913e-04
-1.600000e+01  2.440000e+02  0.0
-1.630000e+01  2.440000e+02  0.0
-1.670000e+01  2.440000e+02  0.0
-1.700000e+01  2.440000e+02  0.0
-1.730000e+01  2.440000e+02  0.0
-1.770000e+01  2.440000e+02  0.0
-1.800000e+01  2.440000e+02  0.0
-1.830000e+01  2.440000e+02  0.0
-1.870000e+01  2.440000e+02  0.0
-1.900000e+01  2.440000e+02  0.0
-1.930000e+01  2.440000e+02  0.0
-1.970000e+01  2.440000e+02  0.0
-2.000000e+01  2.440000e+02  0.0
-2.030000e+01  2.440000e+02  0.0
-2.070000e+01  2.440000e+02  0.0
-2.100000e+01  2.440000e+02  0.0
-2.130000e+01  2.440000e+02  0.0
-2.170000e+01  2.440000e+02  0.0
-2.200000e+01  2.440000e+02  0.0
-13.3  300  1.123342e-04
-13.7  300  3.816888e-04
-14  300  1.237192e-03
-14.3  300  1.813160e-03
-14.7  300  7.398649e-04
-15  300  1.966941e-04
-15.3  300  4.696016e-05
-1.570000e+01  3.000000e+02  0.0
-1.600000e+01  3.000000e+02  0.0
-1.630000e+01  3.000000e+02  0.0
-1.670000e+01  3.000000e+02  0.0
-1.700000e+01  3.000000e+02  0.0
-1.730000e+01  3.000000e+02  0.0
-1.770000e+01  3.000000e+02  0.0
-1.800000e+01  3.000000e+02  0.0
-1.830000e+01  3.000000e+02  0.0
-1.870000e+01  3.000000e+02  0.0
-1.900000e+01  3.000000e+02  0.0
-1.930000e+01  3.000000e+02  0.0
-1.970000e+01  3.000000e+02  0.0
-2.000000e+01  3.000000e+02  0.0
-2.030000e+01  3.000000e+02  0.0
-2.070000e+01  3.000000e+02  0.0
-2.100000e+01  3.000000e+02  0.0
-2.130000e+01  3.000000e+02  0.0
-2.170000e+01  3.000000e+02  0.0
-2.200000e+01  3.000000e+02  0.0
