# log10(y)    mass[MeV]    Nhits
-13.3  5  1.210439e-07
-13.7  5  4.807635e-06
-14  5  1.502547e-04
-14.3  5  2.594637e-03
-14.7  5  2.043027e-02
-15  5  1.029997e-01
-15.3  5  3.524671e-01
-15.7  5  6.651708e-01
-16  5  9.425258e-01
-16.3  5  1.549939e+00
-16.7  5  1.158393e+00
-17  5  1.373115e+00
-17.3  5  1.224969e+00
-17.7  5  1.284132e+00
-18  5  1.175168e+00
-18.3  5  9.718130e-01
-18.7  5  6.707143e-01
-19  5  5.283450e-01
-19.3  5  3.928694e-01
-19.7  5  2.115169e-01
-20  5  1.512725e-01
-20.3  5  1.093853e-01
-20.7  5  6.128687e-02
-21  5  3.699787e-02
-21.3  5  1.431373e-02
-21.7  5  2.642535e-03
-2.200000e+01  5.000000e+00  0.0
-13.3  6  2.736606e-06
-13.7  6  7.470753e-05
-14  6  7.892945e-04
-14.3  6  1.155103e-02
-14.7  6  7.308608e-02
-15  6  2.498475e-01
-15.3  6  7.650490e-01
-15.7  6  9.561058e-01
-16  6  1.320247e+00
-16.3  6  1.347629e+00
-16.7  6  1.147715e+00
-17  6  1.079831e+00
-17.3  6  1.452046e+00
-17.7  6  1.161447e+00
-18  6  9.941785e-01
-18.3  6  7.002744e-01
-18.7  6  4.414296e-01
-19  6  3.244356e-01
-19.3  6  2.233470e-01
-19.7  6  1.161149e-01
-20  6  8.771402e-02
-20.3  6  7.001506e-02
-20.7  6  3.424921e-02
-21  6  1.274035e-02
-21.3  6  3.218307e-03
-2.170000e+01  6.000000e+00  0.0
-2.200000e+01  6.000000e+00  0.0
-13.3  8  9.271911e-05
-13.7  8  6.663673e-04
-14  8  4.057155e-03
-14.3  8  2.967936e-02
-14.7  8  1.087800e-01
-15  8  4.494248e-01
-15.3  8  9.019894e-01
-15.7  8  1.143162e+00
-16  8  1.251761e+00
-16.3  8  1.188424e+00
-16.7  8  8.574903e-01
-17  8  9.241173e-01
-17.3  8  8.643630e-01
-17.7  8  6.882114e-01
-18  8  4.786511e-01
-18.3  8  3.454724e-01
-18.7  8  1.777383e-01
-19  8  1.109143e-01
-19.3  8  6.574966e-02
-19.7  8  3.138908e-02
-20  8  2.434334e-02
-20.3  8  1.415823e-02
-20.7  8  3.776897e-03
-21  8  7.904206e-04
-2.130000e+01  8.000000e+00  0.0
-2.170000e+01  8.000000e+00  0.0
-2.200000e+01  8.000000e+00  0.0
-13.3  9  2.534074e-04
-13.7  9  2.134206e-03
-14  9  1.376077e-02
-14.3  9  8.279034e-02
-14.7  9  2.224756e-01
-15  9  6.777145e-01
-15.3  9  1.469594e+00
-15.7  9  1.431936e+00
-16  9  1.294153e+00
-16.3  9  1.150511e+00
-16.7  9  9.543613e-01
-17  9  1.077923e+00
-17.3  9  8.943719e-01
-17.7  9  5.900664e-01
-18  9  4.363569e-01
-18.3  9  2.928024e-01
-18.7  9  1.449560e-01
-19  9  8.784309e-02
-19.3  9  5.626220e-02
-19.7  9  3.292213e-02
-20  9  1.823427e-02
-20.3  9  6.111018e-03
-20.7  9  1.066857e-03
-2.100000e+01  9.000000e+00  0.0
-2.130000e+01  9.000000e+00  0.0
-2.170000e+01  9.000000e+00  0.0
-2.200000e+01  9.000000e+00  0.0
-13.3  11  2.186579e-03
-13.7  11  9.397927e-03
-14  11  4.018624e-02
-14.3  11  1.153896e-01
-14.7  11  3.212218e-01
-15  11  9.361173e-01
-15.3  11  1.477779e+00
-15.7  11  1.125123e+00
-16  11  9.914895e-01
-16.3  11  1.101687e+00
-16.7  11  7.046774e-01
-17  11  7.749233e-01
-17.3  11  5.761486e-01
-17.7  11  3.768039e-01
-18  11  2.613744e-01
-18.3  11  1.682537e-01
-18.7  11  9.211743e-02
-19  11  6.019092e-02
-19.3  11  3.819154e-02
-19.7  11  1.820919e-02
-20  11  5.723283e-03
-20.3  11  1.351746e-03
-2.070000e+01  1.100000e+01  0.0
-2.100000e+01  1.100000e+01  0.0
-2.130000e+01  1.100000e+01  0.0
-2.170000e+01  1.100000e+01  0.0
-2.200000e+01  1.100000e+01  0.0
-13.3  14  7.202892e-03
-13.7  14  2.440574e-02
-14  14  5.843160e-02
-14.3  14  1.733763e-01
-14.7  14  5.739640e-01
-15  14  9.038192e-01
-15.3  14  1.274732e+00
-15.7  14  7.266328e-01
-16  14  1.013098e+00
-16.3  14  8.596685e-01
-16.7  14  7.161368e-01
-17  14  4.838078e-01
-17.3  14  4.098094e-01
-17.7  14  2.074933e-01
-18  14  1.296503e-01
-18.3  14  8.778692e-02
-18.7  14  4.299269e-02
-19  14  2.955885e-02
-19.3  14  1.648583e-02
-19.7  14  4.273852e-03
-20  14  9.550959e-04
-2.030000e+01  1.400000e+01  0.0
-2.070000e+01  1.400000e+01  0.0
-2.100000e+01  1.400000e+01  0.0
-2.130000e+01  1.400000e+01  0.0
-2.170000e+01  1.400000e+01  0.0
-2.200000e+01  1.400000e+01  0.0
-13.3  17  1.283512e-02
-13.7  17  4.192562e-02
-14  17  1.533498e-01
-14.3  17  3.182519e-01
-14.7  17  4.957686e-01
-15  17  9.652849e-01
-15.3  17  1.260694e+00
-15.7  17  8.688129e-01
-16  17  7.880954e-01
-16.3  17  8.716280e-01
-16.7  17  5.441397e-01
-17  17  3.912568e-01
-17.3  17  2.617196e-01
-17.7  17  1.299575e-01
-18  17  7.733553e-02
-18.3  17  4.718114e-02
-18.7  17  2.696609e-02
-19  17  1.588001e-02
-19.3  17  4.537195e-03
-19.7  17  7.900070e-04
-2.000000e+01  1.700000e+01  0.0
-2.030000e+01  1.700000e+01  0.0
-2.070000e+01  1.700000e+01  0.0
-2.100000e+01  1.700000e+01  0.0
-2.130000e+01  1.700000e+01  0.0
-2.170000e+01  1.700000e+01  0.0
-2.200000e+01  1.700000e+01  0.0
-13.3  21  2.131084e-02
-13.7  21  5.068459e-02
-14  21  1.287380e-01
-14.3  21  2.657289e-01
-14.7  21  2.702767e-01
-15  21  9.008355e-01
-15.3  21  1.112641e+00
-15.7  21  8.160247e-01
-16  21  8.086060e-01
-16.3  21  5.427142e-01
-16.7  21  3.689547e-01
-17  21  2.508419e-01
-17.3  21  1.489606e-01
-17.7  21  7.095663e-02
-18  21  4.459957e-02
-18.3  21  3.321828e-02
-18.7  21  1.569855e-02
-19  21  4.738357e-03
-19.3  21  9.740928e-04
-1.970000e+01  2.100000e+01  0.0
-2.000000e+01  2.100000e+01  0.0
-2.030000e+01  2.100000e+01  0.0
-2.070000e+01  2.100000e+01  0.0
-2.100000e+01  2.100000e+01  0.0
-2.130000e+01  2.100000e+01  0.0
-2.170000e+01  2.100000e+01  0.0
-2.200000e+01  2.100000e+01  0.0
-13.3  26  1.980145e-02
-13.7  26  3.812842e-02
-14  26  9.564903e-02
-14.3  26  3.907736e-01
-14.7  26  4.339643e-01
-15  26  5.359437e-01
-15.3  26  8.224670e-01
-15.7  26  5.943770e-01
-16  26  5.632190e-01
-16.3  26  4.030000e-01
-16.7  26  2.425808e-01
-17  26  1.572309e-01
-17.3  26  8.619929e-02
-17.7  26  4.285605e-02
-18  26  3.273325e-02
-18.3  26  1.825399e-02
-18.7  26  4.804520e-03
-19  26  9.667582e-04
-1.930000e+01  2.600000e+01  0.0
-1.970000e+01  2.600000e+01  0.0
-2.000000e+01  2.600000e+01  0.0
-2.030000e+01  2.600000e+01  0.0
-2.070000e+01  2.600000e+01  0.0
-2.100000e+01  2.600000e+01  0.0
-2.130000e+01  2.600000e+01  0.0
-2.170000e+01  2.600000e+01  0.0
-2.200000e+01  2.600000e+01  0.0
-13.3  32  1.724293e-02
-13.7  32  1.796300e-02
-14  32  1.378726e-01
-14.3  32  1.483154e-01
-14.7  32  3.554742e-01
-15  32  3.128275e-01
-15.3  32  5.864258e-01
-15.7  32  3.644660e-01
-16  32  3.571844e-01
-16.3  32  2.754998e-01
-16.7  32  1.410101e-01
-17  32  9.251766e-02
-17.3  32  6.170528e-02
-17.7  32  3.244623e-02
-18  32  1.912090e-02
-18.3  32  6.428304e-03
-18.7  32  1.060036e-03
-1.900000e+01  3.200000e+01  0.0
-1.930000e+01  3.200000e+01  0.0
-1.970000e+01  3.200000e+01  0.0
-2.000000e+01  3.200000e+01  0.0
-2.030000e+01  3.200000e+01  0.0
-2.070000e+01  3.200000e+01  0.0
-2.100000e+01  3.200000e+01  0.0
-2.130000e+01  3.200000e+01  0.0
-2.170000e+01  3.200000e+01  0.0
-2.200000e+01  3.200000e+01  0.0
-13.3  39  8.491205e-03
-13.7  39  4.722533e-02
-14  39  9.804372e-02
-14.3  39  1.352560e-01
-14.7  39  1.842253e-01
-15  39  2.165251e-01
-15.3  39  3.377457e-01
-15.7  39  2.301035e-01
-16  39  2.025103e-01
-16.3  39  1.380030e-01
-16.7  39  7.491571e-02
-17  39  4.931607e-02
-17.3  39  3.541845e-02
-17.7  39  1.763197e-02
-18  39  5.519786e-03
-1.830000e+01  3.900000e+01  0.0
-1.870000e+01  3.900000e+01  0.0
-1.900000e+01  3.900000e+01  0.0
-1.930000e+01  3.900000e+01  0.0
-1.970000e+01  3.900000e+01  0.0
-2.000000e+01  3.900000e+01  0.0
-2.030000e+01  3.900000e+01  0.0
-2.070000e+01  3.900000e+01  0.0
-2.100000e+01  3.900000e+01  0.0
-2.130000e+01  3.900000e+01  0.0
-2.170000e+01  3.900000e+01  0.0
-2.200000e+01  3.900000e+01  0.0
-13.3  48  9.144985e-03
-13.7  48  1.365691e-02
-14  48  3.052345e-02
-14.3  48  1.535560e-01
-14.7  48  6.090109e-02
-15  48  1.587430e-01
-15.3  48  1.329128e-01
-15.7  48  1.261577e-01
-16  48  9.684772e-02
-16.3  48  7.294523e-02
-16.7  48  3.916256e-02
-17  48  2.786967e-02
-17.3  48  1.832154e-02
-17.7  48  5.194013e-03
-1.800000e+01  4.800000e+01  0.0
-1.830000e+01  4.800000e+01  0.0
-1.870000e+01  4.800000e+01  0.0
-1.900000e+01  4.800000e+01  0.0
-1.930000e+01  4.800000e+01  0.0
-1.970000e+01  4.800000e+01  0.0
-2.000000e+01  4.800000e+01  0.0
-2.030000e+01  4.800000e+01  0.0
-2.070000e+01  4.800000e+01  0.0
-2.100000e+01  4.800000e+01  0.0
-2.130000e+01  4.800000e+01  0.0
-2.170000e+01  4.800000e+01  0.0
-2.200000e+01  4.800000e+01  0.0
-13.3  58  2.906794e-03
-13.7  58  8.975603e-03
-14  58  2.847003e-02
-14.3  58  4.395603e-02
-14.7  58  3.497085e-02
-15  58  5.183167e-02
-15.3  58  8.267781e-02
-15.7  58  6.479928e-02
-16  58  4.987982e-02
-16.3  58  3.634124e-02
-16.7  58  2.273171e-02
-17  58  1.550585e-02
-17.3  58  6.272158e-03
-1.770000e+01  5.800000e+01  0.0
-1.800000e+01  5.800000e+01  0.0
-1.830000e+01  5.800000e+01  0.0
-1.870000e+01  5.800000e+01  0.0
-1.900000e+01  5.800000e+01  0.0
-1.930000e+01  5.800000e+01  0.0
-1.970000e+01  5.800000e+01  0.0
-2.000000e+01  5.800000e+01  0.0
-2.030000e+01  5.800000e+01  0.0
-2.070000e+01  5.800000e+01  0.0
-2.100000e+01  5.800000e+01  0.0
-2.130000e+01  5.800000e+01  0.0
-2.170000e+01  5.800000e+01  0.0
-2.200000e+01  5.800000e+01  0.0
-13.3  88  6.865311e-04
-13.7  88  9.142468e-04
-14  88  1.440235e-03
-14.3  88  3.560724e-03
-14.7  88  4.755746e-03
-15  88  5.813379e-03
-15.3  88  6.532321e-03
-15.7  88  4.131457e-03
-16  88  4.217603e-03
-16.3  88  3.749490e-03
-16.7  88  1.704054e-03
-17  88  4.578557e-04
-1.730000e+01  8.800000e+01  0.0
-1.770000e+01  8.800000e+01  0.0
-1.800000e+01  8.800000e+01  0.0
-1.830000e+01  8.800000e+01  0.0
-1.870000e+01  8.800000e+01  0.0
-1.900000e+01  8.800000e+01  0.0
-1.930000e+01  8.800000e+01  0.0
-1.970000e+01  8.800000e+01  0.0
-2.000000e+01  8.800000e+01  0.0
-2.030000e+01  8.800000e+01  0.0
-2.070000e+01  8.800000e+01  0.0
-2.100000e+01  8.800000e+01  0.0
-2.130000e+01  8.800000e+01  0.0
-2.170000e+01  8.800000e+01  0.0
-2.200000e+01  8.800000e+01  0.0
-13.3  108  0.000000e+00
-13.7  108  0.000000e+00
-14  108  0.000000e+00
-14.3  108  0.000000e+00
-14.7  108  0.000000e+00
-15  108  0.000000e+00
-15.3  108  0.000000e+00
-15.7  108  0.000000e+00
-16  108  0.000000e+00
-16.3  108  0.000000e+00
-16.7  108  0.000000e+00
-1.700000e+01  1.080000e+02  0.0
-1.730000e+01  1.080000e+02  0.0
-1.770000e+01  1.080000e+02  0.0
-1.800000e+01  1.080000e+02  0.0
-1.830000e+01  1.080000e+02  0.0
-1.870000e+01  1.080000e+02  0.0
-1.900000e+01  1.080000e+02  0.0
-1.930000e+01  1.080000e+02  0.0
-1.970000e+01  1.080000e+02  0.0
-2.000000e+01  1.080000e+02  0.0
-2.030000e+01  1.080000e+02  0.0
-2.070000e+01  1.080000e+02  0.0
-2.100000e+01  1.080000e+02  0.0
-2.130000e+01  1.080000e+02  0.0
-2.170000e+01  1.080000e+02  0.0
-2.200000e+01  1.080000e+02  0.0
-13.3  132  0.000000e+00
-13.7  132  0.000000e+00
-14  132  0.000000e+00
-14.3  132  0.000000e+00
-14.7  132  0.000000e+00
-15  132  0.000000e+00
-15.3  132  0.000000e+00
-15.7  132  0.000000e+00
-16  132  0.000000e+00
-16.3  132  0.000000e+00
-1.670000e+01  1.320000e+02  0.0
-1.700000e+01  1.320000e+02  0.0
-1.730000e+01  1.320000e+02  0.0
-1.770000e+01  1.320000e+02  0.0
-1.800000e+01  1.320000e+02  0.0
-1.830000e+01  1.320000e+02  0.0
-1.870000e+01  1.320000e+02  0.0
-1.900000e+01  1.320000e+02  0.0
-1.930000e+01  1.320000e+02  0.0
-1.970000e+01  1.320000e+02  0.0
-2.000000e+01  1.320000e+02  0.0
-2.030000e+01  1.320000e+02  0.0
-2.070000e+01  1.320000e+02  0.0
-2.100000e+01  1.320000e+02  0.0
-2.130000e+01  1.320000e+02  0.0
-2.170000e+01  1.320000e+02  0.0
-2.200000e+01  1.320000e+02  0.0
-13.3  162  0.000000e+00
-13.7  162  0.000000e+00
-14  162  0.000000e+00
-14.3  162  0.000000e+00
-14.7  162  0.000000e+00
-15  162  0.000000e+00
-15.3  162  0.000000e+00
-15.7  162  0.000000e+00
-16  162  0.000000e+00
-1.630000e+01  1.620000e+02  0.0
-1.670000e+01  1.620000e+02  0.0
-1.700000e+01  1.620000e+02  0.0
-1.730000e+01  1.620000e+02  0.0
-1.770000e+01  1.620000e+02  0.0
-1.800000e+01  1.620000e+02  0.0
-1.830000e+01  1.620000e+02  0.0
-1.870000e+01  1.620000e+02  0.0
-1.900000e+01  1.620000e+02  0.0
-1.930000e+01  1.620000e+02  0.0
-1.970000e+01  1.620000e+02  0.0
-2.000000e+01  1.620000e+02  0.0
-2.030000e+01  1.620000e+02  0.0
-2.070000e+01  1.620000e+02  0.0
-2.100000e+01  1.620000e+02  0.0
-2.130000e+01  1.620000e+02  0.0
-2.170000e+01  1.620000e+02  0.0
-2.200000e+01  1.620000e+02  0.0
-13.3  199  0.000000e+00
-13.7  199  0.000000e+00
-14  199  0.000000e+00
-14.3  199  0.000000e+00
-14.7  199  0.000000e+00
-15  199  0.000000e+00
-15.3  199  0.000000e+00
-15.7  199  0.000000e+00
-1.600000e+01  1.990000e+02  0.0
-1.630000e+01  1.990000e+02  0.0
-1.670000e+01  1.990000e+02  0.0
-1.700000e+01  1.990000e+02  0.0
-1.730000e+01  1.990000e+02  0.0
-1.770000e+01  1.990000e+02  0.0
-1.800000e+01  1.990000e+02  0.0
-1.830000e+01  1.990000e+02  0.0
-1.870000e+01  1.990000e+02  0.0
-1.900000e+01  1.990000e+02  0.0
-1.930000e+01  1.990000e+02  0.0
-1.970000e+01  1.990000e+02  0.0
-2.000000e+01  1.990000e+02  0.0
-2.030000e+01  1.990000e+02  0.0
-2.070000e+01  1.990000e+02  0.0
-2.100000e+01  1.990000e+02  0.0
-2.130000e+01  1.990000e+02  0.0
-2.170000e+01  1.990000e+02  0.0
-2.200000e+01  1.990000e+02  0.0
-13.3  244  0.000000e+00
-13.7  244  0.000000e+00
-14  244  0.000000e+00
-14.3  244  0.000000e+00
-14.7  244  0.000000e+00
-15  244  0.000000e+00
-15.3  244  0.000000e+00
-15.7  244  0.000000e+00
-1.600000e+01  2.440000e+02  0.0
-1.630000e+01  2.440000e+02  0.0
-1.670000e+01  2.440000e+02  0.0
-1.700000e+01  2.440000e+02  0.0
-1.730000e+01  2.440000e+02  0.0
-1.770000e+01  2.440000e+02  0.0
-1.800000e+01  2.440000e+02  0.0
-1.830000e+01  2.440000e+02  0.0
-1.870000e+01  2.440000e+02  0.0
-1.900000e+01  2.440000e+02  0.0
-1.930000e+01  2.440000e+02  0.0
-1.970000e+01  2.440000e+02  0.0
-2.000000e+01  2.440000e+02  0.0
-2.030000e+01  2.440000e+02  0.0
-2.070000e+01  2.440000e+02  0.0
-2.100000e+01  2.440000e+02  0.0
-2.130000e+01  2.440000e+02  0.0
-2.170000e+01  2.440000e+02  0.0
-2.200000e+01  2.440000e+02  0.0
-13.3  300  0.000000e+00
-13.7  300  0.000000e+00
-14  300  0.000000e+00
-14.3  300  0.000000e+00
-14.7  300  0.000000e+00
-15  300  0.000000e+00
-15.3  300  0.000000e+00
-1.570000e+01  3.000000e+02  0.0
-1.600000e+01  3.000000e+02  0.0
-1.630000e+01  3.000000e+02  0.0
-1.670000e+01  3.000000e+02  0.0
-1.700000e+01  3.000000e+02  0.0
-1.730000e+01  3.000000e+02  0.0
-1.770000e+01  3.000000e+02  0.0
-1.800000e+01  3.000000e+02  0.0
-1.830000e+01  3.000000e+02  0.0
-1.870000e+01  3.000000e+02  0.0
-1.900000e+01  3.000000e+02  0.0
-1.930000e+01  3.000000e+02  0.0
-1.970000e+01  3.000000e+02  0.0
-2.000000e+01  3.000000e+02  0.0
-2.030000e+01  3.000000e+02  0.0
-2.070000e+01  3.000000e+02  0.0
-2.100000e+01  3.000000e+02  0.0
-2.130000e+01  3.000000e+02  0.0
-2.170000e+01  3.000000e+02  0.0
-2.200000e+01  3.000000e+02  0.0
