# log10(y)    mass[MeV]    Nhits
-13.3  5  1.688357e-07
-13.7  5  4.991155e-06
-14  5  1.277879e-04
-14.3  5  1.989519e-03
-14.7  5  1.515292e-02
-15  5  7.846326e-02
-15.3  5  2.891817e-01
-15.7  5  5.956263e-01
-16  5  9.065134e-01
-16.3  5  1.576419e+00
-16.7  5  1.248752e+00
-17  5  1.566689e+00
-17.3  5  1.439537e+00
-17.7  5  1.637458e+00
-18  5  1.562654e+00
-18.3  5  1.324068e+00
-18.7  5  9.207279e-01
-19  5  7.167457e-01
-19.3  5  5.214155e-01
-19.7  5  2.731151e-01
-20  5  1.899863e-01
-20.3  5  1.336154e-01
-20.7  5  7.398150e-02
-21  5  4.443470e-02
-21.3  5  1.707677e-02
-21.7  5  3.143733e-03
-2.200000e+01  5.000000e+00  0.0
-13.3  6  6.121093e-06
-13.7  6  1.380423e-04
-14  6  1.158773e-03
-14.3  6  1.364825e-02
-14.7  6  7.385491e-02
-15  6  2.303225e-01
-15.3  6  6.851377e-01
-15.7  6  8.715600e-01
-16  6  1.249661e+00
-16.3  6  1.332789e+00
-16.7  6  1.189337e+00
-17  6  1.146794e+00
-17.3  6  1.685279e+00
-17.7  6  1.424156e+00
-18  6  1.271875e+00
-18.3  6  9.264153e-01
-18.7  6  5.944026e-01
-19  6  4.361100e-01
-19.3  6  2.950293e-01
-19.7  6  1.477024e-01
-20  6  1.072254e-01
-20.3  6  8.312023e-02
-20.7  6  3.991619e-02
-21  6  1.440010e-02
-21.3  6  3.487574e-03
-2.170000e+01  6.000000e+00  0.0
-2.200000e+01  6.000000e+00  0.0
-13.3  8  8.425549e-05
-13.7  8  7.869382e-04
-14  8  5.494101e-03
-14.3  8  4.024557e-02
-14.7  8  1.358804e-01
-15  8  5.078658e-01
-15.3  8  9.331669e-01
-15.7  8  1.115215e+00
-16  8  1.185277e+00
-16.3  8  1.118216e+00
-16.7  8  8.097737e-01
-17  8  9.018693e-01
-17.3  8  8.876483e-01
-17.7  8  7.427314e-01
-18  8  5.462593e-01
-18.3  8  4.188193e-01
-18.7  8  2.274994e-01
-19  8  1.505325e-01
-19.3  8  9.632888e-02
-19.7  8  4.923771e-02
-20  8  4.010928e-02
-20.3  8  2.407104e-02
-20.7  8  6.805692e-03
-21  8  1.544500e-03
-2.130000e+01  8.000000e+00  0.0
-2.170000e+01  8.000000e+00  0.0
-2.200000e+01  8.000000e+00  0.0
-13.3  9  1.755177e-04
-13.7  9  2.084986e-03
-14  9  1.649576e-02
-14.3  9  1.057916e-01
-14.7  9  2.747014e-01
-15  9  7.777637e-01
-15.3  9  1.566856e+00
-15.7  9  1.443222e+00
-16  9  1.262201e+00
-16.3  9  1.112229e+00
-16.7  9  9.199166e-01
-17  9  1.064560e+00
-17.3  9  9.135999e-01
-17.7  9  6.298694e-01
-18  9  4.894376e-01
-18.3  9  3.427867e-01
-18.7  9  1.771702e-01
-19  9  1.131163e-01
-19.3  9  7.573477e-02
-19.7  9  4.582741e-02
-20  9  2.589810e-02
-20.3  9  8.987648e-03
-20.7  9  1.659556e-03
-2.100000e+01  9.000000e+00  0.0
-2.130000e+01  9.000000e+00  0.0
-2.170000e+01  9.000000e+00  0.0
-2.200000e+01  9.000000e+00  0.0
-13.3  11  1.052933e-03
-13.7  11  6.021237e-03
-14  11  3.413917e-02
-14.3  11  1.195798e-01
-14.7  11  3.673965e-01
-15  11  1.091970e+00
-15.3  11  1.686718e+00
-15.7  11  1.238720e+00
-16  11  1.072772e+00
-16.3  11  1.148885e+00
-16.7  11  7.215187e-01
-17  11  7.919306e-01
-17.3  11  5.953311e-01
-17.7  11  3.960921e-01
-18  11  2.819477e-01
-18.3  11  1.853673e-01
-18.7  11  1.034900e-01
-19  11  6.824992e-02
-19.3  11  4.341426e-02
-19.7  11  2.069622e-02
-20  11  6.488200e-03
-20.3  11  1.518113e-03
-2.070000e+01  1.100000e+01  0.0
-2.100000e+01  1.100000e+01  0.0
-2.130000e+01  1.100000e+01  0.0
-2.170000e+01  1.100000e+01  0.0
-2.200000e+01  1.100000e+01  0.0
-13.3  14  4.491563e-03
-13.7  14  1.513351e-02
-14  14  3.980477e-02
-14.3  14  1.360578e-01
-14.7  14  5.144831e-01
-15  14  8.881129e-01
-15.3  14  1.313923e+00
-15.7  14  7.572146e-01
-16  14  1.062685e+00
-16.3  14  8.945229e-01
-16.7  14  7.395154e-01
-17  14  4.968095e-01
-17.3  14  4.205956e-01
-17.7  14  2.143632e-01
-18  14  1.354140e-01
-18.3  14  9.330264e-02
-18.7  14  4.640032e-02
-19  14  3.223106e-02
-19.3  14  1.807023e-02
-19.7  14  4.720678e-03
-20  14  1.061608e-03
-2.030000e+01  1.400000e+01  0.0
-2.070000e+01  1.400000e+01  0.0
-2.100000e+01  1.400000e+01  0.0
-2.130000e+01  1.400000e+01  0.0
-2.170000e+01  1.400000e+01  0.0
-2.200000e+01  1.400000e+01  0.0
-13.3  17  8.347313e-03
-13.7  17  2.545007e-02
-14  17  9.367071e-02
-14.3  17  2.080442e-01
-14.7  17  3.579128e-01
-15  17  7.677551e-01
-15.3  17  1.050247e+00
-15.7  17  7.713728e-01
-16  17  7.322762e-01
-16.3  17  8.267172e-01
-16.7  17  5.209225e-01
-17  17  3.753951e-01
-17.3  17  2.498337e-01
-17.7  17  1.227871e-01
-18  17  7.163627e-02
-18.3  17  4.273792e-02
-18.7  17  2.395544e-02
-19  17  1.393294e-02
-19.3  17  3.885963e-03
-19.7  17  6.515537e-04
-2.000000e+01  1.700000e+01  0.0
-2.030000e+01  1.700000e+01  0.0
-2.070000e+01  1.700000e+01  0.0
-2.100000e+01  1.700000e+01  0.0
-2.130000e+01  1.700000e+01  0.0
-2.170000e+01  1.700000e+01  0.0
-2.200000e+01  1.700000e+01  0.0
-13.3  21  1.815155e-02
-13.7  21  3.862432e-02
-14  21  9.174731e-02
-14.3  21  1.863901e-01
-14.7  21  1.945580e-01
-15  21  6.690841e-01
-15.3  21  8.678846e-01
-15.7  21  6.744360e-01
-16  21  6.949025e-01
-16.3  21  4.813274e-01
-16.7  21  3.331431e-01
-17  21  2.304138e-01
-17.3  21  1.385901e-01
-17.7  21  6.652098e-02
-18  21  4.204234e-02
-18.3  21  3.135340e-02
-18.7  21  1.481245e-02
-19  21  4.463788e-03
-19.3  21  9.129978e-04
-1.970000e+01  2.100000e+01  0.0
-2.000000e+01  2.100000e+01  0.0
-2.030000e+01  2.100000e+01  0.0
-2.070000e+01  2.100000e+01  0.0
-2.100000e+01  2.100000e+01  0.0
-2.130000e+01  2.100000e+01  0.0
-2.170000e+01  2.100000e+01  0.0
-2.200000e+01  2.100000e+01  0.0
-13.3  26  2.166612e-02
-13.7  26  3.811997e-02
-14  26  8.842722e-02
-14.3  26  3.430230e-01
-14.7  26  3.736860e-01
-15  26  4.581450e-01
-15.3  26  7.086743e-01
-15.7  26  5.203313e-01
-16  26  5.022227e-01
-16.3  26  3.647321e-01
-16.7  26  2.223214e-01
-17  26  1.453099e-01
-17.3  26  8.028376e-02
-17.7  26  4.014570e-02
-18  26  3.074360e-02
-18.3  26  1.716731e-02
-18.7  26  4.527461e-03
-19  26  9.140189e-04
-1.930000e+01  2.600000e+01  0.0
-1.970000e+01  2.600000e+01  0.0
-2.000000e+01  2.600000e+01  0.0
-2.030000e+01  2.600000e+01  0.0
-2.070000e+01  2.600000e+01  0.0
-2.100000e+01  2.600000e+01  0.0
-2.130000e+01  2.600000e+01  0.0
-2.170000e+01  2.600000e+01  0.0
-2.200000e+01  2.600000e+01  0.0
-13.3  32  1.908582e-02
-13.7  32  1.886570e-02
-14  32  1.370716e-01
-14.3  32  1.418370e-01
-14.7  32  3.330641e-01
-15  32  2.838870e-01
-15.3  32  5.289194e-01
-15.7  32  3.295975e-01
-16  32  3.249974e-01
-16.3  32  2.524456e-01
-16.7  32  1.299676e-01
-17  32  8.554958e-02
-17.3  32  5.707166e-02
-17.7  32  2.995924e-02
-18  32  1.763163e-02
-18.3  32  5.907883e-03
-18.7  32  9.673704e-04
-1.900000e+01  3.200000e+01  0.0
-1.930000e+01  3.200000e+01  0.0
-1.970000e+01  3.200000e+01  0.0
-2.000000e+01  3.200000e+01  0.0
-2.030000e+01  3.200000e+01  0.0
-2.070000e+01  3.200000e+01  0.0
-2.100000e+01  3.200000e+01  0.0
-2.130000e+01  3.200000e+01  0.0
-2.170000e+01  3.200000e+01  0.0
-2.200000e+01  3.200000e+01  0.0
-13.3  39  9.297514e-03
-13.7  39  4.956455e-02
-14  39  1.010244e-01
-14.3  39  1.326623e-01
-14.7  39  1.757870e-01
-15  39  2.036020e-01
-15.3  39  3.157153e-01
-15.7  39  2.152402e-01
-16  39  1.902629e-01
-16.3  39  1.305074e-01
-16.7  39  7.128456e-02
-17  39  4.723134e-02
-17.3  39  3.401316e-02
-17.7  39  1.700279e-02
-18  39  5.353626e-03
-1.830000e+01  3.900000e+01  0.0
-1.870000e+01  3.900000e+01  0.0
-1.900000e+01  3.900000e+01  0.0
-1.930000e+01  3.900000e+01  0.0
-1.970000e+01  3.900000e+01  0.0
-2.000000e+01  3.900000e+01  0.0
-2.030000e+01  3.900000e+01  0.0
-2.070000e+01  3.900000e+01  0.0
-2.100000e+01  3.900000e+01  0.0
-2.130000e+01  3.900000e+01  0.0
-2.170000e+01  3.900000e+01  0.0
-2.200000e+01  3.900000e+01  0.0
-13.3  48  1.032540e-02
-13.7  48  1.513189e-02
-14  48  3.265001e-02
-14.3  48  1.572711e-01
-14.7  48  6.079539e-02
-15  48  1.555689e-01
-15.3  48  1.290871e-01
-15.7  48  1.221777e-01
-16  48  9.402908e-02
-16.3  48  7.130453e-02
-16.7  48  3.860757e-02
-17  48  2.758166e-02
-17.3  48  1.826523e-02
-17.7  48  5.236646e-03
-1.800000e+01  4.800000e+01  0.0
-1.830000e+01  4.800000e+01  0.0
-1.870000e+01  4.800000e+01  0.0
-1.900000e+01  4.800000e+01  0.0
-1.930000e+01  4.800000e+01  0.0
-1.970000e+01  4.800000e+01  0.0
-2.000000e+01  4.800000e+01  0.0
-2.030000e+01  4.800000e+01  0.0
-2.070000e+01  4.800000e+01  0.0
-2.100000e+01  4.800000e+01  0.0
-2.130000e+01  4.800000e+01  0.0
-2.170000e+01  4.800000e+01  0.0
-2.200000e+01  4.800000e+01  0.0
-13.3  58  3.348669e-03
-13.7  58  1.009019e-02
-14  58  3.065444e-02
-14.3  58  4.560162e-02
-14.7  58  3.517336e-02
-15  58  5.092321e-02
-15.3  58  7.963491e-02
-15.7  58  6.143729e-02
-16  58  4.673546e-02
-16.3  58  3.376820e-02
-16.7  58  2.112059e-02
-17  58  1.440528e-02
-17.3  58  5.826545e-03
-1.770000e+01  5.800000e+01  0.0
-1.800000e+01  5.800000e+01  0.0
-1.830000e+01  5.800000e+01  0.0
-1.870000e+01  5.800000e+01  0.0
-1.900000e+01  5.800000e+01  0.0
-1.930000e+01  5.800000e+01  0.0
-1.970000e+01  5.800000e+01  0.0
-2.000000e+01  5.800000e+01  0.0
-2.030000e+01  5.800000e+01  0.0
-2.070000e+01  5.800000e+01  0.0
-2.100000e+01  5.800000e+01  0.0
-2.130000e+01  5.800000e+01  0.0
-2.170000e+01  5.800000e+01  0.0
-2.200000e+01  5.800000e+01  0.0
-13.3  88  7.973626e-04
-13.7  88  1.053222e-03
-14  88  1.649809e-03
-14.3  88  4.063581e-03
-14.7  88  5.412340e-03
-15  88  6.600028e-03
-15.3  88  7.400911e-03
-15.7  88  4.672501e-03
-16  88  4.762673e-03
-16.3  88  4.232902e-03
-16.7  88  1.923451e-03
-17  88  5.165959e-04
-1.730000e+01  8.800000e+01  0.0
-1.770000e+01  8.800000e+01  0.0
-1.800000e+01  8.800000e+01  0.0
-1.830000e+01  8.800000e+01  0.0
-1.870000e+01  8.800000e+01  0.0
-1.900000e+01  8.800000e+01  0.0
-1.930000e+01  8.800000e+01  0.0
-1.970000e+01  8.800000e+01  0.0
-2.000000e+01  8.800000e+01  0.0
-2.030000e+01  8.800000e+01  0.0
-2.070000e+01  8.800000e+01  0.0
-2.100000e+01  8.800000e+01  0.0
-2.130000e+01  8.800000e+01  0.0
-2.170000e+01  8.800000e+01  0.0
-2.200000e+01  8.800000e+01  0.0
-13.3  108  0.000000e+00
-13.7  108  0.000000e+00
-14  108  0.000000e+00
-14.3  108  0.000000e+00
-14.7  108  0.000000e+00
-15  108  0.000000e+00
-15.3  108  0.000000e+00
-15.7  108  0.000000e+00
-16  108  0.000000e+00
-16.3  108  0.000000e+00
-16.7  108  0.000000e+00
-1.700000e+01  1.080000e+02  0.0
-1.730000e+01  1.080000e+02  0.0
-1.770000e+01  1.080000e+02  0.0
-1.800000e+01  1.080000e+02  0.0
-1.830000e+01  1.080000e+02  0.0
-1.870000e+01  1.080000e+02  0.0
-1.900000e+01  1.080000e+02  0.0
-1.930000e+01  1.080000e+02  0.0
-1.970000e+01  1.080000e+02  0.0
-2.000000e+01  1.080000e+02  0.0
-2.030000e+01  1.080000e+02  0.0
-2.070000e+01  1.080000e+02  0.0
-2.100000e+01  1.080000e+02  0.0
-2.130000e+01  1.080000e+02  0.0
-2.170000e+01  1.080000e+02  0.0
-2.200000e+01  1.080000e+02  0.0
-13.3  132  0.000000e+00
-13.7  132  0.000000e+00
-14  132  0.000000e+00
-14.3  132  0.000000e+00
-14.7  132  0.000000e+00
-15  132  0.000000e+00
-15.3  132  0.000000e+00
-15.7  132  0.000000e+00
-16  132  0.000000e+00
-16.3  132  0.000000e+00
-1.670000e+01  1.320000e+02  0.0
-1.700000e+01  1.320000e+02  0.0
-1.730000e+01  1.320000e+02  0.0
-1.770000e+01  1.320000e+02  0.0
-1.800000e+01  1.320000e+02  0.0
-1.830000e+01  1.320000e+02  0.0
-1.870000e+01  1.320000e+02  0.0
-1.900000e+01  1.320000e+02  0.0
-1.930000e+01  1.320000e+02  0.0
-1.970000e+01  1.320000e+02  0.0
-2.000000e+01  1.320000e+02  0.0
-2.030000e+01  1.320000e+02  0.0
-2.070000e+01  1.320000e+02  0.0
-2.100000e+01  1.320000e+02  0.0
-2.130000e+01  1.320000e+02  0.0
-2.170000e+01  1.320000e+02  0.0
-2.200000e+01  1.320000e+02  0.0
-13.3  162  0.000000e+00
-13.7  162  0.000000e+00
-14  162  0.000000e+00
-14.3  162  0.000000e+00
-14.7  162  0.000000e+00
-15  162  0.000000e+00
-15.3  162  0.000000e+00
-15.7  162  0.000000e+00
-16  162  0.000000e+00
-1.630000e+01  1.620000e+02  0.0
-1.670000e+01  1.620000e+02  0.0
-1.700000e+01  1.620000e+02  0.0
-1.730000e+01  1.620000e+02  0.0
-1.770000e+01  1.620000e+02  0.0
-1.800000e+01  1.620000e+02  0.0
-1.830000e+01  1.620000e+02  0.0
-1.870000e+01  1.620000e+02  0.0
-1.900000e+01  1.620000e+02  0.0
-1.930000e+01  1.620000e+02  0.0
-1.970000e+01  1.620000e+02  0.0
-2.000000e+01  1.620000e+02  0.0
-2.030000e+01  1.620000e+02  0.0
-2.070000e+01  1.620000e+02  0.0
-2.100000e+01  1.620000e+02  0.0
-2.130000e+01  1.620000e+02  0.0
-2.170000e+01  1.620000e+02  0.0
-2.200000e+01  1.620000e+02  0.0
-13.3  199  0.000000e+00
-13.7  199  0.000000e+00
-14  199  0.000000e+00
-14.3  199  0.000000e+00
-14.7  199  0.000000e+00
-15  199  0.000000e+00
-15.3  199  0.000000e+00
-15.7  199  0.000000e+00
-1.600000e+01  1.990000e+02  0.0
-1.630000e+01  1.990000e+02  0.0
-1.670000e+01  1.990000e+02  0.0
-1.700000e+01  1.990000e+02  0.0
-1.730000e+01  1.990000e+02  0.0
-1.770000e+01  1.990000e+02  0.0
-1.800000e+01  1.990000e+02  0.0
-1.830000e+01  1.990000e+02  0.0
-1.870000e+01  1.990000e+02  0.0
-1.900000e+01  1.990000e+02  0.0
-1.930000e+01  1.990000e+02  0.0
-1.970000e+01  1.990000e+02  0.0
-2.000000e+01  1.990000e+02  0.0
-2.030000e+01  1.990000e+02  0.0
-2.070000e+01  1.990000e+02  0.0
-2.100000e+01  1.990000e+02  0.0
-2.130000e+01  1.990000e+02  0.0
-2.170000e+01  1.990000e+02  0.0
-2.200000e+01  1.990000e+02  0.0
-13.3  244  0.000000e+00
-13.7  244  0.000000e+00
-14  244  0.000000e+00
-14.3  244  0.000000e+00
-14.7  244  0.000000e+00
-15  244  0.000000e+00
-15.3  244  0.000000e+00
-15.7  244  0.000000e+00
-1.600000e+01  2.440000e+02  0.0
-1.630000e+01  2.440000e+02  0.0
-1.670000e+01  2.440000e+02  0.0
-1.700000e+01  2.440000e+02  0.0
-1.730000e+01  2.440000e+02  0.0
-1.770000e+01  2.440000e+02  0.0
-1.800000e+01  2.440000e+02  0.0
-1.830000e+01  2.440000e+02  0.0
-1.870000e+01  2.440000e+02  0.0
-1.900000e+01  2.440000e+02  0.0
-1.930000e+01  2.440000e+02  0.0
-1.970000e+01  2.440000e+02  0.0
-2.000000e+01  2.440000e+02  0.0
-2.030000e+01  2.440000e+02  0.0
-2.070000e+01  2.440000e+02  0.0
-2.100000e+01  2.440000e+02  0.0
-2.130000e+01  2.440000e+02  0.0
-2.170000e+01  2.440000e+02  0.0
-2.200000e+01  2.440000e+02  0.0
-13.3  300  0.000000e+00
-13.7  300  0.000000e+00
-14  300  0.000000e+00
-14.3  300  0.000000e+00
-14.7  300  0.000000e+00
-15  300  0.000000e+00
-15.3  300  0.000000e+00
-1.570000e+01  3.000000e+02  0.0
-1.600000e+01  3.000000e+02  0.0
-1.630000e+01  3.000000e+02  0.0
-1.670000e+01  3.000000e+02  0.0
-1.700000e+01  3.000000e+02  0.0
-1.730000e+01  3.000000e+02  0.0
-1.770000e+01  3.000000e+02  0.0
-1.800000e+01  3.000000e+02  0.0
-1.830000e+01  3.000000e+02  0.0
-1.870000e+01  3.000000e+02  0.0
-1.900000e+01  3.000000e+02  0.0
-1.930000e+01  3.000000e+02  0.0
-1.970000e+01  3.000000e+02  0.0
-2.000000e+01  3.000000e+02  0.0
-2.030000e+01  3.000000e+02  0.0
-2.070000e+01  3.000000e+02  0.0
-2.100000e+01  3.000000e+02  0.0
-2.130000e+01  3.000000e+02  0.0
-2.170000e+01  3.000000e+02  0.0
-2.200000e+01  3.000000e+02  0.0
