# log10(y)    mass[MeV]    Nhits
-13.3  5  6.885529e-08
-13.7  5  2.816121e-06
-14  5  9.953939e-05
-14.3  5  2.032451e-03
-14.7  5  1.857156e-02
-15  5  1.062808e-01
-15.3  5  4.202606e-01
-15.7  5  9.372264e-01
-16  5  1.542047e+00
-16.3  5  2.793616e+00
-16.7  5  2.175067e+00
-17  5  2.576934e+00
-17.3  5  2.276055e+00
-17.7  5  2.253429e+00
-18  5  1.947723e+00
-18.3  5  1.500742e+00
-18.7  5  9.360088e-01
-19  5  6.434446e-01
-19.3  5  4.171888e-01
-19.7  5  1.931779e-01
-20  5  1.181272e-01
-20.3  5  7.096355e-02
-20.7  5  3.588060e-02
-21  5  2.049652e-02
-21.3  5  7.168538e-03
-21.7  5  1.153019e-03
-2.200000e+01  5.000000e+00  0.0
-13.3  6  3.347790e-06
-13.7  6  7.761454e-05
-14  6  7.174325e-04
-14.3  6  1.013506e-02
-14.7  6  6.722206e-02
-15  6  2.490058e-01
-15.3  6  8.424933e-01
-15.7  6  1.190518e+00
-16  6  1.869501e+00
-16.3  6  2.134680e+00
-16.7  6  1.954561e+00
-17  6  1.880196e+00
-17.3  6  2.592329e+00
-17.7  6  2.038516e+00
-18  6  1.688473e+00
-18.3  6  1.126456e+00
-18.7  6  6.529771e-01
-19  6  4.354263e-01
-19.3  6  2.654371e-01
-19.7  6  1.163263e-01
-20  6  7.535048e-02
-20.3  6  5.397847e-02
-20.7  6  2.467945e-02
-21  6  8.201046e-03
-21.3  6  1.766986e-03
-2.170000e+01  6.000000e+00  0.0
-2.200000e+01  6.000000e+00  0.0
-13.3  8  1.356212e-04
-13.7  8  1.106947e-03
-14  8  6.574325e-03
-14.3  8  4.207757e-02
-14.7  8  1.323793e-01
-15  8  4.942540e-01
-15.3  8  9.525450e-01
-15.7  8  1.222868e+00
-16  8  1.412301e+00
-16.3  8  1.446995e+00
-16.7  8  1.088555e+00
-17  8  1.316219e+00
-17.3  8  1.325406e+00
-17.7  8  1.096227e+00
-18  8  7.798503e-01
-18.3  8  5.690539e-01
-18.7  8  2.942071e-01
-19  8  1.845712e-01
-19.3  8  1.106571e-01
-19.7  8  5.366390e-02
-20  8  4.223086e-02
-20.3  8  2.482620e-02
-20.7  8  6.773705e-03
-21  8  1.470643e-03
-2.130000e+01  8.000000e+00  0.0
-2.170000e+01  8.000000e+00  0.0
-2.200000e+01  8.000000e+00  0.0
-13.3  9  4.632269e-04
-13.7  9  4.152685e-03
-14  9  2.552800e-02
-14.3  9  1.331343e-01
-14.7  9  3.029654e-01
-15  9  8.089442e-01
-15.3  9  1.630262e+00
-15.7  9  1.562711e+00
-16  9  1.453139e+00
-16.3  9  1.324670e+00
-16.7  9  1.212635e+00
-17  9  1.489450e+00
-17.3  9  1.306649e+00
-17.7  9  8.997460e-01
-18  9  6.833617e-01
-18.3  9  4.633387e-01
-18.7  9  2.297593e-01
-19  9  1.384215e-01
-19.3  9  8.791389e-02
-19.7  9  5.108267e-02
-20  9  2.817285e-02
-20.3  9  9.376398e-03
-20.7  9  1.621176e-03
-2.100000e+01  9.000000e+00  0.0
-2.130000e+01  9.000000e+00  0.0
-2.170000e+01  9.000000e+00  0.0
-2.200000e+01  9.000000e+00  0.0
-13.3  11  1.888417e-03
-13.7  11  1.122454e-02
-14  11  5.865208e-02
-14.3  11  1.808084e-01
-14.7  11  4.907757e-01
-15  11  1.331591e+00
-15.3  11  1.952507e+00
-15.7  11  1.410656e+00
-16  11  1.226201e+00
-16.3  11  1.361577e+00
-16.7  11  9.017406e-01
-17  11  1.040912e+00
-17.3  11  8.104530e-01
-17.7  11  5.490839e-01
-18  11  3.933615e-01
-18.3  11  2.570562e-01
-18.7  11  1.411347e-01
-19  11  9.139925e-02
-19.3  11  5.731137e-02
-19.7  11  2.708906e-02
-20  11  8.372761e-03
-20.3  11  1.916543e-03
-2.070000e+01  1.100000e+01  0.0
-2.100000e+01  1.100000e+01  0.0
-2.130000e+01  1.100000e+01  0.0
-2.170000e+01  1.100000e+01  0.0
-2.200000e+01  1.100000e+01  0.0
-13.3  14  6.100141e-03
-13.7  14  2.444472e-02
-14  14  6.900595e-02
-14.3  14  2.315900e-01
-14.7  14  8.185989e-01
-15  14  1.305304e+00
-15.3  14  1.801644e+00
-15.7  14  1.009600e+00
-16  14  1.358454e+00
-16.3  14  1.128917e+00
-16.7  14  9.418198e-01
-17  14  6.461892e-01
-17.3  14  5.627810e-01
-17.7  14  2.954716e-01
-18  14  1.907985e-01
-18.3  14  1.342337e-01
-18.7  14  6.761821e-02
-19  14  4.732143e-02
-19.3  14  2.663087e-02
-19.7  14  7.002050e-03
-20  14  1.589555e-03
-2.030000e+01  1.400000e+01  0.0
-2.070000e+01  1.400000e+01  0.0
-2.100000e+01  1.400000e+01  0.0
-2.130000e+01  1.400000e+01  0.0
-2.170000e+01  1.400000e+01  0.0
-2.200000e+01  1.400000e+01  0.0
-13.3  17  9.550477e-03
-13.7  17  3.408145e-02
-14  17  1.408689e-01
-14.3  17  3.291621e-01
-14.7  17  5.635365e-01
-15  17  1.163707e+00
-15.3  17  1.548460e+00
-15.7  17  1.085137e+00
-16  17  9.874231e-01
-16.3  17  1.093662e+00
-16.7  17  6.873080e-01
-17  17  5.013710e-01
-17.3  17  3.428972e-01
-17.7  17  1.741741e-01
-18  17  1.067216e-01
-18.3  17  6.665771e-02
-18.7  17  3.870081e-02
-19  17  2.297649e-02
-19.3  17  6.652365e-03
-19.7  17  1.176388e-03
-2.000000e+01  1.700000e+01  0.0
-2.030000e+01  1.700000e+01  0.0
-2.070000e+01  1.700000e+01  0.0
-2.100000e+01  1.700000e+01  0.0
-2.130000e+01  1.700000e+01  0.0
-2.170000e+01  1.700000e+01  0.0
-2.200000e+01  1.700000e+01  0.0
-13.3  21  1.585972e-02
-13.7  21  3.869447e-02
-14  21  1.047415e-01
-14.3  21  2.346003e-01
-14.7  21  2.592985e-01
-15  21  9.055566e-01
-15.3  21  1.179848e+00
-15.7  21  9.050591e-01
-16  21  9.181538e-01
-16.3  21  6.278547e-01
-16.7  21  4.327718e-01
-17  21  3.003297e-01
-17.3  21  1.831810e-01
-17.7  21  8.967249e-02
-18  21  5.850327e-02
-18.3  21  4.463365e-02
-18.7  21  2.138233e-02
-19  21  6.616598e-03
-19.3  21  1.411829e-03
-1.970000e+01  2.100000e+01  0.0
-2.000000e+01  2.100000e+01  0.0
-2.030000e+01  2.100000e+01  0.0
-2.070000e+01  2.100000e+01  0.0
-2.100000e+01  2.100000e+01  0.0
-2.130000e+01  2.100000e+01  0.0
-2.170000e+01  2.100000e+01  0.0
-2.200000e+01  2.100000e+01  0.0
-13.3  26  1.584168e-02
-13.7  26  3.034547e-02
-14  26  7.797298e-02
-14.3  26  3.341422e-01
-14.7  26  3.878506e-01
-15  26  5.001677e-01
-15.3  26  8.207265e-01
-15.7  26  6.164955e-01
-16  26  6.017896e-01
-16.3  26  4.386140e-01
-16.7  26  2.674579e-01
-17  26  1.746424e-01
-17.3  26  9.633292e-02
-17.7  26  4.809835e-02
-18  26  3.680604e-02
-18.3  26  2.053719e-02
-18.7  26  5.411955e-03
-19  26  1.092015e-03
-1.930000e+01  2.600000e+01  0.0
-1.970000e+01  2.600000e+01  0.0
-2.000000e+01  2.600000e+01  0.0
-2.030000e+01  2.600000e+01  0.0
-2.070000e+01  2.600000e+01  0.0
-2.100000e+01  2.600000e+01  0.0
-2.130000e+01  2.600000e+01  0.0
-2.170000e+01  2.600000e+01  0.0
-2.200000e+01  2.600000e+01  0.0
-13.3  32  1.402782e-02
-13.7  32  1.446799e-02
-14  32  1.120126e-01
-14.3  32  1.233616e-01
-14.7  32  3.021270e-01
-15  32  2.829531e-01
-15.3  32  5.571171e-01
-15.7  32  3.583345e-01
-16  32  3.618965e-01
-16.3  32  2.861855e-01
-16.7  32  1.493671e-01
-17  32  9.944604e-02
-17.3  32  6.691949e-02
-17.7  32  3.538611e-02
-18  32  2.087484e-02
-18.3  32  7.029779e-03
-18.7  32  1.161780e-03
-1.900000e+01  3.200000e+01  0.0
-1.930000e+01  3.200000e+01  0.0
-1.970000e+01  3.200000e+01  0.0
-2.000000e+01  3.200000e+01  0.0
-2.030000e+01  3.200000e+01  0.0
-2.070000e+01  3.200000e+01  0.0
-2.100000e+01  3.200000e+01  0.0
-2.130000e+01  3.200000e+01  0.0
-2.170000e+01  3.200000e+01  0.0
-2.200000e+01  3.200000e+01  0.0
-13.3  39  7.155163e-03
-13.7  39  3.956412e-02
-14  39  8.238319e-02
-14.3  39  1.162675e-01
-14.7  39  1.635371e-01
-15  39  1.989715e-01
-15.3  39  3.217817e-01
-15.7  39  2.257569e-01
-16  39  2.039509e-01
-16.3  39  1.421216e-01
-16.7  39  7.834988e-02
-17  39  5.225808e-02
-17.3  39  3.763987e-02
-17.7  39  1.882384e-02
-18  39  5.933055e-03
-1.830000e+01  3.900000e+01  0.0
-1.870000e+01  3.900000e+01  0.0
-1.900000e+01  3.900000e+01  0.0
-1.930000e+01  3.900000e+01  0.0
-1.970000e+01  3.900000e+01  0.0
-2.000000e+01  3.900000e+01  0.0
-2.030000e+01  3.900000e+01  0.0
-2.070000e+01  3.900000e+01  0.0
-2.100000e+01  3.900000e+01  0.0
-2.130000e+01  3.900000e+01  0.0
-2.170000e+01  3.900000e+01  0.0
-2.200000e+01  3.900000e+01  0.0
-13.3  48  7.949245e-03
-13.7  48  1.179835e-02
-14  48  2.626990e-02
-14.3  48  1.338447e-01
-14.7  48  5.422161e-02
-15  48  1.455476e-01
-15.3  48  1.254797e-01
-15.7  48  1.228203e-01
-16  48  9.720232e-02
-16.3  48  7.534734e-02
-16.7  48  4.138773e-02
-17  48  2.962078e-02
-17.3  48  1.967782e-02
-17.7  48  5.665770e-03
-1.800000e+01  4.800000e+01  0.0
-1.830000e+01  4.800000e+01  0.0
-1.870000e+01  4.800000e+01  0.0
-1.900000e+01  4.800000e+01  0.0
-1.930000e+01  4.800000e+01  0.0
-1.970000e+01  4.800000e+01  0.0
-2.000000e+01  4.800000e+01  0.0
-2.030000e+01  4.800000e+01  0.0
-2.070000e+01  4.800000e+01  0.0
-2.100000e+01  4.800000e+01  0.0
-2.130000e+01  4.800000e+01  0.0
-2.170000e+01  4.800000e+01  0.0
-2.200000e+01  4.800000e+01  0.0
-13.3  58  2.566585e-03
-13.7  58  7.826514e-03
-14  58  2.460220e-02
-14.3  58  3.817893e-02
-14.7  58  3.082212e-02
-15  58  4.656989e-02
-15.3  58  7.608707e-02
-15.7  58  6.126707e-02
-16  58  4.852368e-02
-16.3  58  3.638176e-02
-16.7  58  2.291720e-02
-17  58  1.582300e-02
-17.3  58  6.530438e-03
-1.770000e+01  5.800000e+01  0.0
-1.800000e+01  5.800000e+01  0.0
-1.830000e+01  5.800000e+01  0.0
-1.870000e+01  5.800000e+01  0.0
-1.900000e+01  5.800000e+01  0.0
-1.930000e+01  5.800000e+01  0.0
-1.970000e+01  5.800000e+01  0.0
-2.000000e+01  5.800000e+01  0.0
-2.030000e+01  5.800000e+01  0.0
-2.070000e+01  5.800000e+01  0.0
-2.100000e+01  5.800000e+01  0.0
-2.130000e+01  5.800000e+01  0.0
-2.170000e+01  5.800000e+01  0.0
-2.200000e+01  5.800000e+01  0.0
-13.3  88  6.489609e-04
-13.7  88  8.600016e-04
-14  88  1.350939e-03
-14.3  88  3.334361e-03
-14.7  88  4.448334e-03
-15  88  5.432534e-03
-15.3  88  6.099779e-03
-15.7  88  3.855522e-03
-16  88  3.933934e-03
-16.3  88  3.497098e-03
-16.7  88  1.589355e-03
-17  88  4.270113e-04
-1.730000e+01  8.800000e+01  0.0
-1.770000e+01  8.800000e+01  0.0
-1.800000e+01  8.800000e+01  0.0
-1.830000e+01  8.800000e+01  0.0
-1.870000e+01  8.800000e+01  0.0
-1.900000e+01  8.800000e+01  0.0
-1.930000e+01  8.800000e+01  0.0
-1.970000e+01  8.800000e+01  0.0
-2.000000e+01  8.800000e+01  0.0
-2.030000e+01  8.800000e+01  0.0
-2.070000e+01  8.800000e+01  0.0
-2.100000e+01  8.800000e+01  0.0
-2.130000e+01  8.800000e+01  0.0
-2.170000e+01  8.800000e+01  0.0
-2.200000e+01  8.800000e+01  0.0
-13.3  108  0.000000e+00
-13.7  108  0.000000e+00
-14  108  0.000000e+00
-14.3  108  0.000000e+00
-14.7  108  0.000000e+00
-15  108  0.000000e+00
-15.3  108  0.000000e+00
-15.7  108  0.000000e+00
-16  108  0.000000e+00
-16.3  108  0.000000e+00
-16.7  108  0.000000e+00
-1.700000e+01  1.080000e+02  0.0
-1.730000e+01  1.080000e+02  0.0
-1.770000e+01  1.080000e+02  0.0
-1.800000e+01  1.080000e+02  0.0
-1.830000e+01  1.080000e+02  0.0
-1.870000e+01  1.080000e+02  0.0
-1.900000e+01  1.080000e+02  0.0
-1.930000e+01  1.080000e+02  0.0
-1.970000e+01  1.080000e+02  0.0
-2.000000e+01  1.080000e+02  0.0
-2.030000e+01  1.080000e+02  0.0
-2.070000e+01  1.080000e+02  0.0
-2.100000e+01  1.080000e+02  0.0
-2.130000e+01  1.080000e+02  0.0
-2.170000e+01  1.080000e+02  0.0
-2.200000e+01  1.080000e+02  0.0
-13.3  132  0.000000e+00
-13.7  132  0.000000e+00
-14  132  0.000000e+00
-14.3  132  0.000000e+00
-14.7  132  0.000000e+00
-15  132  0.000000e+00
-15.3  132  0.000000e+00
-15.7  132  0.000000e+00
-16  132  0.000000e+00
-16.3  132  0.000000e+00
-1.670000e+01  1.320000e+02  0.0
-1.700000e+01  1.320000e+02  0.0
-1.730000e+01  1.320000e+02  0.0
-1.770000e+01  1.320000e+02  0.0
-1.800000e+01  1.320000e+02  0.0
-1.830000e+01  1.320000e+02  0.0
-1.870000e+01  1.320000e+02  0.0
-1.900000e+01  1.320000e+02  0.0
-1.930000e+01  1.320000e+02  0.0
-1.970000e+01  1.320000e+02  0.0
-2.000000e+01  1.320000e+02  0.0
-2.030000e+01  1.320000e+02  0.0
-2.070000e+01  1.320000e+02  0.0
-2.100000e+01  1.320000e+02  0.0
-2.130000e+01  1.320000e+02  0.0
-2.170000e+01  1.320000e+02  0.0
-2.200000e+01  1.320000e+02  0.0
-13.3  162  0.000000e+00
-13.7  162  0.000000e+00
-14  162  0.000000e+00
-14.3  162  0.000000e+00
-14.7  162  0.000000e+00
-15  162  0.000000e+00
-15.3  162  0.000000e+00
-15.7  162  0.000000e+00
-16  162  0.000000e+00
-1.630000e+01  1.620000e+02  0.0
-1.670000e+01  1.620000e+02  0.0
-1.700000e+01  1.620000e+02  0.0
-1.730000e+01  1.620000e+02  0.0
-1.770000e+01  1.620000e+02  0.0
-1.800000e+01  1.620000e+02  0.0
-1.830000e+01  1.620000e+02  0.0
-1.870000e+01  1.620000e+02  0.0
-1.900000e+01  1.620000e+02  0.0
-1.930000e+01  1.620000e+02  0.0
-1.970000e+01  1.620000e+02  0.0
-2.000000e+01  1.620000e+02  0.0
-2.030000e+01  1.620000e+02  0.0
-2.070000e+01  1.620000e+02  0.0
-2.100000e+01  1.620000e+02  0.0
-2.130000e+01  1.620000e+02  0.0
-2.170000e+01  1.620000e+02  0.0
-2.200000e+01  1.620000e+02  0.0
-13.3  199  0.000000e+00
-13.7  199  0.000000e+00
-14  199  0.000000e+00
-14.3  199  0.000000e+00
-14.7  199  0.000000e+00
-15  199  0.000000e+00
-15.3  199  0.000000e+00
-15.7  199  0.000000e+00
-1.600000e+01  1.990000e+02  0.0
-1.630000e+01  1.990000e+02  0.0
-1.670000e+01  1.990000e+02  0.0
-1.700000e+01  1.990000e+02  0.0
-1.730000e+01  1.990000e+02  0.0
-1.770000e+01  1.990000e+02  0.0
-1.800000e+01  1.990000e+02  0.0
-1.830000e+01  1.990000e+02  0.0
-1.870000e+01  1.990000e+02  0.0
-1.900000e+01  1.990000e+02  0.0
-1.930000e+01  1.990000e+02  0.0
-1.970000e+01  1.990000e+02  0.0
-2.000000e+01  1.990000e+02  0.0
-2.030000e+01  1.990000e+02  0.0
-2.070000e+01  1.990000e+02  0.0
-2.100000e+01  1.990000e+02  0.0
-2.130000e+01  1.990000e+02  0.0
-2.170000e+01  1.990000e+02  0.0
-2.200000e+01  1.990000e+02  0.0
-13.3  244  0.000000e+00
-13.7  244  0.000000e+00
-14  244  0.000000e+00
-14.3  244  0.000000e+00
-14.7  244  0.000000e+00
-15  244  0.000000e+00
-15.3  244  0.000000e+00
-15.7  244  0.000000e+00
-1.600000e+01  2.440000e+02  0.0
-1.630000e+01  2.440000e+02  0.0
-1.670000e+01  2.440000e+02  0.0
-1.700000e+01  2.440000e+02  0.0
-1.730000e+01  2.440000e+02  0.0
-1.770000e+01  2.440000e+02  0.0
-1.800000e+01  2.440000e+02  0.0
-1.830000e+01  2.440000e+02  0.0
-1.870000e+01  2.440000e+02  0.0
-1.900000e+01  2.440000e+02  0.0
-1.930000e+01  2.440000e+02  0.0
-1.970000e+01  2.440000e+02  0.0
-2.000000e+01  2.440000e+02  0.0
-2.030000e+01  2.440000e+02  0.0
-2.070000e+01  2.440000e+02  0.0
-2.100000e+01  2.440000e+02  0.0
-2.130000e+01  2.440000e+02  0.0
-2.170000e+01  2.440000e+02  0.0
-2.200000e+01  2.440000e+02  0.0
-13.3  300  0.000000e+00
-13.7  300  0.000000e+00
-14  300  0.000000e+00
-14.3  300  0.000000e+00
-14.7  300  0.000000e+00
-15  300  0.000000e+00
-15.3  300  0.000000e+00
-1.570000e+01  3.000000e+02  0.0
-1.600000e+01  3.000000e+02  0.0
-1.630000e+01  3.000000e+02  0.0
-1.670000e+01  3.000000e+02  0.0
-1.700000e+01  3.000000e+02  0.0
-1.730000e+01  3.000000e+02  0.0
-1.770000e+01  3.000000e+02  0.0
-1.800000e+01  3.000000e+02  0.0
-1.830000e+01  3.000000e+02  0.0
-1.870000e+01  3.000000e+02  0.0
-1.900000e+01  3.000000e+02  0.0
-1.930000e+01  3.000000e+02  0.0
-1.970000e+01  3.000000e+02  0.0
-2.000000e+01  3.000000e+02  0.0
-2.030000e+01  3.000000e+02  0.0
-2.070000e+01  3.000000e+02  0.0
-2.100000e+01  3.000000e+02  0.0
-2.130000e+01  3.000000e+02  0.0
-2.170000e+01  3.000000e+02  0.0
-2.200000e+01  3.000000e+02  0.0
