# log10(y)    mass[MeV]    Nhits
-13.3  5  2.483338e-07
-13.7  5  7.057882e-06
-14  5  1.715350e-04
-14.3  5  2.654412e-03
-14.7  5  2.320447e-02
-15  5  1.492471e-01
-15.3  5  6.415007e-01
-15.7  5  1.400723e+00
-16  5  2.097996e+00
-16.3  5  3.357789e+00
-16.7  5  2.282402e+00
-17  5  2.383862e+00
-17.3  5  1.968658e+00
-17.7  5  1.589736e+00
-18  5  1.222456e+00
-18.3  5  8.673887e-01
-18.7  5  5.087102e-01
-19  5  3.360622e-01
-19.3  5  2.138934e-01
-19.7  5  9.825651e-02
-20  5  6.006027e-02
-20.3  5  3.628998e-02
-20.7  5  1.844255e-02
-21  5  1.056851e-02
-21.3  5  3.719461e-03
-21.7  5  6.037689e-04
-2.200000e+01  5.000000e+00  0.0
-13.3  6  7.562283e-06
-13.7  6  1.574022e-04
-14  6  1.266602e-03
-14.3  6  1.494476e-02
-14.7  6  8.707417e-02
-15  6  3.187383e-01
-15.3  6  1.142730e+00
-15.7  6  1.676984e+00
-16  6  2.585147e+00
-16.3  6  2.764064e+00
-16.7  6  2.315150e+00
-17  6  2.121373e+00
-17.3  6  2.428766e+00
-17.7  6  1.679280e+00
-18  6  1.247470e+00
-18.3  6  7.532310e-01
-18.7  6  4.015488e-01
-19  6  2.535019e-01
-19.3  6  1.484211e-01
-19.7  6  6.304166e-02
-20  6  4.025238e-02
-20.3  6  2.868561e-02
-20.7  6  1.309380e-02
-21  6  4.347782e-03
-21.3  6  9.387481e-04
-2.170000e+01  6.000000e+00  0.0
-2.200000e+01  6.000000e+00  0.0
-13.3  8  9.050584e-05
-13.7  8  8.609927e-04
-14  8  6.171902e-03
-14.3  8  4.640426e-02
-14.7  8  1.597003e-01
-15  8  6.129766e-01
-15.3  8  1.193626e+00
-15.7  8  1.559297e+00
-16  8  1.829476e+00
-16.3  8  1.869326e+00
-16.7  8  1.391578e+00
-17  8  1.578551e+00
-17.3  8  1.456670e+00
-17.7  8  1.106881e+00
-18  8  7.145091e-01
-18.3  8  4.702860e-01
-18.7  8  2.233097e-01
-19  8  1.294270e-01
-19.3  8  7.148409e-02
-19.7  8  3.282123e-02
-20  8  2.506045e-02
-20.3  8  1.450319e-02
-20.7  8  3.866777e-03
-21  8  8.215246e-04
-2.130000e+01  8.000000e+00  0.0
-2.170000e+01  8.000000e+00  0.0
-2.200000e+01  8.000000e+00  0.0
-13.3  9  2.379973e-04
-13.7  9  2.636181e-03
-14  9  2.041486e-02
-14.3  9  1.301349e-01
-14.7  9  3.371587e-01
-15  9  9.637310e-01
-15.3  9  2.012491e+00
-15.7  9  1.977246e+00
-16  9  1.863089e+00
-16.3  9  1.699058e+00
-16.7  9  1.512068e+00
-17  9  1.753864e+00
-17.3  9  1.442841e+00
-17.7  9  9.166097e-01
-18  9  6.351058e-01
-18.3  9  3.976117e-01
-18.7  9  1.826012e-01
-19  9  1.014870e-01
-19.3  9  6.116778e-02
-19.7  9  3.455284e-02
-20  9  1.882725e-02
-20.3  9  6.183516e-03
-20.7  9  1.065598e-03
-2.100000e+01  9.000000e+00  0.0
-2.130000e+01  9.000000e+00  0.0
-2.170000e+01  9.000000e+00  0.0
-2.200000e+01  9.000000e+00  0.0
-13.3  11  1.172313e-03
-13.7  11  6.919205e-03
-14  11  3.962524e-02
-14.3  11  1.393917e-01
-14.7  11  4.300459e-01
-15  11  1.290342e+00
-15.3  11  2.041041e+00
-15.7  11  1.566716e+00
-16  11  1.395194e+00
-16.3  11  1.619335e+00
-16.7  11  1.082218e+00
-17  11  1.225368e+00
-17.3  11  9.176228e-01
-17.7  11  5.926130e-01
-18  11  3.943102e-01
-18.3  11  2.397855e-01
-18.7  11  1.198488e-01
-19  11  7.161552e-02
-19.3  11  4.234423e-02
-19.7  11  1.934977e-02
-20  11  5.655680e-03
-20.3  11  1.186791e-03
-2.070000e+01  1.100000e+01  0.0
-2.100000e+01  1.100000e+01  0.0
-2.130000e+01  1.100000e+01  0.0
-2.170000e+01  1.100000e+01  0.0
-2.200000e+01  1.100000e+01  0.0
-13.3  14  4.587500e-03
-13.7  14  1.672361e-02
-14  14  4.577689e-02
-14.3  14  1.589269e-01
-14.7  14  6.042284e-01
-15  14  1.047597e+00
-15.3  14  1.567378e+00
-15.7  14  9.131035e-01
-16  14  1.330803e+00
-16.3  14  1.187073e+00
-16.7  14  1.025965e+00
-17  14  7.182148e-01
-17.3  14  6.257243e-01
-17.7  14  3.212747e-01
-18  14  2.000677e-01
-18.3  14  1.321593e-01
-18.7  14  6.234209e-02
-19  14  4.133097e-02
-19.3  14  2.249545e-02
-19.7  14  5.552785e-03
-20  14  1.146431e-03
-2.030000e+01  1.400000e+01  0.0
-2.070000e+01  1.400000e+01  0.0
-2.100000e+01  1.400000e+01  0.0
-2.130000e+01  1.400000e+01  0.0
-2.170000e+01  1.400000e+01  0.0
-2.200000e+01  1.400000e+01  0.0
-13.3  17  8.030072e-03
-13.7  17  2.631108e-02
-14  17  1.022817e-01
-14.3  17  2.350815e-01
-14.7  17  4.125338e-01
-15  17  8.956401e-01
-15.3  17  1.233320e+00
-15.7  17  9.214583e-01
-16  17  9.044292e-01
-16.3  17  1.062505e+00
-16.7  17  6.990819e-01
-17  17  5.293277e-01
-17.3  17  3.714536e-01
-17.7  17  1.908910e-01
-18  17  1.173096e-01
-18.3  17  7.288332e-02
-18.7  17  4.199684e-02
-19  17  2.478941e-02
-19.3  17  7.092060e-03
-19.7  17  1.229743e-03
-2.000000e+01  1.700000e+01  0.0
-2.030000e+01  1.700000e+01  0.0
-2.070000e+01  1.700000e+01  0.0
-2.100000e+01  1.700000e+01  0.0
-2.130000e+01  1.700000e+01  0.0
-2.170000e+01  1.700000e+01  0.0
-2.200000e+01  1.700000e+01  0.0
-13.3  21  1.718204e-02
-13.7  21  3.706619e-02
-14  21  9.092755e-02
-14.3  21  1.913852e-01
-14.7  21  2.064242e-01
-15  21  7.229223e-01
-15.3  21  9.597548e-01
-15.7  21  7.675471e-01
-16  21  8.136140e-01
-16.3  21  5.851111e-01
-16.7  21  4.185919e-01
-17  21  3.031333e-01
-17.3  21  1.917964e-01
-17.7  21  9.619218e-02
-18  21  6.405629e-02
-18.3  21  4.925958e-02
-18.7  21  2.366261e-02
-19  21  7.343839e-03
-19.3  21  1.567565e-03
-1.970000e+01  2.100000e+01  0.0
-2.000000e+01  2.100000e+01  0.0
-2.030000e+01  2.100000e+01  0.0
-2.070000e+01  2.100000e+01  0.0
-2.100000e+01  2.100000e+01  0.0
-2.130000e+01  2.100000e+01  0.0
-2.170000e+01  2.100000e+01  0.0
-2.200000e+01  2.100000e+01  0.0
-13.3  26  1.951994e-02
-13.7  26  3.387666e-02
-14  26  7.946853e-02
-14.3  26  3.162000e-01
-14.7  26  3.527881e-01
-15  26  4.430760e-01
-15.3  26  7.147794e-01
-15.7  26  5.413449e-01
-16  26  5.406314e-01
-16.3  26  4.060042e-01
-16.7  26  2.571863e-01
-17  26  1.741654e-01
-17.3  26  1.007162e-01
-17.7  26  5.277233e-02
-18  26  4.148972e-02
-18.3  26  2.355096e-02
-18.7  26  6.366212e-03
-19  26  1.336085e-03
-1.930000e+01  2.600000e+01  0.0
-1.970000e+01  2.600000e+01  0.0
-2.000000e+01  2.600000e+01  0.0
-2.030000e+01  2.600000e+01  0.0
-2.070000e+01  2.600000e+01  0.0
-2.100000e+01  2.600000e+01  0.0
-2.130000e+01  2.600000e+01  0.0
-2.170000e+01  2.600000e+01  0.0
-2.200000e+01  2.600000e+01  0.0
-13.3  32  2.184757e-02
-13.7  32  2.076098e-02
-14  32  1.473970e-01
-14.3  32  1.511845e-01
-14.7  32  3.540566e-01
-15  32  3.019246e-01
-15.3  32  5.670218e-01
-15.7  32  3.568654e-01
-16  32  3.568990e-01
-16.3  32  2.827956e-01
-16.7  32  1.496012e-01
-17  32  1.020281e-01
-17.3  32  7.053877e-02
-17.7  32  3.837539e-02
-18  32  2.297319e-02
-18.3  32  7.954525e-03
-18.7  32  1.375095e-03
-1.900000e+01  3.200000e+01  0.0
-1.930000e+01  3.200000e+01  0.0
-1.970000e+01  3.200000e+01  0.0
-2.000000e+01  3.200000e+01  0.0
-2.030000e+01  3.200000e+01  0.0
-2.070000e+01  3.200000e+01  0.0
-2.100000e+01  3.200000e+01  0.0
-2.130000e+01  3.200000e+01  0.0
-2.170000e+01  3.200000e+01  0.0
-2.200000e+01  3.200000e+01  0.0
-13.3  39  1.096585e-02
-13.7  39  5.718151e-02
-14  39  1.157141e-01
-14.3  39  1.493739e-01
-14.7  39  1.965193e-01
-15  39  2.270366e-01
-15.3  39  3.520995e-01
-15.7  39  2.403926e-01
-16  39  2.129096e-01
-16.3  39  1.463098e-01
-16.7  39  8.000781e-02
-17  39  5.304659e-02
-17.3  39  3.820800e-02
-17.7  39  1.910029e-02
-18  39  6.010158e-03
-1.830000e+01  3.900000e+01  0.0
-1.870000e+01  3.900000e+01  0.0
-1.900000e+01  3.900000e+01  0.0
-1.930000e+01  3.900000e+01  0.0
-1.970000e+01  3.900000e+01  0.0
-2.000000e+01  3.900000e+01  0.0
-2.030000e+01  3.900000e+01  0.0
-2.070000e+01  3.900000e+01  0.0
-2.100000e+01  3.900000e+01  0.0
-2.130000e+01  3.900000e+01  0.0
-2.170000e+01  3.900000e+01  0.0
-2.200000e+01  3.900000e+01  0.0
-13.3  48  1.203259e-02
-13.7  48  1.747091e-02
-14  48  3.718118e-02
-14.3  48  1.767658e-01
-14.7  48  6.792127e-02
-15  48  1.732242e-01
-15.3  48  1.436056e-01
-15.7  48  1.359929e-01
-16  48  1.048318e-01
-16.3  48  7.968376e-02
-16.7  48  4.324825e-02
-17  48  3.092758e-02
-17.3  48  2.051764e-02
-17.7  48  5.897705e-03
-1.800000e+01  4.800000e+01  0.0
-1.830000e+01  4.800000e+01  0.0
-1.870000e+01  4.800000e+01  0.0
-1.900000e+01  4.800000e+01  0.0
-1.930000e+01  4.800000e+01  0.0
-1.970000e+01  4.800000e+01  0.0
-2.000000e+01  4.800000e+01  0.0
-2.030000e+01  4.800000e+01  0.0
-2.070000e+01  4.800000e+01  0.0
-2.100000e+01  4.800000e+01  0.0
-2.130000e+01  4.800000e+01  0.0
-2.170000e+01  4.800000e+01  0.0
-2.200000e+01  4.800000e+01  0.0
-13.3  58  3.818082e-03
-13.7  58  1.140570e-02
-14  58  3.422761e-02
-14.3  58  5.049109e-02
-14.7  58  3.871991e-02
-15  58  5.584635e-02
-15.3  58  8.708399e-02
-15.7  58  6.704231e-02
-16  58  5.092097e-02
-16.3  58  3.675138e-02
-16.7  58  2.298813e-02
-17  58  1.568005e-02
-17.3  58  6.341934e-03
-1.770000e+01  5.800000e+01  0.0
-1.800000e+01  5.800000e+01  0.0
-1.830000e+01  5.800000e+01  0.0
-1.870000e+01  5.800000e+01  0.0
-1.900000e+01  5.800000e+01  0.0
-1.930000e+01  5.800000e+01  0.0
-1.970000e+01  5.800000e+01  0.0
-2.000000e+01  5.800000e+01  0.0
-2.030000e+01  5.800000e+01  0.0
-2.070000e+01  5.800000e+01  0.0
-2.100000e+01  5.800000e+01  0.0
-2.130000e+01  5.800000e+01  0.0
-2.170000e+01  5.800000e+01  0.0
-2.200000e+01  5.800000e+01  0.0
-13.3  88  9.867554e-04
-13.7  88  1.349301e-03
-14  88  2.159932e-03
-14.3  88  5.392258e-03
-14.7  88  7.250804e-03
-15  88  8.913186e-03
-15.3  88  1.006170e-02
-15.7  88  6.387904e-03
-16  88  6.541689e-03
-16.3  88  5.818264e-03
-16.7  88  2.644583e-03
-17  88  7.109688e-04
-1.730000e+01  8.800000e+01  0.0
-1.770000e+01  8.800000e+01  0.0
-1.800000e+01  8.800000e+01  0.0
-1.830000e+01  8.800000e+01  0.0
-1.870000e+01  8.800000e+01  0.0
-1.900000e+01  8.800000e+01  0.0
-1.930000e+01  8.800000e+01  0.0
-1.970000e+01  8.800000e+01  0.0
-2.000000e+01  8.800000e+01  0.0
-2.030000e+01  8.800000e+01  0.0
-2.070000e+01  8.800000e+01  0.0
-2.100000e+01  8.800000e+01  0.0
-2.130000e+01  8.800000e+01  0.0
-2.170000e+01  8.800000e+01  0.0
-2.200000e+01  8.800000e+01  0.0
-13.3  108  0.000000e+00
-13.7  108  0.000000e+00
-14  108  0.000000e+00
-14.3  108  0.000000e+00
-14.7  108  0.000000e+00
-15  108  0.000000e+00
-15.3  108  0.000000e+00
-15.7  108  0.000000e+00
-16  108  0.000000e+00
-16.3  108  0.000000e+00
-16.7  108  0.000000e+00
-1.700000e+01  1.080000e+02  0.0
-1.730000e+01  1.080000e+02  0.0
-1.770000e+01  1.080000e+02  0.0
-1.800000e+01  1.080000e+02  0.0
-1.830000e+01  1.080000e+02  0.0
-1.870000e+01  1.080000e+02  0.0
-1.900000e+01  1.080000e+02  0.0
-1.930000e+01  1.080000e+02  0.0
-1.970000e+01  1.080000e+02  0.0
-2.000000e+01  1.080000e+02  0.0
-2.030000e+01  1.080000e+02  0.0
-2.070000e+01  1.080000e+02  0.0
-2.100000e+01  1.080000e+02  0.0
-2.130000e+01  1.080000e+02  0.0
-2.170000e+01  1.080000e+02  0.0
-2.200000e+01  1.080000e+02  0.0
-13.3  132  0.000000e+00
-13.7  132  0.000000e+00
-14  132  0.000000e+00
-14.3  132  0.000000e+00
-14.7  132  0.000000e+00
-15  132  0.000000e+00
-15.3  132  0.000000e+00
-15.7  132  0.000000e+00
-16  132  0.000000e+00
-16.3  132  0.000000e+00
-1.670000e+01  1.320000e+02  0.0
-1.700000e+01  1.320000e+02  0.0
-1.730000e+01  1.320000e+02  0.0
-1.770000e+01  1.320000e+02  0.0
-1.800000e+01  1.320000e+02  0.0
-1.830000e+01  1.320000e+02  0.0
-1.870000e+01  1.320000e+02  0.0
-1.900000e+01  1.320000e+02  0.0
-1.930000e+01  1.320000e+02  0.0
-1.970000e+01  1.320000e+02  0.0
-2.000000e+01  1.320000e+02  0.0
-2.030000e+01  1.320000e+02  0.0
-2.070000e+01  1.320000e+02  0.0
-2.100000e+01  1.320000e+02  0.0
-2.130000e+01  1.320000e+02  0.0
-2.170000e+01  1.320000e+02  0.0
-2.200000e+01  1.320000e+02  0.0
-13.3  162  0.000000e+00
-13.7  162  0.000000e+00
-14  162  0.000000e+00
-14.3  162  0.000000e+00
-14.7  162  0.000000e+00
-15  162  0.000000e+00
-15.3  162  0.000000e+00
-15.7  162  0.000000e+00
-16  162  0.000000e+00
-1.630000e+01  1.620000e+02  0.0
-1.670000e+01  1.620000e+02  0.0
-1.700000e+01  1.620000e+02  0.0
-1.730000e+01  1.620000e+02  0.0
-1.770000e+01  1.620000e+02  0.0
-1.800000e+01  1.620000e+02  0.0
-1.830000e+01  1.620000e+02  0.0
-1.870000e+01  1.620000e+02  0.0
-1.900000e+01  1.620000e+02  0.0
-1.930000e+01  1.620000e+02  0.0
-1.970000e+01  1.620000e+02  0.0
-2.000000e+01  1.620000e+02  0.0
-2.030000e+01  1.620000e+02  0.0
-2.070000e+01  1.620000e+02  0.0
-2.100000e+01  1.620000e+02  0.0
-2.130000e+01  1.620000e+02  0.0
-2.170000e+01  1.620000e+02  0.0
-2.200000e+01  1.620000e+02  0.0
-13.3  199  0.000000e+00
-13.7  199  0.000000e+00
-14  199  0.000000e+00
-14.3  199  0.000000e+00
-14.7  199  0.000000e+00
-15  199  0.000000e+00
-15.3  199  0.000000e+00
-15.7  199  0.000000e+00
-1.600000e+01  1.990000e+02  0.0
-1.630000e+01  1.990000e+02  0.0
-1.670000e+01  1.990000e+02  0.0
-1.700000e+01  1.990000e+02  0.0
-1.730000e+01  1.990000e+02  0.0
-1.770000e+01  1.990000e+02  0.0
-1.800000e+01  1.990000e+02  0.0
-1.830000e+01  1.990000e+02  0.0
-1.870000e+01  1.990000e+02  0.0
-1.900000e+01  1.990000e+02  0.0
-1.930000e+01  1.990000e+02  0.0
-1.970000e+01  1.990000e+02  0.0
-2.000000e+01  1.990000e+02  0.0
-2.030000e+01  1.990000e+02  0.0
-2.070000e+01  1.990000e+02  0.0
-2.100000e+01  1.990000e+02  0.0
-2.130000e+01  1.990000e+02  0.0
-2.170000e+01  1.990000e+02  0.0
-2.200000e+01  1.990000e+02  0.0
-13.3  244  0.000000e+00
-13.7  244  0.000000e+00
-14  244  0.000000e+00
-14.3  244  0.000000e+00
-14.7  244  0.000000e+00
-15  244  0.000000e+00
-15.3  244  0.000000e+00
-15.7  244  0.000000e+00
-1.600000e+01  2.440000e+02  0.0
-1.630000e+01  2.440000e+02  0.0
-1.670000e+01  2.440000e+02  0.0
-1.700000e+01  2.440000e+02  0.0
-1.730000e+01  2.440000e+02  0.0
-1.770000e+01  2.440000e+02  0.0
-1.800000e+01  2.440000e+02  0.0
-1.830000e+01  2.440000e+02  0.0
-1.870000e+01  2.440000e+02  0.0
-1.900000e+01  2.440000e+02  0.0
-1.930000e+01  2.440000e+02  0.0
-1.970000e+01  2.440000e+02  0.0
-2.000000e+01  2.440000e+02  0.0
-2.030000e+01  2.440000e+02  0.0
-2.070000e+01  2.440000e+02  0.0
-2.100000e+01  2.440000e+02  0.0
-2.130000e+01  2.440000e+02  0.0
-2.170000e+01  2.440000e+02  0.0
-2.200000e+01  2.440000e+02  0.0
-13.3  300  0.000000e+00
-13.7  300  0.000000e+00
-14  300  0.000000e+00
-14.3  300  0.000000e+00
-14.7  300  0.000000e+00
-15  300  0.000000e+00
-15.3  300  0.000000e+00
-1.570000e+01  3.000000e+02  0.0
-1.600000e+01  3.000000e+02  0.0
-1.630000e+01  3.000000e+02  0.0
-1.670000e+01  3.000000e+02  0.0
-1.700000e+01  3.000000e+02  0.0
-1.730000e+01  3.000000e+02  0.0
-1.770000e+01  3.000000e+02  0.0
-1.800000e+01  3.000000e+02  0.0
-1.830000e+01  3.000000e+02  0.0
-1.870000e+01  3.000000e+02  0.0
-1.900000e+01  3.000000e+02  0.0
-1.930000e+01  3.000000e+02  0.0
-1.970000e+01  3.000000e+02  0.0
-2.000000e+01  3.000000e+02  0.0
-2.030000e+01  3.000000e+02  0.0
-2.070000e+01  3.000000e+02  0.0
-2.100000e+01  3.000000e+02  0.0
-2.130000e+01  3.000000e+02  0.0
-2.170000e+01  3.000000e+02  0.0
-2.200000e+01  3.000000e+02  0.0
