# log10(y)    mass[MeV]    Nhits
-13.3  5  8.933228e-08
-13.7  5  4.661056e-06
-14  5  1.725022e-04
-14.3  5  3.172030e-03
-14.7  5  2.438798e-02
-15  5  1.135336e-01
-15.3  5  3.541875e-01
-15.7  5  6.266635e-01
-16  5  8.724578e-01
-16.3  5  1.454629e+00
-16.7  5  1.096397e+00
-17  5  1.273350e+00
-17.3  5  1.109570e+00
-17.7  5  1.036116e+00
-18  5  8.639601e-01
-18.3  5  6.576554e-01
-18.7  5  4.172495e-01
-19  5  3.016871e-01
-19.3  5  2.086895e-01
-19.7  5  1.046126e-01
-20  5  6.983272e-02
-20.3  5  4.674142e-02
-20.7  5  2.512663e-02
-21  5  1.483907e-02
-21.3  5  5.517677e-03
-21.7  5  9.656520e-04
-2.200000e+01  5.000000e+00  0.0
-13.3  6  1.989430e-06
-13.7  6  5.603664e-05
-14  6  6.542459e-04
-14.3  6  1.076077e-02
-14.7  6  7.369440e-02
-15  6  2.606723e-01
-15.3  6  7.960708e-01
-15.7  6  9.739229e-01
-16  6  1.318176e+00
-16.3  6  1.330533e+00
-16.7  6  1.122562e+00
-17  6  1.047573e+00
-17.3  6  1.322877e+00
-17.7  6  9.859732e-01
-18  6  7.835822e-01
-18.3  6  5.086583e-01
-18.7  6  2.941711e-01
-19  6  2.006331e-01
-19.3  6  1.279497e-01
-19.7  6  6.067746e-02
-20  6  4.255937e-02
-20.3  6  3.234443e-02
-20.7  6  1.535956e-02
-21  6  5.444804e-03
-21.3  6  1.287933e-03
-2.170000e+01  6.000000e+00  0.0
-2.200000e+01  6.000000e+00  0.0
-13.3  8  6.485227e-05
-13.7  8  4.898256e-04
-14  8  3.067919e-03
-14.3  8  2.343007e-02
-14.7  8  9.199866e-02
-15  8  4.069673e-01
-15.3  8  8.592035e-01
-15.7  8  1.118414e+00
-16  8  1.236925e+00
-16.3  8  1.176395e+00
-16.7  8  8.485252e-01
-17  8  9.090334e-01
-17.3  8  8.337150e-01
-17.7  8  6.436335e-01
-18  8  4.276227e-01
-18.3  8  2.921885e-01
-18.7  8  1.437307e-01
-19  8  8.648444e-02
-19.3  8  5.002912e-02
-19.7  8  2.387052e-02
-20  8  1.870659e-02
-20.3  8  1.099913e-02
-20.7  8  3.016027e-03
-21  8  6.645381e-04
-2.130000e+01  8.000000e+00  0.0
-2.170000e+01  8.000000e+00  0.0
-2.200000e+01  8.000000e+00  0.0
-13.3  9  1.843815e-04
-13.7  9  1.596155e-03
-14  9  1.031436e-02
-14.3  9  6.276421e-02
-14.7  9  1.754642e-01
-15  9  5.639260e-01
-15.3  9  1.282060e+00
-15.7  9  1.291258e+00
-16  9  1.190681e+00
-16.3  9  1.065973e+00
-16.7  9  8.978935e-01
-17  9  1.017097e+00
-17.3  9  8.357359e-01
-17.7  9  5.370519e-01
-18  9  3.792168e-01
-18.3  9  2.412783e-01
-18.7  9  1.120882e-01
-19  9  6.240392e-02
-19.3  9  3.715407e-02
-19.7  9  2.061320e-02
-20  9  1.107228e-02
-20.3  9  3.528371e-03
-20.7  9  5.723549e-04
-2.100000e+01  9.000000e+00  0.0
-2.130000e+01  9.000000e+00  0.0
-2.170000e+01  9.000000e+00  0.0
-2.200000e+01  9.000000e+00  0.0
-13.3  11  1.200166e-03
-13.7  11  5.950407e-03
-14  11  2.800352e-02
-14.3  11  8.534919e-02
-14.7  11  2.491695e-01
-15  11  7.611854e-01
-15.3  11  1.256055e+00
-15.7  11  9.919414e-01
-16  11  8.865369e-01
-16.3  11  1.013134e+00
-16.7  11  6.589862e-01
-17  11  7.310447e-01
-17.3  11  5.430361e-01
-17.7  11  3.513849e-01
-18  11  2.367635e-01
-18.3  11  1.465275e-01
-18.7  11  7.523204e-02
-19  11  4.609728e-02
-19.3  11  2.778312e-02
-19.7  11  1.284016e-02
-20  11  3.825218e-03
-20.3  11  8.276749e-04
-2.070000e+01  1.100000e+01  0.0
-2.100000e+01  1.100000e+01  0.0
-2.130000e+01  1.100000e+01  0.0
-2.170000e+01  1.100000e+01  0.0
-2.200000e+01  1.100000e+01  0.0
-13.3  14  4.733679e-03
-13.7  14  1.633996e-02
-14  14  4.033308e-02
-14.3  14  1.234882e-01
-14.7  14  4.218309e-01
-15  14  6.877791e-01
-15.3  14  1.008336e+00
-15.7  14  5.863550e-01
-16  14  8.515475e-01
-16.3  14  7.487387e-01
-16.7  14  6.364989e-01
-17  14  4.376333e-01
-17.3  14  3.759701e-01
-17.7  14  1.920441e-01
-18  14  1.201580e-01
-18.3  14  8.074625e-02
-18.7  14  3.897290e-02
-19  14  2.638681e-02
-19.3  14  1.455955e-02
-19.7  14  3.691620e-03
-20  14  7.949137e-04
-2.030000e+01  1.400000e+01  0.0
-2.070000e+01  1.400000e+01  0.0
-2.100000e+01  1.400000e+01  0.0
-2.130000e+01  1.400000e+01  0.0
-2.170000e+01  1.400000e+01  0.0
-2.200000e+01  1.400000e+01  0.0
-13.3  17  8.856818e-03
-13.7  17  2.795990e-02
-14  17  1.018849e-01
-14.3  17  2.142260e-01
-14.7  17  3.413852e-01
-15  17  6.852644e-01
-15.3  17  9.136569e-01
-15.7  17  6.553985e-01
-16  17  6.228298e-01
-16.3  17  7.132848e-01
-16.7  17  4.578991e-01
-17  17  3.380036e-01
-17.3  17  2.319243e-01
-17.7  17  1.176236e-01
-18  17  7.183062e-02
-18.3  17  4.479825e-02
-18.7  17  2.602431e-02
-19  17  1.546770e-02
-19.3  17  4.495273e-03
-19.7  17  8.024211e-04
-2.000000e+01  1.700000e+01  0.0
-2.030000e+01  1.700000e+01  0.0
-2.070000e+01  1.700000e+01  0.0
-2.100000e+01  1.700000e+01  0.0
-2.130000e+01  1.700000e+01  0.0
-2.170000e+01  1.700000e+01  0.0
-2.200000e+01  1.700000e+01  0.0
-13.3  21  1.581829e-02
-13.7  21  3.556714e-02
-14  21  8.773909e-02
-14.3  21  1.794747e-01
-14.7  21  1.833944e-01
-15  21  6.169261e-01
-15.3  21  7.768645e-01
-15.7  21  5.891933e-01
-16  21  6.029723e-01
-16.3  21  4.189102e-01
-16.7  21  2.918181e-01
-17  21  2.039978e-01
-17.3  21  1.242549e-01
-17.7  21  6.033081e-02
-18  21  3.870403e-02
-18.3  21  2.914890e-02
-18.7  21  1.385242e-02
-19  21  4.222181e-03
-19.3  21  8.803374e-04
-1.970000e+01  2.100000e+01  0.0
-2.000000e+01  2.100000e+01  0.0
-2.030000e+01  2.100000e+01  0.0
-2.070000e+01  2.100000e+01  0.0
-2.100000e+01  2.100000e+01  0.0
-2.130000e+01  2.100000e+01  0.0
-2.170000e+01  2.100000e+01  0.0
-2.200000e+01  2.100000e+01  0.0
-13.3  26  1.793031e-02
-13.7  26  3.227847e-02
-14  26  7.688432e-02
-14.3  26  3.033165e-01
-14.7  26  3.312346e-01
-15  26  4.044311e-01
-15.3  26  6.162780e-01
-15.7  26  4.477782e-01
-16  26  4.299025e-01
-16.3  26  3.124540e-01
-16.7  26  1.913984e-01
-17  26  1.258507e-01
-17.3  26  7.006762e-02
-17.7  26  3.526422e-02
-18  26  2.707682e-02
-18.3  26  1.513700e-02
-18.7  26  3.995318e-03
-19  26  8.057348e-04
-1.930000e+01  2.600000e+01  0.0
-1.970000e+01  2.600000e+01  0.0
-2.000000e+01  2.600000e+01  0.0
-2.030000e+01  2.600000e+01  0.0
-2.070000e+01  2.600000e+01  0.0
-2.100000e+01  2.600000e+01  0.0
-2.130000e+01  2.600000e+01  0.0
-2.170000e+01  2.600000e+01  0.0
-2.200000e+01  2.600000e+01  0.0
-13.3  32  1.814541e-02
-13.7  32  1.776026e-02
-14  32  1.289575e-01
-14.3  32  1.334875e-01
-14.7  32  3.128611e-01
-15  32  2.630880e-01
-15.3  32  4.822654e-01
-15.7  32  2.967585e-01
-16  32  2.897462e-01
-16.3  32  2.240106e-01
-16.7  32  1.155426e-01
-17  32  7.669935e-02
-17.3  32  5.175378e-02
-17.7  32  2.751612e-02
-18  32  1.630263e-02
-18.3  32  5.532647e-03
-18.7  32  9.247452e-04
-1.900000e+01  3.200000e+01  0.0
-1.930000e+01  3.200000e+01  0.0
-1.970000e+01  3.200000e+01  0.0
-2.000000e+01  3.200000e+01  0.0
-2.030000e+01  3.200000e+01  0.0
-2.070000e+01  3.200000e+01  0.0
-2.100000e+01  3.200000e+01  0.0
-2.130000e+01  3.200000e+01  0.0
-2.170000e+01  3.200000e+01  0.0
-2.200000e+01  3.200000e+01  0.0
-13.3  39  9.018227e-03
-13.7  39  4.781425e-02
-14  39  9.733608e-02
-14.3  39  1.270002e-01
-14.7  39  1.667375e-01
-15  39  1.907172e-01
-15.3  39  2.911346e-01
-15.7  39  1.957010e-01
-16  39  1.707828e-01
-16.3  39  1.159551e-01
-16.7  39  6.296857e-02
-17  39  4.158560e-02
-17.3  39  2.995647e-02
-17.7  39  1.499101e-02
-18  39  4.735330e-03
-1.830000e+01  3.900000e+01  0.0
-1.870000e+01  3.900000e+01  0.0
-1.900000e+01  3.900000e+01  0.0
-1.930000e+01  3.900000e+01  0.0
-1.970000e+01  3.900000e+01  0.0
-2.000000e+01  3.900000e+01  0.0
-2.030000e+01  3.900000e+01  0.0
-2.070000e+01  3.900000e+01  0.0
-2.100000e+01  3.900000e+01  0.0
-2.130000e+01  3.900000e+01  0.0
-2.170000e+01  3.900000e+01  0.0
-2.200000e+01  3.900000e+01  0.0
-13.3  48  1.035389e-02
-13.7  48  1.509816e-02
-14  48  3.234343e-02
-14.3  48  1.544718e-01
-14.7  48  5.919961e-02
-15  48  1.495303e-01
-15.3  48  1.222032e-01
-15.7  48  1.135083e-01
-16  48  8.548433e-02
-16.3  48  6.332389e-02
-16.7  48  3.357743e-02
-17  48  2.385055e-02
-17.3  48  1.562043e-02
-17.7  48  4.400658e-03
-1.800000e+01  4.800000e+01  0.0
-1.830000e+01  4.800000e+01  0.0
-1.870000e+01  4.800000e+01  0.0
-1.900000e+01  4.800000e+01  0.0
-1.930000e+01  4.800000e+01  0.0
-1.970000e+01  4.800000e+01  0.0
-2.000000e+01  4.800000e+01  0.0
-2.030000e+01  4.800000e+01  0.0
-2.070000e+01  4.800000e+01  0.0
-2.100000e+01  4.800000e+01  0.0
-2.130000e+01  4.800000e+01  0.0
-2.170000e+01  4.800000e+01  0.0
-2.200000e+01  4.800000e+01  0.0
-13.3  58  3.328044e-03
-13.7  58  9.964725e-03
-14  58  3.009387e-02
-14.3  58  4.465202e-02
-14.7  58  3.437600e-02
-15  58  4.966334e-02
-15.3  58  7.742556e-02
-15.7  58  5.947969e-02
-16  58  4.500271e-02
-16.3  58  3.230905e-02
-16.7  58  2.017394e-02
-17  58  1.371710e-02
-17.3  58  5.517163e-03
-1.770000e+01  5.800000e+01  0.0
-1.800000e+01  5.800000e+01  0.0
-1.830000e+01  5.800000e+01  0.0
-1.870000e+01  5.800000e+01  0.0
-1.900000e+01  5.800000e+01  0.0
-1.930000e+01  5.800000e+01  0.0
-1.970000e+01  5.800000e+01  0.0
-2.000000e+01  5.800000e+01  0.0
-2.030000e+01  5.800000e+01  0.0
-2.070000e+01  5.800000e+01  0.0
-2.100000e+01  5.800000e+01  0.0
-2.130000e+01  5.800000e+01  0.0
-2.170000e+01  5.800000e+01  0.0
-2.200000e+01  5.800000e+01  0.0
-13.3  88  8.449308e-04
-13.7  88  1.123268e-03
-14  88  1.766186e-03
-14.3  88  4.359970e-03
-14.7  88  5.815974e-03
-15  88  7.101094e-03
-15.3  88  7.970816e-03
-15.7  88  5.036445e-03
-16  88  5.137097e-03
-16.3  88  4.566038e-03
-16.7  88  2.074815e-03
-17  88  5.572938e-04
-1.730000e+01  8.800000e+01  0.0
-1.770000e+01  8.800000e+01  0.0
-1.800000e+01  8.800000e+01  0.0
-1.830000e+01  8.800000e+01  0.0
-1.870000e+01  8.800000e+01  0.0
-1.900000e+01  8.800000e+01  0.0
-1.930000e+01  8.800000e+01  0.0
-1.970000e+01  8.800000e+01  0.0
-2.000000e+01  8.800000e+01  0.0
-2.030000e+01  8.800000e+01  0.0
-2.070000e+01  8.800000e+01  0.0
-2.100000e+01  8.800000e+01  0.0
-2.130000e+01  8.800000e+01  0.0
-2.170000e+01  8.800000e+01  0.0
-2.200000e+01  8.800000e+01  0.0
-13.3  108  0.000000e+00
-13.7  108  0.000000e+00
-14  108  0.000000e+00
-14.3  108  0.000000e+00
-14.7  108  0.000000e+00
-15  108  0.000000e+00
-15.3  108  0.000000e+00
-15.7  108  0.000000e+00
-16  108  0.000000e+00
-16.3  108  0.000000e+00
-16.7  108  0.000000e+00
-1.700000e+01  1.080000e+02  0.0
-1.730000e+01  1.080000e+02  0.0
-1.770000e+01  1.080000e+02  0.0
-1.800000e+01  1.080000e+02  0.0
-1.830000e+01  1.080000e+02  0.0
-1.870000e+01  1.080000e+02  0.0
-1.900000e+01  1.080000e+02  0.0
-1.930000e+01  1.080000e+02  0.0
-1.970000e+01  1.080000e+02  0.0
-2.000000e+01  1.080000e+02  0.0
-2.030000e+01  1.080000e+02  0.0
-2.070000e+01  1.080000e+02  0.0
-2.100000e+01  1.080000e+02  0.0
-2.130000e+01  1.080000e+02  0.0
-2.170000e+01  1.080000e+02  0.0
-2.200000e+01  1.080000e+02  0.0
-13.3  132  0.000000e+00
-13.7  132  0.000000e+00
-14  132  0.000000e+00
-14.3  132  0.000000e+00
-14.7  132  0.000000e+00
-15  132  0.000000e+00
-15.3  132  0.000000e+00
-15.7  132  0.000000e+00
-16  132  0.000000e+00
-16.3  132  0.000000e+00
-1.670000e+01  1.320000e+02  0.0
-1.700000e+01  1.320000e+02  0.0
-1.730000e+01  1.320000e+02  0.0
-1.770000e+01  1.320000e+02  0.0
-1.800000e+01  1.320000e+02  0.0
-1.830000e+01  1.320000e+02  0.0
-1.870000e+01  1.320000e+02  0.0
-1.900000e+01  1.320000e+02  0.0
-1.930000e+01  1.320000e+02  0.0
-1.970000e+01  1.320000e+02  0.0
-2.000000e+01  1.320000e+02  0.0
-2.030000e+01  1.320000e+02  0.0
-2.070000e+01  1.320000e+02  0.0
-2.100000e+01  1.320000e+02  0.0
-2.130000e+01  1.320000e+02  0.0
-2.170000e+01  1.320000e+02  0.0
-2.200000e+01  1.320000e+02  0.0
-13.3  162  0.000000e+00
-13.7  162  0.000000e+00
-14  162  0.000000e+00
-14.3  162  0.000000e+00
-14.7  162  0.000000e+00
-15  162  0.000000e+00
-15.3  162  0.000000e+00
-15.7  162  0.000000e+00
-16  162  0.000000e+00
-1.630000e+01  1.620000e+02  0.0
-1.670000e+01  1.620000e+02  0.0
-1.700000e+01  1.620000e+02  0.0
-1.730000e+01  1.620000e+02  0.0
-1.770000e+01  1.620000e+02  0.0
-1.800000e+01  1.620000e+02  0.0
-1.830000e+01  1.620000e+02  0.0
-1.870000e+01  1.620000e+02  0.0
-1.900000e+01  1.620000e+02  0.0
-1.930000e+01  1.620000e+02  0.0
-1.970000e+01  1.620000e+02  0.0
-2.000000e+01  1.620000e+02  0.0
-2.030000e+01  1.620000e+02  0.0
-2.070000e+01  1.620000e+02  0.0
-2.100000e+01  1.620000e+02  0.0
-2.130000e+01  1.620000e+02  0.0
-2.170000e+01  1.620000e+02  0.0
-2.200000e+01  1.620000e+02  0.0
-13.3  199  0.000000e+00
-13.7  199  0.000000e+00
-14  199  0.000000e+00
-14.3  199  0.000000e+00
-14.7  199  0.000000e+00
-15  199  0.000000e+00
-15.3  199  0.000000e+00
-15.7  199  0.000000e+00
-1.600000e+01  1.990000e+02  0.0
-1.630000e+01  1.990000e+02  0.0
-1.670000e+01  1.990000e+02  0.0
-1.700000e+01  1.990000e+02  0.0
-1.730000e+01  1.990000e+02  0.0
-1.770000e+01  1.990000e+02  0.0
-1.800000e+01  1.990000e+02  0.0
-1.830000e+01  1.990000e+02  0.0
-1.870000e+01  1.990000e+02  0.0
-1.900000e+01  1.990000e+02  0.0
-1.930000e+01  1.990000e+02  0.0
-1.970000e+01  1.990000e+02  0.0
-2.000000e+01  1.990000e+02  0.0
-2.030000e+01  1.990000e+02  0.0
-2.070000e+01  1.990000e+02  0.0
-2.100000e+01  1.990000e+02  0.0
-2.130000e+01  1.990000e+02  0.0
-2.170000e+01  1.990000e+02  0.0
-2.200000e+01  1.990000e+02  0.0
-13.3  244  0.000000e+00
-13.7  244  0.000000e+00
-14  244  0.000000e+00
-14.3  244  0.000000e+00
-14.7  244  0.000000e+00
-15  244  0.000000e+00
-15.3  244  0.000000e+00
-15.7  244  0.000000e+00
-1.600000e+01  2.440000e+02  0.0
-1.630000e+01  2.440000e+02  0.0
-1.670000e+01  2.440000e+02  0.0
-1.700000e+01  2.440000e+02  0.0
-1.730000e+01  2.440000e+02  0.0
-1.770000e+01  2.440000e+02  0.0
-1.800000e+01  2.440000e+02  0.0
-1.830000e+01  2.440000e+02  0.0
-1.870000e+01  2.440000e+02  0.0
-1.900000e+01  2.440000e+02  0.0
-1.930000e+01  2.440000e+02  0.0
-1.970000e+01  2.440000e+02  0.0
-2.000000e+01  2.440000e+02  0.0
-2.030000e+01  2.440000e+02  0.0
-2.070000e+01  2.440000e+02  0.0
-2.100000e+01  2.440000e+02  0.0
-2.130000e+01  2.440000e+02  0.0
-2.170000e+01  2.440000e+02  0.0
-2.200000e+01  2.440000e+02  0.0
-13.3  300  0.000000e+00
-13.7  300  0.000000e+00
-14  300  0.000000e+00
-14.3  300  0.000000e+00
-14.7  300  0.000000e+00
-15  300  0.000000e+00
-15.3  300  0.000000e+00
-1.570000e+01  3.000000e+02  0.0
-1.600000e+01  3.000000e+02  0.0
-1.630000e+01  3.000000e+02  0.0
-1.670000e+01  3.000000e+02  0.0
-1.700000e+01  3.000000e+02  0.0
-1.730000e+01  3.000000e+02  0.0
-1.770000e+01  3.000000e+02  0.0
-1.800000e+01  3.000000e+02  0.0
-1.830000e+01  3.000000e+02  0.0
-1.870000e+01  3.000000e+02  0.0
-1.900000e+01  3.000000e+02  0.0
-1.930000e+01  3.000000e+02  0.0
-1.970000e+01  3.000000e+02  0.0
-2.000000e+01  3.000000e+02  0.0
-2.030000e+01  3.000000e+02  0.0
-2.070000e+01  3.000000e+02  0.0
-2.100000e+01  3.000000e+02  0.0
-2.130000e+01  3.000000e+02  0.0
-2.170000e+01  3.000000e+02  0.0
-2.200000e+01  3.000000e+02  0.0
