# log10(y)    mass[MeV]    Nhits
-13.3  5  1.035852e-07
-13.7  5  4.450996e-06
-14  5  1.488681e-04
-14.3  5  2.954470e-03
-14.7  5  2.894712e-02
-15  5  1.827820e-01
-15.3  5  7.384880e-01
-15.7  5  1.525790e+00
-16  5  2.210868e+00
-16.3  5  3.519588e+00
-16.7  5  2.445143e+00
-17  5  2.656660e+00
-17.3  5  2.254798e+00
-17.7  5  2.028952e+00
-18  5  1.693399e+00
-18.3  5  1.289555e+00
-18.7  5  8.076105e-01
-19  5  5.647978e-01
-19.3  5  3.741967e-01
-19.7  5  1.777996e-01
-20  5  1.118154e-01
-20.3  5  6.951544e-02
-20.7  5  3.583712e-02
-21  5  2.068873e-02
-21.3  5  7.377781e-03
-21.7  5  1.218985e-03
-2.200000e+01  5.000000e+00  0.0
-13.3  6  2.188872e-06
-13.7  6  6.341212e-05
-14  6  7.307252e-04
-14.3  6  1.199230e-02
-14.7  6  8.901374e-02
-15  6  3.694151e-01
-15.3  6  1.361343e+00
-15.7  6  1.962203e+00
-16  6  2.948764e+00
-16.3  6  3.101824e+00
-16.7  6  2.596213e+00
-17  6  2.391020e+00
-17.3  6  2.859592e+00
-17.7  6  2.077818e+00
-18  6  1.629997e+00
-18.3  6  1.046881e+00
-18.7  6  5.948024e-01
-19  6  3.951745e-01
-19.3  6  2.424497e-01
-19.7  6  1.081636e-01
-20  6  7.151449e-02
-20.3  6  5.205765e-02
-20.7  6  2.405335e-02
-21  6  8.140608e-03
-21.3  6  1.802072e-03
-2.170000e+01  6.000000e+00  0.0
-2.200000e+01  6.000000e+00  0.0
-13.3  8  9.207430e-05
-13.7  8  6.794881e-04
-14  8  4.131807e-03
-14.3  8  3.024454e-02
-14.7  8  1.144960e-01
-15  8  5.102313e-01
-15.3  8  1.150292e+00
-15.7  8  1.659531e+00
-16  8  2.050924e+00
-16.3  8  2.139149e+00
-16.7  8  1.599771e+00
-17  8  1.830722e+00
-17.3  8  1.711501e+00
-17.7  8  1.325190e+00
-18  8  8.807729e-01
-18.3  8  6.034929e-01
-18.7  8  2.985480e-01
-19  8  1.811178e-01
-19.3  8  1.059448e-01
-19.7  8  5.097939e-02
-20  8  4.014250e-02
-20.3  8  2.366059e-02
-20.7  8  6.509797e-03
-21  8  1.438134e-03
-2.130000e+01  8.000000e+00  0.0
-2.170000e+01  8.000000e+00  0.0
-2.200000e+01  8.000000e+00  0.0
-13.3  9  2.699132e-04
-13.7  9  2.286602e-03
-14  9  1.450875e-02
-14.3  9  8.558763e-02
-14.7  9  2.316915e-01
-15  9  7.436938e-01
-15.3  9  1.770926e+00
-15.7  9  1.935718e+00
-16  9  1.950038e+00
-16.3  9  1.817000e+00
-16.7  9  1.683949e+00
-17  9  1.994732e+00
-17.3  9  1.669595e+00
-17.7  9  1.084613e+00
-18  9  7.734101e-01
-18.3  9  4.979269e-01
-18.7  9  2.354036e-01
-19  9  1.349928e-01
-19.3  9  8.290085e-02
-19.7  9  4.718869e-02
-20  9  2.575320e-02
-20.3  9  8.438711e-03
-20.7  9  1.430959e-03
-2.100000e+01  9.000000e+00  0.0
-2.130000e+01  9.000000e+00  0.0
-2.170000e+01  9.000000e+00  0.0
-2.200000e+01  9.000000e+00  0.0
-13.3  11  1.410875e-03
-13.7  11  7.461864e-03
-14  11  3.630898e-02
-14.3  11  1.115362e-01
-14.7  11  3.226827e-01
-15  11  9.809225e-01
-15.3  11  1.653585e+00
-15.7  11  1.377376e+00
-16  11  1.273589e+00
-16.3  11  1.600724e+00
-16.7  11  1.123252e+00
-17  11  1.315019e+00
-17.3  11  1.010861e+00
-17.7  11  6.680965e-01
-18  11  4.594082e-01
-18.3  11  2.890039e-01
-18.7  11  1.518716e-01
-19  11  9.535923e-02
-19.3  11  5.871405e-02
-19.7  11  2.751175e-02
-20  11  8.407089e-03
-20.3  11  1.905150e-03
-2.070000e+01  1.100000e+01  0.0
-2.100000e+01  1.100000e+01  0.0
-2.130000e+01  1.100000e+01  0.0
-2.170000e+01  1.100000e+01  0.0
-2.200000e+01  1.100000e+01  0.0
-13.3  14  5.378454e-03
-13.7  14  1.949103e-02
-14  14  5.015054e-02
-14.3  14  1.579427e-01
-14.7  14  5.467006e-01
-15  14  8.945218e-01
-15.3  14  1.322713e+00
-15.7  14  7.779761e-01
-16  14  1.181757e+00
-16.3  14  1.114592e+00
-16.7  14  9.992887e-01
-17  14  7.231847e-01
-17.3  14  6.487740e-01
-17.7  14  3.418599e-01
-18  14  2.170929e-01
-18.3  14  1.465438e-01
-18.7  14  7.029424e-02
-19  14  4.714611e-02
-19.3  14  2.582471e-02
-19.7  14  6.446540e-03
-20  14  1.351528e-03
-2.030000e+01  1.400000e+01  0.0
-2.070000e+01  1.400000e+01  0.0
-2.100000e+01  1.400000e+01  0.0
-2.130000e+01  1.400000e+01  0.0
-2.170000e+01  1.400000e+01  0.0
-2.200000e+01  1.400000e+01  0.0
-13.3  17  8.952053e-03
-13.7  17  2.954876e-02
-14  17  1.129675e-01
-14.3  17  2.476000e-01
-14.7  17  4.074409e-01
-15  17  8.365990e-01
-15.3  17  1.128434e+00
-15.7  17  8.312196e-01
-16  17  8.281671e-01
-16.3  17  9.994153e-01
-16.7  17  6.760298e-01
-17  17  5.264664e-01
-17.3  17  3.793817e-01
-17.7  17  1.989536e-01
-18  17  1.249882e-01
-18.3  17  7.895297e-02
-18.7  17  4.600886e-02
-19  17  2.732347e-02
-19.3  17  7.900678e-03
-19.7  17  1.389961e-03
-2.000000e+01  1.700000e+01  0.0
-2.030000e+01  1.700000e+01  0.0
-2.070000e+01  1.700000e+01  0.0
-2.100000e+01  1.700000e+01  0.0
-2.130000e+01  1.700000e+01  0.0
-2.170000e+01  1.700000e+01  0.0
-2.200000e+01  1.700000e+01  0.0
-13.3  21  1.655699e-02
-13.7  21  3.762826e-02
-14  21  9.474331e-02
-14.3  21  1.986597e-01
-14.7  21  2.082194e-01
-15  21  7.111786e-01
-15.3  21  9.145791e-01
-15.7  21  7.148249e-01
-16  21  7.566511e-01
-16.3  21  5.507089e-01
-16.7  21  3.994860e-01
-17  21  2.947586e-01
-17.3  21  1.897868e-01
-17.7  21  9.633436e-02
-18  21  6.482955e-02
-18.3  21  5.007190e-02
-18.7  21  2.409512e-02
-19  21  7.494637e-03
-19.3  21  1.602045e-03
-1.970000e+01  2.100000e+01  0.0
-2.000000e+01  2.100000e+01  0.0
-2.030000e+01  2.100000e+01  0.0
-2.070000e+01  2.100000e+01  0.0
-2.100000e+01  2.100000e+01  0.0
-2.130000e+01  2.100000e+01  0.0
-2.170000e+01  2.100000e+01  0.0
-2.200000e+01  2.100000e+01  0.0
-13.3  26  1.891275e-02
-13.7  26  3.388794e-02
-14  26  8.124575e-02
-14.3  26  3.251702e-01
-14.7  26  3.600403e-01
-15  26  4.459241e-01
-15.3  26  6.975349e-01
-15.7  26  5.182519e-01
-16  26  5.126688e-01
-16.3  26  3.859452e-01
-16.7  26  2.475041e-01
-17  26  1.703796e-01
-17.3  26  1.009798e-01
-17.7  26  5.436145e-02
-18  26  4.341417e-02
-18.3  26  2.489897e-02
-18.7  26  6.834878e-03
-19  26  1.469091e-03
-1.930000e+01  2.600000e+01  0.0
-1.970000e+01  2.600000e+01  0.0
-2.000000e+01  2.600000e+01  0.0
-2.030000e+01  2.600000e+01  0.0
-2.070000e+01  2.600000e+01  0.0
-2.100000e+01  2.600000e+01  0.0
-2.130000e+01  2.600000e+01  0.0
-2.170000e+01  2.600000e+01  0.0
-2.200000e+01  2.600000e+01  0.0
-13.3  32  1.900776e-02
-13.7  32  1.856603e-02
-14  32  1.351880e-01
-14.3  32  1.408558e-01
-14.7  32  3.321359e-01
-15  32  2.845851e-01
-15.3  32  5.307619e-01
-15.7  32  3.315919e-01
-16  32  3.296880e-01
-16.3  32  2.607214e-01
-16.7  32  1.383166e-01
-17  32  9.499696e-02
-17.3  32  6.619507e-02
-17.7  32  3.628411e-02
-18  32  2.179522e-02
-18.3  32  7.590940e-03
-18.7  32  1.322407e-03
-1.900000e+01  3.200000e+01  0.0
-1.930000e+01  3.200000e+01  0.0
-1.970000e+01  3.200000e+01  0.0
-2.000000e+01  3.200000e+01  0.0
-2.030000e+01  3.200000e+01  0.0
-2.070000e+01  3.200000e+01  0.0
-2.100000e+01  3.200000e+01  0.0
-2.130000e+01  3.200000e+01  0.0
-2.170000e+01  3.200000e+01  0.0
-2.200000e+01  3.200000e+01  0.0
-13.3  39  9.799524e-03
-13.7  39  5.180330e-02
-14  39  1.054663e-01
-14.3  39  1.380808e-01
-14.7  39  1.825129e-01
-15  39  2.104669e-01
-15.3  39  3.242116e-01
-15.7  39  2.195852e-01
-16  39  1.928870e-01
-16.3  39  1.316378e-01
-16.7  39  7.170113e-02
-17  39  4.744450e-02
-17.3  39  3.417806e-02
-17.7  39  1.710146e-02
-18  39  5.398539e-03
-1.830000e+01  3.900000e+01  0.0
-1.870000e+01  3.900000e+01  0.0
-1.900000e+01  3.900000e+01  0.0
-1.930000e+01  3.900000e+01  0.0
-1.970000e+01  3.900000e+01  0.0
-2.000000e+01  3.900000e+01  0.0
-2.030000e+01  3.900000e+01  0.0
-2.070000e+01  3.900000e+01  0.0
-2.100000e+01  3.900000e+01  0.0
-2.130000e+01  3.900000e+01  0.0
-2.170000e+01  3.900000e+01  0.0
-2.200000e+01  3.900000e+01  0.0
-13.3  48  1.106281e-02
-13.7  48  1.611145e-02
-14  48  3.448988e-02
-14.3  48  1.652524e-01
-14.7  48  6.366903e-02
-15  48  1.620687e-01
-15.3  48  1.335466e-01
-15.7  48  1.252127e-01
-16  48  9.525854e-02
-16.3  48  7.130571e-02
-16.7  48  3.815363e-02
-17  48  2.716603e-02
-17.3  48  1.787372e-02
-17.7  48  5.072064e-03
-1.800000e+01  4.800000e+01  0.0
-1.830000e+01  4.800000e+01  0.0
-1.870000e+01  4.800000e+01  0.0
-1.900000e+01  4.800000e+01  0.0
-1.930000e+01  4.800000e+01  0.0
-1.970000e+01  4.800000e+01  0.0
-2.000000e+01  4.800000e+01  0.0
-2.030000e+01  4.800000e+01  0.0
-2.070000e+01  4.800000e+01  0.0
-2.100000e+01  4.800000e+01  0.0
-2.130000e+01  4.800000e+01  0.0
-2.170000e+01  4.800000e+01  0.0
-2.200000e+01  4.800000e+01  0.0
-13.3  58  3.557721e-03
-13.7  58  1.062943e-02
-14  58  3.207951e-02
-14.3  58  4.771966e-02
-14.7  58  3.691367e-02
-15  58  5.364320e-02
-15.3  58  8.423667e-02
-15.7  58  6.524581e-02
-16  58  4.980243e-02
-16.3  58  3.608070e-02
-16.7  58  2.257701e-02
-17  58  1.540840e-02
-17.3  58  6.236738e-03
-1.770000e+01  5.800000e+01  0.0
-1.800000e+01  5.800000e+01  0.0
-1.830000e+01  5.800000e+01  0.0
-1.870000e+01  5.800000e+01  0.0
-1.900000e+01  5.800000e+01  0.0
-1.930000e+01  5.800000e+01  0.0
-1.970000e+01  5.800000e+01  0.0
-2.000000e+01  5.800000e+01  0.0
-2.030000e+01  5.800000e+01  0.0
-2.070000e+01  5.800000e+01  0.0
-2.100000e+01  5.800000e+01  0.0
-2.130000e+01  5.800000e+01  0.0
-2.170000e+01  5.800000e+01  0.0
-2.200000e+01  5.800000e+01  0.0
-13.3  88  9.511278e-04
-13.7  88  1.264624e-03
-14  88  1.990137e-03
-14.3  88  4.916958e-03
-14.7  88  6.563925e-03
-15  88  8.020265e-03
-15.3  88  9.008855e-03
-15.7  88  5.696000e-03
-16  88  5.813216e-03
-16.3  88  5.167763e-03
-16.7  88  2.348566e-03
-17  88  6.309838e-04
-1.730000e+01  8.800000e+01  0.0
-1.770000e+01  8.800000e+01  0.0
-1.800000e+01  8.800000e+01  0.0
-1.830000e+01  8.800000e+01  0.0
-1.870000e+01  8.800000e+01  0.0
-1.900000e+01  8.800000e+01  0.0
-1.930000e+01  8.800000e+01  0.0
-1.970000e+01  8.800000e+01  0.0
-2.000000e+01  8.800000e+01  0.0
-2.030000e+01  8.800000e+01  0.0
-2.070000e+01  8.800000e+01  0.0
-2.100000e+01  8.800000e+01  0.0
-2.130000e+01  8.800000e+01  0.0
-2.170000e+01  8.800000e+01  0.0
-2.200000e+01  8.800000e+01  0.0
-13.3  108  0.000000e+00
-13.7  108  0.000000e+00
-14  108  0.000000e+00
-14.3  108  0.000000e+00
-14.7  108  0.000000e+00
-15  108  0.000000e+00
-15.3  108  0.000000e+00
-15.7  108  0.000000e+00
-16  108  0.000000e+00
-16.3  108  0.000000e+00
-16.7  108  0.000000e+00
-1.700000e+01  1.080000e+02  0.0
-1.730000e+01  1.080000e+02  0.0
-1.770000e+01  1.080000e+02  0.0
-1.800000e+01  1.080000e+02  0.0
-1.830000e+01  1.080000e+02  0.0
-1.870000e+01  1.080000e+02  0.0
-1.900000e+01  1.080000e+02  0.0
-1.930000e+01  1.080000e+02  0.0
-1.970000e+01  1.080000e+02  0.0
-2.000000e+01  1.080000e+02  0.0
-2.030000e+01  1.080000e+02  0.0
-2.070000e+01  1.080000e+02  0.0
-2.100000e+01  1.080000e+02  0.0
-2.130000e+01  1.080000e+02  0.0
-2.170000e+01  1.080000e+02  0.0
-2.200000e+01  1.080000e+02  0.0
-13.3  132  0.000000e+00
-13.7  132  0.000000e+00
-14  132  0.000000e+00
-14.3  132  0.000000e+00
-14.7  132  0.000000e+00
-15  132  0.000000e+00
-15.3  132  0.000000e+00
-15.7  132  0.000000e+00
-16  132  0.000000e+00
-16.3  132  0.000000e+00
-1.670000e+01  1.320000e+02  0.0
-1.700000e+01  1.320000e+02  0.0
-1.730000e+01  1.320000e+02  0.0
-1.770000e+01  1.320000e+02  0.0
-1.800000e+01  1.320000e+02  0.0
-1.830000e+01  1.320000e+02  0.0
-1.870000e+01  1.320000e+02  0.0
-1.900000e+01  1.320000e+02  0.0
-1.930000e+01  1.320000e+02  0.0
-1.970000e+01  1.320000e+02  0.0
-2.000000e+01  1.320000e+02  0.0
-2.030000e+01  1.320000e+02  0.0
-2.070000e+01  1.320000e+02  0.0
-2.100000e+01  1.320000e+02  0.0
-2.130000e+01  1.320000e+02  0.0
-2.170000e+01  1.320000e+02  0.0
-2.200000e+01  1.320000e+02  0.0
-13.3  162  0.000000e+00
-13.7  162  0.000000e+00
-14  162  0.000000e+00
-14.3  162  0.000000e+00
-14.7  162  0.000000e+00
-15  162  0.000000e+00
-15.3  162  0.000000e+00
-15.7  162  0.000000e+00
-16  162  0.000000e+00
-1.630000e+01  1.620000e+02  0.0
-1.670000e+01  1.620000e+02  0.0
-1.700000e+01  1.620000e+02  0.0
-1.730000e+01  1.620000e+02  0.0
-1.770000e+01  1.620000e+02  0.0
-1.800000e+01  1.620000e+02  0.0
-1.830000e+01  1.620000e+02  0.0
-1.870000e+01  1.620000e+02  0.0
-1.900000e+01  1.620000e+02  0.0
-1.930000e+01  1.620000e+02  0.0
-1.970000e+01  1.620000e+02  0.0
-2.000000e+01  1.620000e+02  0.0
-2.030000e+01  1.620000e+02  0.0
-2.070000e+01  1.620000e+02  0.0
-2.100000e+01  1.620000e+02  0.0
-2.130000e+01  1.620000e+02  0.0
-2.170000e+01  1.620000e+02  0.0
-2.200000e+01  1.620000e+02  0.0
-13.3  199  0.000000e+00
-13.7  199  0.000000e+00
-14  199  0.000000e+00
-14.3  199  0.000000e+00
-14.7  199  0.000000e+00
-15  199  0.000000e+00
-15.3  199  0.000000e+00
-15.7  199  0.000000e+00
-1.600000e+01  1.990000e+02  0.0
-1.630000e+01  1.990000e+02  0.0
-1.670000e+01  1.990000e+02  0.0
-1.700000e+01  1.990000e+02  0.0
-1.730000e+01  1.990000e+02  0.0
-1.770000e+01  1.990000e+02  0.0
-1.800000e+01  1.990000e+02  0.0
-1.830000e+01  1.990000e+02  0.0
-1.870000e+01  1.990000e+02  0.0
-1.900000e+01  1.990000e+02  0.0
-1.930000e+01  1.990000e+02  0.0
-1.970000e+01  1.990000e+02  0.0
-2.000000e+01  1.990000e+02  0.0
-2.030000e+01  1.990000e+02  0.0
-2.070000e+01  1.990000e+02  0.0
-2.100000e+01  1.990000e+02  0.0
-2.130000e+01  1.990000e+02  0.0
-2.170000e+01  1.990000e+02  0.0
-2.200000e+01  1.990000e+02  0.0
-13.3  244  0.000000e+00
-13.7  244  0.000000e+00
-14  244  0.000000e+00
-14.3  244  0.000000e+00
-14.7  244  0.000000e+00
-15  244  0.000000e+00
-15.3  244  0.000000e+00
-15.7  244  0.000000e+00
-1.600000e+01  2.440000e+02  0.0
-1.630000e+01  2.440000e+02  0.0
-1.670000e+01  2.440000e+02  0.0
-1.700000e+01  2.440000e+02  0.0
-1.730000e+01  2.440000e+02  0.0
-1.770000e+01  2.440000e+02  0.0
-1.800000e+01  2.440000e+02  0.0
-1.830000e+01  2.440000e+02  0.0
-1.870000e+01  2.440000e+02  0.0
-1.900000e+01  2.440000e+02  0.0
-1.930000e+01  2.440000e+02  0.0
-1.970000e+01  2.440000e+02  0.0
-2.000000e+01  2.440000e+02  0.0
-2.030000e+01  2.440000e+02  0.0
-2.070000e+01  2.440000e+02  0.0
-2.100000e+01  2.440000e+02  0.0
-2.130000e+01  2.440000e+02  0.0
-2.170000e+01  2.440000e+02  0.0
-2.200000e+01  2.440000e+02  0.0
-13.3  300  0.000000e+00
-13.7  300  0.000000e+00
-14  300  0.000000e+00
-14.3  300  0.000000e+00
-14.7  300  0.000000e+00
-15  300  0.000000e+00
-15.3  300  0.000000e+00
-1.570000e+01  3.000000e+02  0.0
-1.600000e+01  3.000000e+02  0.0
-1.630000e+01  3.000000e+02  0.0
-1.670000e+01  3.000000e+02  0.0
-1.700000e+01  3.000000e+02  0.0
-1.730000e+01  3.000000e+02  0.0
-1.770000e+01  3.000000e+02  0.0
-1.800000e+01  3.000000e+02  0.0
-1.830000e+01  3.000000e+02  0.0
-1.870000e+01  3.000000e+02  0.0
-1.900000e+01  3.000000e+02  0.0
-1.930000e+01  3.000000e+02  0.0
-1.970000e+01  3.000000e+02  0.0
-2.000000e+01  3.000000e+02  0.0
-2.030000e+01  3.000000e+02  0.0
-2.070000e+01  3.000000e+02  0.0
-2.100000e+01  3.000000e+02  0.0
-2.130000e+01  3.000000e+02  0.0
-2.170000e+01  3.000000e+02  0.0
-2.200000e+01  3.000000e+02  0.0
