# log10(y)    mass[MeV]    Nhits
-13.3  5  1.276227e-07
-13.7  5  4.627618e-06
-14  5  1.484273e-04
-14.3  5  2.856224e-03
-14.7  5  2.539175e-02
-15  5  1.401165e-01
-15.3  5  5.085053e-01
-15.7  5  1.006257e+00
-16  5  1.497570e+00
-16.3  5  2.586199e+00
-16.7  5  2.013008e+00
-17  5  2.440835e+00
-17.3  5  2.190396e+00
-17.7  5  2.274615e+00
-18  5  2.007916e+00
-18.3  5  1.560135e+00
-18.7  5  9.715032e-01
-19  5  6.603764e-01
-19.3  5  4.214273e-01
-19.7  5  1.911587e-01
-20  5  1.140971e-01
-20.3  5  6.638241e-02
-20.7  5  3.292343e-02
-21  5  1.860473e-02
-21.3  5  6.374237e-03
-21.7  5  9.951170e-04
-2.200000e+01  5.000000e+00  0.0
-13.3  6  3.663190e-06
-13.7  6  9.594121e-05
-14  6  9.481044e-04
-14.3  6  1.353671e-02
-14.7  6  8.943627e-02
-15  6  3.302213e-01
-15.3  6  1.090509e+00
-15.7  6  1.449577e+00
-16  6  2.102363e+00
-16.3  6  2.238811e+00
-16.7  6  1.970526e+00
-17  6  1.877493e+00
-17.3  6  2.585945e+00
-17.7  6  2.060585e+00
-18  6  1.727640e+00
-18.3  6  1.162127e+00
-18.7  6  6.745565e-01
-19  6  4.474952e-01
-19.3  6  2.698366e-01
-19.7  6  1.159304e-01
-20  6  7.352868e-02
-20.3  6  5.181636e-02
-20.7  6  2.343450e-02
-21  6  7.638930e-03
-21.3  6  1.598180e-03
-2.170000e+01  6.000000e+00  0.0
-2.200000e+01  6.000000e+00  0.0
-13.3  8  9.038253e-05
-13.7  8  6.858506e-04
-14  8  4.427053e-03
-14.3  8  3.346231e-02
-14.7  8  1.246277e-01
-15  8  5.282041e-01
-15.3  8  1.105856e+00
-15.7  8  1.472532e+00
-16  8  1.695890e+00
-16.3  8  1.688854e+00
-16.7  8  1.247205e+00
-17  8  1.433250e+00
-17.3  8  1.403519e+00
-17.7  8  1.148649e+00
-18  8  8.146776e-01
-18.3  8  5.951434e-01
-18.7  8  3.080476e-01
-19  8  1.930601e-01
-19.3  8  1.150316e-01
-19.7  8  5.521923e-02
-20  8  4.303098e-02
-20.3  8  2.511401e-02
-20.7  8  6.748593e-03
-21  8  1.429397e-03
-2.130000e+01  8.000000e+00  0.0
-2.170000e+01  8.000000e+00  0.0
-2.200000e+01  8.000000e+00  0.0
-13.3  9  2.563158e-04
-13.7  9  2.265068e-03
-14  9  1.515188e-02
-14.3  9  9.264555e-02
-14.7  9  2.504320e-01
-15  9  7.754593e-01
-15.3  9  1.737310e+00
-15.7  9  1.768215e+00
-16  9  1.674000e+00
-16.3  9  1.522889e+00
-16.7  9  1.356153e+00
-17  9  1.619901e+00
-17.3  9  1.398130e+00
-17.7  9  9.541451e-01
-18  9  7.240863e-01
-18.3  9  4.934371e-01
-18.7  9  2.469845e-01
-19  9  1.511331e-01
-19.3  9  9.748810e-02
-19.7  9  5.735752e-02
-20  9  3.187755e-02
-20.3  9  1.075287e-02
-20.7  9  1.899777e-03
-2.100000e+01  9.000000e+00  0.0
-2.130000e+01  9.000000e+00  0.0
-2.170000e+01  9.000000e+00  0.0
-2.200000e+01  9.000000e+00  0.0
-13.3  11  1.539103e-03
-13.7  11  8.086502e-03
-14  11  3.956343e-02
-14.3  11  1.230285e-01
-14.7  11  3.570644e-01
-15  11  1.065938e+00
-15.3  11  1.723564e+00
-15.7  11  1.353187e+00
-16  11  1.213204e+00
-16.3  11  1.417724e+00
-16.7  11  9.527740e-01
-17  11  1.098811e+00
-17.3  11  8.513323e-01
-17.7  11  5.745423e-01
-18  11  4.106097e-01
-18.3  11  2.683834e-01
-18.7  11  1.476773e-01
-19  11  9.587695e-02
-19.3  11  6.022627e-02
-19.7  11  2.849260e-02
-20  11  8.817106e-03
-20.3  11  2.019866e-03
-2.070000e+01  1.100000e+01  0.0
-2.100000e+01  1.100000e+01  0.0
-2.130000e+01  1.100000e+01  0.0
-2.170000e+01  1.100000e+01  0.0
-2.200000e+01  1.100000e+01  0.0
-13.3  14  5.435401e-03
-13.7  14  2.013813e-02
-14  14  5.266874e-02
-14.3  14  1.679213e-01
-14.7  14  5.863555e-01
-15  14  9.597241e-01
-15.3  14  1.397919e+00
-15.7  14  8.099614e-01
-16  14  1.174160e+00
-16.3  14  1.043494e+00
-16.7  14  9.006072e-01
-17  14  6.326310e-01
-17.3  14  5.585459e-01
-17.7  14  2.948504e-01
-18  14  1.903245e-01
-18.3  14  1.332525e-01
-18.7  14  6.667530e-02
-19  14  4.637748e-02
-19.3  14  2.599528e-02
-19.7  14  6.782180e-03
-20  14  1.521203e-03
-2.030000e+01  1.400000e+01  0.0
-2.070000e+01  1.400000e+01  0.0
-2.100000e+01  1.400000e+01  0.0
-2.130000e+01  1.400000e+01  0.0
-2.170000e+01  1.400000e+01  0.0
-2.200000e+01  1.400000e+01  0.0
-13.3  17  9.510206e-03
-13.7  17  3.119207e-02
-14  17  1.195612e-01
-14.3  17  2.636803e-01
-14.7  17  4.367062e-01
-15  17  8.985508e-01
-15.3  17  1.208136e+00
-15.7  17  8.753654e-01
-16  17  8.399580e-01
-16.3  17  9.728539e-01
-16.7  17  6.332837e-01
-17  17  4.758073e-01
-17.3  17  3.331588e-01
-17.7  17  1.719224e-01
-18  17  1.070582e-01
-18.3  17  6.770152e-02
-18.7  17  3.965879e-02
-19  17  2.366428e-02
-19.3  17  6.917312e-03
-19.7  17  1.241382e-03
-2.000000e+01  1.700000e+01  0.0
-2.030000e+01  1.700000e+01  0.0
-2.070000e+01  1.700000e+01  0.0
-2.100000e+01  1.700000e+01  0.0
-2.130000e+01  1.700000e+01  0.0
-2.170000e+01  1.700000e+01  0.0
-2.200000e+01  1.700000e+01  0.0
-13.3  21  1.618815e-02
-13.7  21  3.737266e-02
-14  21  9.538946e-02
-14.3  21  2.025632e-01
-14.7  21  2.148910e-01
-15  21  7.387435e-01
-15.3  21  9.551542e-01
-15.7  21  7.429142e-01
-16  21  7.733644e-01
-16.3  21  5.467778e-01
-16.7  21  3.862007e-01
-17  21  2.750300e-01
-17.3  21  1.709237e-01
-17.7  21  8.443328e-02
-18  21  5.525946e-02
-18.3  21  4.208704e-02
-18.7  21  2.011689e-02
-19  21  6.191592e-03
-19.3  21  1.307429e-03
-1.970000e+01  2.100000e+01  0.0
-2.000000e+01  2.100000e+01  0.0
-2.030000e+01  2.100000e+01  0.0
-2.070000e+01  2.100000e+01  0.0
-2.100000e+01  2.100000e+01  0.0
-2.130000e+01  2.100000e+01  0.0
-2.170000e+01  2.100000e+01  0.0
-2.200000e+01  2.100000e+01  0.0
-13.3  26  1.771910e-02
-13.7  26  3.270221e-02
-14  26  8.003716e-02
-14.3  26  3.253464e-01
-14.7  26  3.638060e-01
-15  26  4.547203e-01
-15.3  26  7.197203e-01
-15.7  26  5.357885e-01
-16  26  5.260519e-01
-16.3  26  3.894992e-01
-16.7  26  2.431575e-01
-17  26  1.625298e-01
-17.3  26  9.238337e-02
-17.7  26  4.750661e-02
-18  26  3.693240e-02
-18.3  26  2.080827e-02
-18.7  26  5.559416e-03
-19  26  1.144100e-03
-1.930000e+01  2.600000e+01  0.0
-1.970000e+01  2.600000e+01  0.0
-2.000000e+01  2.600000e+01  0.0
-2.030000e+01  2.600000e+01  0.0
-2.070000e+01  2.600000e+01  0.0
-2.100000e+01  2.600000e+01  0.0
-2.130000e+01  2.600000e+01  0.0
-2.170000e+01  2.600000e+01  0.0
-2.200000e+01  2.600000e+01  0.0
-13.3  32  1.591673e-02
-13.7  32  1.611089e-02
-14  32  1.208756e-01
-14.3  32  1.286775e-01
-14.7  32  3.075481e-01
-15  32  2.719014e-01
-15.3  32  5.172083e-01
-15.7  32  3.269238e-01
-16  32  3.274536e-01
-16.3  32  2.593196e-01
-16.7  32  1.367849e-01
-17  32  9.273328e-02
-17.3  32  6.361516e-02
-17.7  32  3.428953e-02
-18  32  2.041948e-02
-18.3  32  6.995992e-03
-18.7  32  1.187026e-03
-1.900000e+01  3.200000e+01  0.0
-1.930000e+01  3.200000e+01  0.0
-1.970000e+01  3.200000e+01  0.0
-2.000000e+01  3.200000e+01  0.0
-2.030000e+01  3.200000e+01  0.0
-2.070000e+01  3.200000e+01  0.0
-2.100000e+01  3.200000e+01  0.0
-2.130000e+01  3.200000e+01  0.0
-2.170000e+01  3.200000e+01  0.0
-2.200000e+01  3.200000e+01  0.0
-13.3  39  8.024169e-03
-13.7  39  4.351983e-02
-14  39  8.956063e-02
-14.3  39  1.211681e-01
-14.7  39  1.641515e-01
-15  39  1.933408e-01
-15.3  39  3.039497e-01
-15.7  39  2.092490e-01
-16  39  1.865646e-01
-16.3  39  1.290258e-01
-16.7  39  7.095986e-02
-17  39  4.736218e-02
-17.3  39  3.418252e-02
-17.7  39  1.715791e-02
-18  39  5.444172e-03
-1.830000e+01  3.900000e+01  0.0
-1.870000e+01  3.900000e+01  0.0
-1.900000e+01  3.900000e+01  0.0
-1.930000e+01  3.900000e+01  0.0
-1.970000e+01  3.900000e+01  0.0
-2.000000e+01  3.900000e+01  0.0
-2.030000e+01  3.900000e+01  0.0
-2.070000e+01  3.900000e+01  0.0
-2.100000e+01  3.900000e+01  0.0
-2.130000e+01  3.900000e+01  0.0
-2.170000e+01  3.900000e+01  0.0
-2.200000e+01  3.900000e+01  0.0
-13.3  48  8.819305e-03
-13.7  48  1.300482e-02
-14  48  2.847330e-02
-14.3  48  1.404910e-01
-14.7  48  5.530080e-02
-15  48  1.438780e-01
-15.3  48  1.207973e-01
-15.7  48  1.153607e-01
-16  48  8.933253e-02
-16.3  48  6.799001e-02
-16.7  48  3.686468e-02
-17  48  2.632204e-02
-17.3  48  1.741278e-02
-17.7  48  4.983884e-03
-1.800000e+01  4.800000e+01  0.0
-1.830000e+01  4.800000e+01  0.0
-1.870000e+01  4.800000e+01  0.0
-1.900000e+01  4.800000e+01  0.0
-1.930000e+01  4.800000e+01  0.0
-1.970000e+01  4.800000e+01  0.0
-2.000000e+01  4.800000e+01  0.0
-2.030000e+01  4.800000e+01  0.0
-2.070000e+01  4.800000e+01  0.0
-2.100000e+01  4.800000e+01  0.0
-2.130000e+01  4.800000e+01  0.0
-2.170000e+01  4.800000e+01  0.0
-2.200000e+01  4.800000e+01  0.0
-13.3  58  2.830514e-03
-13.7  58  8.586164e-03
-14  58  2.654241e-02
-14.3  58  4.026013e-02
-14.7  58  3.164890e-02
-15  58  4.656615e-02
-15.3  58  7.392175e-02
-15.7  58  5.778335e-02
-16  58  4.443836e-02
-16.3  58  3.238844e-02
-16.7  58  2.027666e-02
-17  58  1.385100e-02
-17.3  58  5.615374e-03
-1.770000e+01  5.800000e+01  0.0
-1.800000e+01  5.800000e+01  0.0
-1.830000e+01  5.800000e+01  0.0
-1.870000e+01  5.800000e+01  0.0
-1.900000e+01  5.800000e+01  0.0
-1.930000e+01  5.800000e+01  0.0
-1.970000e+01  5.800000e+01  0.0
-2.000000e+01  5.800000e+01  0.0
-2.030000e+01  5.800000e+01  0.0
-2.070000e+01  5.800000e+01  0.0
-2.100000e+01  5.800000e+01  0.0
-2.130000e+01  5.800000e+01  0.0
-2.170000e+01  5.800000e+01  0.0
-2.200000e+01  5.800000e+01  0.0
-13.3  88  7.077268e-04
-13.7  88  9.322291e-04
-14  88  1.458033e-03
-14.3  88  3.588008e-03
-14.7  88  4.776006e-03
-15  88  5.821138e-03
-15.3  88  6.524838e-03
-15.7  88  4.118010e-03
-16  88  4.196305e-03
-16.3  88  3.729412e-03
-16.7  88  1.694669e-03
-17  88  4.551342e-04
-1.730000e+01  8.800000e+01  0.0
-1.770000e+01  8.800000e+01  0.0
-1.800000e+01  8.800000e+01  0.0
-1.830000e+01  8.800000e+01  0.0
-1.870000e+01  8.800000e+01  0.0
-1.900000e+01  8.800000e+01  0.0
-1.930000e+01  8.800000e+01  0.0
-1.970000e+01  8.800000e+01  0.0
-2.000000e+01  8.800000e+01  0.0
-2.030000e+01  8.800000e+01  0.0
-2.070000e+01  8.800000e+01  0.0
-2.100000e+01  8.800000e+01  0.0
-2.130000e+01  8.800000e+01  0.0
-2.170000e+01  8.800000e+01  0.0
-2.200000e+01  8.800000e+01  0.0
-13.3  108  0.000000e+00
-13.7  108  0.000000e+00
-14  108  0.000000e+00
-14.3  108  0.000000e+00
-14.7  108  0.000000e+00
-15  108  0.000000e+00
-15.3  108  0.000000e+00
-15.7  108  0.000000e+00
-16  108  0.000000e+00
-16.3  108  0.000000e+00
-16.7  108  0.000000e+00
-1.700000e+01  1.080000e+02  0.0
-1.730000e+01  1.080000e+02  0.0
-1.770000e+01  1.080000e+02  0.0
-1.800000e+01  1.080000e+02  0.0
-1.830000e+01  1.080000e+02  0.0
-1.870000e+01  1.080000e+02  0.0
-1.900000e+01  1.080000e+02  0.0
-1.930000e+01  1.080000e+02  0.0
-1.970000e+01  1.080000e+02  0.0
-2.000000e+01  1.080000e+02  0.0
-2.030000e+01  1.080000e+02  0.0
-2.070000e+01  1.080000e+02  0.0
-2.100000e+01  1.080000e+02  0.0
-2.130000e+01  1.080000e+02  0.0
-2.170000e+01  1.080000e+02  0.0
-2.200000e+01  1.080000e+02  0.0
-13.3  132  0.000000e+00
-13.7  132  0.000000e+00
-14  132  0.000000e+00
-14.3  132  0.000000e+00
-14.7  132  0.000000e+00
-15  132  0.000000e+00
-15.3  132  0.000000e+00
-15.7  132  0.000000e+00
-16  132  0.000000e+00
-16.3  132  0.000000e+00
-1.670000e+01  1.320000e+02  0.0
-1.700000e+01  1.320000e+02  0.0
-1.730000e+01  1.320000e+02  0.0
-1.770000e+01  1.320000e+02  0.0
-1.800000e+01  1.320000e+02  0.0
-1.830000e+01  1.320000e+02  0.0
-1.870000e+01  1.320000e+02  0.0
-1.900000e+01  1.320000e+02  0.0
-1.930000e+01  1.320000e+02  0.0
-1.970000e+01  1.320000e+02  0.0
-2.000000e+01  1.320000e+02  0.0
-2.030000e+01  1.320000e+02  0.0
-2.070000e+01  1.320000e+02  0.0
-2.100000e+01  1.320000e+02  0.0
-2.130000e+01  1.320000e+02  0.0
-2.170000e+01  1.320000e+02  0.0
-2.200000e+01  1.320000e+02  0.0
-13.3  162  0.000000e+00
-13.7  162  0.000000e+00
-14  162  0.000000e+00
-14.3  162  0.000000e+00
-14.7  162  0.000000e+00
-15  162  0.000000e+00
-15.3  162  0.000000e+00
-15.7  162  0.000000e+00
-16  162  0.000000e+00
-1.630000e+01  1.620000e+02  0.0
-1.670000e+01  1.620000e+02  0.0
-1.700000e+01  1.620000e+02  0.0
-1.730000e+01  1.620000e+02  0.0
-1.770000e+01  1.620000e+02  0.0
-1.800000e+01  1.620000e+02  0.0
-1.830000e+01  1.620000e+02  0.0
-1.870000e+01  1.620000e+02  0.0
-1.900000e+01  1.620000e+02  0.0
-1.930000e+01  1.620000e+02  0.0
-1.970000e+01  1.620000e+02  0.0
-2.000000e+01  1.620000e+02  0.0
-2.030000e+01  1.620000e+02  0.0
-2.070000e+01  1.620000e+02  0.0
-2.100000e+01  1.620000e+02  0.0
-2.130000e+01  1.620000e+02  0.0
-2.170000e+01  1.620000e+02  0.0
-2.200000e+01  1.620000e+02  0.0
-13.3  199  0.000000e+00
-13.7  199  0.000000e+00
-14  199  0.000000e+00
-14.3  199  0.000000e+00
-14.7  199  0.000000e+00
-15  199  0.000000e+00
-15.3  199  0.000000e+00
-15.7  199  0.000000e+00
-1.600000e+01  1.990000e+02  0.0
-1.630000e+01  1.990000e+02  0.0
-1.670000e+01  1.990000e+02  0.0
-1.700000e+01  1.990000e+02  0.0
-1.730000e+01  1.990000e+02  0.0
-1.770000e+01  1.990000e+02  0.0
-1.800000e+01  1.990000e+02  0.0
-1.830000e+01  1.990000e+02  0.0
-1.870000e+01  1.990000e+02  0.0
-1.900000e+01  1.990000e+02  0.0
-1.930000e+01  1.990000e+02  0.0
-1.970000e+01  1.990000e+02  0.0
-2.000000e+01  1.990000e+02  0.0
-2.030000e+01  1.990000e+02  0.0
-2.070000e+01  1.990000e+02  0.0
-2.100000e+01  1.990000e+02  0.0
-2.130000e+01  1.990000e+02  0.0
-2.170000e+01  1.990000e+02  0.0
-2.200000e+01  1.990000e+02  0.0
-13.3  244  0.000000e+00
-13.7  244  0.000000e+00
-14  244  0.000000e+00
-14.3  244  0.000000e+00
-14.7  244  0.000000e+00
-15  244  0.000000e+00
-15.3  244  0.000000e+00
-15.7  244  0.000000e+00
-1.600000e+01  2.440000e+02  0.0
-1.630000e+01  2.440000e+02  0.0
-1.670000e+01  2.440000e+02  0.0
-1.700000e+01  2.440000e+02  0.0
-1.730000e+01  2.440000e+02  0.0
-1.770000e+01  2.440000e+02  0.0
-1.800000e+01  2.440000e+02  0.0
-1.830000e+01  2.440000e+02  0.0
-1.870000e+01  2.440000e+02  0.0
-1.900000e+01  2.440000e+02  0.0
-1.930000e+01  2.440000e+02  0.0
-1.970000e+01  2.440000e+02  0.0
-2.000000e+01  2.440000e+02  0.0
-2.030000e+01  2.440000e+02  0.0
-2.070000e+01  2.440000e+02  0.0
-2.100000e+01  2.440000e+02  0.0
-2.130000e+01  2.440000e+02  0.0
-2.170000e+01  2.440000e+02  0.0
-2.200000e+01  2.440000e+02  0.0
-13.3  300  0.000000e+00
-13.7  300  0.000000e+00
-14  300  0.000000e+00
-14.3  300  0.000000e+00
-14.7  300  0.000000e+00
-15  300  0.000000e+00
-15.3  300  0.000000e+00
-1.570000e+01  3.000000e+02  0.0
-1.600000e+01  3.000000e+02  0.0
-1.630000e+01  3.000000e+02  0.0
-1.670000e+01  3.000000e+02  0.0
-1.700000e+01  3.000000e+02  0.0
-1.730000e+01  3.000000e+02  0.0
-1.770000e+01  3.000000e+02  0.0
-1.800000e+01  3.000000e+02  0.0
-1.830000e+01  3.000000e+02  0.0
-1.870000e+01  3.000000e+02  0.0
-1.900000e+01  3.000000e+02  0.0
-1.930000e+01  3.000000e+02  0.0
-1.970000e+01  3.000000e+02  0.0
-2.000000e+01  3.000000e+02  0.0
-2.030000e+01  3.000000e+02  0.0
-2.070000e+01  3.000000e+02  0.0
-2.100000e+01  3.000000e+02  0.0
-2.130000e+01  3.000000e+02  0.0
-2.170000e+01  3.000000e+02  0.0
-2.200000e+01  3.000000e+02  0.0
