# log10(y)    mass[MeV]    Nhits
-13.3  5  1.346265e-07
-13.7  5  3.827314e-06
-14  5  9.780382e-05
-14.3  5  1.569337e-03
-14.7  5  1.312424e-02
-15  5  8.049007e-02
-15.3  5  3.541502e-01
-15.7  5  8.323723e-01
-16  5  1.372211e+00
-16.3  5  2.443526e+00
-16.7  5  1.868681e+00
-17  5  2.187526e+00
-17.3  5  1.922743e+00
-17.7  5  1.882357e+00
-18  5  1.623376e+00
-18.3  5  1.263708e+00
-18.7  5  8.178210e-01
-19  5  6.098936e-01
-19.3  5  4.415956e-01
-19.7  5  2.369745e-01
-20  5  1.727955e-01
-20.3  5  1.308179e-01
-20.7  5  7.581607e-02
-21  5  4.670747e-02
-21.3  5  1.881444e-02
-21.7  5  3.692639e-03
-2.200000e+01  5.000000e+00  0.0
-13.3  6  2.913865e-06
-13.7  6  7.616811e-05
-14  6  7.431367e-04
-14.3  6  9.975699e-03
-14.7  6  6.007912e-02
-15  6  2.107948e-01
-15.3  6  7.224514e-01
-15.7  6  1.059741e+00
-16  6  1.700000e+00
-16.3  6  1.942132e+00
-16.7  6  1.759320e+00
-17  6  1.681067e+00
-17.3  6  2.262662e+00
-17.7  6  1.752617e+00
-18  6  1.432965e+00
-18.3  6  9.435659e-01
-18.7  6  5.400466e-01
-19  6  3.566493e-01
-19.3  6  2.156436e-01
-19.7  6  9.383242e-02
-20  6  6.057497e-02
-20.3  6  4.335283e-02
-20.7  6  1.982094e-02
-21  6  6.592419e-03
-21.3  6  1.424930e-03
-2.170000e+01  6.000000e+00  0.0
-2.200000e+01  6.000000e+00  0.0
-13.3  8  1.045907e-04
-13.7  8  7.626665e-04
-14  8  4.620146e-03
-14.3  8  3.279178e-02
-14.7  8  1.140044e-01
-15  8  4.455399e-01
-15.3  8  8.628719e-01
-15.7  8  1.100039e+00
-16  8  1.264485e+00
-16.3  8  1.291611e+00
-16.7  8  9.697821e-01
-17  8  1.162633e+00
-17.3  8  1.159409e+00
-17.7  8  9.508529e-01
-18  8  6.701565e-01
-18.3  8  4.840205e-01
-18.7  8  2.479379e-01
-19  8  1.540581e-01
-19.3  8  9.132984e-02
-19.7  8  4.392158e-02
-20  8  3.439465e-02
-20.3  8  2.016677e-02
-20.7  8  5.481712e-03
-21  8  1.186696e-03
-2.130000e+01  8.000000e+00  0.0
-2.170000e+01  8.000000e+00  0.0
-2.200000e+01  8.000000e+00  0.0
-13.3  9  3.767596e-04
-13.7  9  3.142816e-03
-14  9  1.918985e-02
-14.3  9  1.062505e-01
-14.7  9  2.605992e-01
-15  9  7.306219e-01
-15.3  9  1.498698e+00
-15.7  9  1.438837e+00
-16  9  1.333079e+00
-16.3  9  1.212056e+00
-16.7  9  1.097792e+00
-17  9  1.333231e+00
-17.3  9  1.158332e+00
-17.7  9  7.895656e-01
-18  9  5.935855e-01
-18.3  9  3.990723e-01
-18.7  9  1.962376e-01
-19  9  1.170579e-01
-19.3  9  7.374923e-02
-19.7  9  4.260656e-02
-20  9  2.342109e-02
-20.3  9  7.753015e-03
-20.7  9  1.330024e-03
-2.100000e+01  9.000000e+00  0.0
-2.130000e+01  9.000000e+00  0.0
-2.170000e+01  9.000000e+00  0.0
-2.200000e+01  9.000000e+00  0.0
-13.3  11  1.920307e-03
-13.7  11  1.036441e-02
-14  11  4.994044e-02
-14.3  11  1.488558e-01
-14.7  11  4.071809e-01
-15  11  1.132653e+00
-15.3  11  1.699902e+00
-15.7  11  1.248754e+00
-16  11  1.091631e+00
-16.3  11  1.222796e+00
-16.7  11  8.104475e-01
-17  11  9.318402e-01
-17.3  11  7.212223e-01
-17.7  11  4.857554e-01
-18  11  3.454969e-01
-18.3  11  2.245398e-01
-18.7  11  1.225819e-01
-19  11  7.906308e-02
-19.3  11  4.944158e-02
-19.7  11  2.333361e-02
-20  11  7.193522e-03
-20.3  11  1.639445e-03
-2.070000e+01  1.100000e+01  0.0
-2.100000e+01  1.100000e+01  0.0
-2.130000e+01  1.100000e+01  0.0
-2.170000e+01  1.100000e+01  0.0
-2.200000e+01  1.100000e+01  0.0
-13.3  14  5.713350e-03
-13.7  14  2.264214e-02
-14  14  6.122616e-02
-14.3  14  1.969314e-01
-14.7  14  6.799431e-01
-15  14  1.080177e+00
-15.3  14  1.502569e+00
-15.7  14  8.470585e-01
-16  14  1.156056e+00
-16.3  14  9.746552e-01
-16.7  14  8.196106e-01
-17  14  5.654043e-01
-17.3  14  4.935679e-01
-17.7  14  2.589754e-01
-18  14  1.668925e-01
-18.3  14  1.170744e-01
-18.7  14  5.887289e-02
-19  14  4.118357e-02
-19.3  14  2.318050e-02
-19.7  14  6.102002e-03
-20  14  1.390396e-03
-2.030000e+01  1.400000e+01  0.0
-2.070000e+01  1.400000e+01  0.0
-2.100000e+01  1.400000e+01  0.0
-2.130000e+01  1.400000e+01  0.0
-2.170000e+01  1.400000e+01  0.0
-2.200000e+01  1.400000e+01  0.0
-13.3  17  8.759595e-03
-13.7  17  3.113829e-02
-14  17  1.266260e-01
-14.3  17  2.891508e-01
-14.7  17  4.858611e-01
-15  17  9.945049e-01
-15.3  17  1.321871e+00
-15.7  17  9.282298e-01
-16  17  8.501321e-01
-16.3  17  9.480516e-01
-16.7  17  5.995437e-01
-17  17  4.400157e-01
-17.3  17  3.026365e-01
-17.7  17  1.543893e-01
-18  17  9.505435e-02
-18.3  17  5.959121e-02
-18.7  17  3.468625e-02
-19  17  2.062127e-02
-19.3  17  5.984693e-03
-19.7  17  1.061646e-03
-2.000000e+01  1.700000e+01  0.0
-2.030000e+01  1.700000e+01  0.0
-2.070000e+01  1.700000e+01  0.0
-2.100000e+01  1.700000e+01  0.0
-2.130000e+01  1.700000e+01  0.0
-2.170000e+01  1.700000e+01  0.0
-2.200000e+01  1.700000e+01  0.0
-13.3  21  1.459993e-02
-13.7  21  3.498856e-02
-14  21  9.344542e-02
-14.3  21  2.062501e-01
-14.7  21  2.248992e-01
-15  21  7.807326e-01
-15.3  21  1.012599e+00
-15.7  21  7.766113e-01
-16  21  7.900487e-01
-16.3  21  5.424595e-01
-16.7  21  3.749136e-01
-17  21  2.605892e-01
-17.3  21  1.586873e-01
-17.7  21  7.733682e-02
-18  21  4.999479e-02
-18.3  21  3.785897e-02
-18.7  21  1.804883e-02
-19  21  5.531285e-03
-19.3  21  1.161067e-03
-1.970000e+01  2.100000e+01  0.0
-2.000000e+01  2.100000e+01  0.0
-2.030000e+01  2.100000e+01  0.0
-2.070000e+01  2.100000e+01  0.0
-2.100000e+01  2.100000e+01  0.0
-2.130000e+01  2.100000e+01  0.0
-2.170000e+01  2.100000e+01  0.0
-2.200000e+01  2.100000e+01  0.0
-13.3  26  1.587523e-02
-13.7  26  2.931737e-02
-14  26  7.330506e-02
-14.3  26  3.070333e-01
-14.7  26  3.510959e-01
-15  26  4.471047e-01
-15.3  26  7.226767e-01
-15.7  26  5.398799e-01
-16  26  5.263922e-01
-16.3  26  3.847746e-01
-16.7  26  2.363211e-01
-17  26  1.558115e-01
-17.3  26  8.734690e-02
-17.7  26  4.452028e-02
-18  26  3.452958e-02
-18.3  26  1.945144e-02
-18.7  26  5.204404e-03
-19  26  1.077927e-03
-1.930000e+01  2.600000e+01  0.0
-1.970000e+01  2.600000e+01  0.0
-2.000000e+01  2.600000e+01  0.0
-2.030000e+01  2.600000e+01  0.0
-2.070000e+01  2.600000e+01  0.0
-2.100000e+01  2.600000e+01  0.0
-2.130000e+01  2.600000e+01  0.0
-2.170000e+01  2.600000e+01  0.0
-2.200000e+01  2.600000e+01  0.0
-13.3  32  1.609077e-02
-13.7  32  1.591060e-02
-14  32  1.184813e-01
-14.3  32  1.265629e-01
-14.7  32  3.039326e-01
-15  32  2.724492e-01
-15.3  32  5.227211e-01
-15.7  32  3.309841e-01
-16  32  3.299619e-01
-16.3  32  2.580485e-01
-16.7  32  1.333496e-01
-17  32  8.795074e-02
-17.3  32  5.873722e-02
-17.7  32  3.085994e-02
-18  32  1.816195e-02
-18.3  32  6.088868e-03
-18.7  32  9.991006e-04
-1.900000e+01  3.200000e+01  0.0
-1.930000e+01  3.200000e+01  0.0
-1.970000e+01  3.200000e+01  0.0
-2.000000e+01  3.200000e+01  0.0
-2.030000e+01  3.200000e+01  0.0
-2.070000e+01  3.200000e+01  0.0
-2.100000e+01  3.200000e+01  0.0
-2.130000e+01  3.200000e+01  0.0
-2.170000e+01  3.200000e+01  0.0
-2.200000e+01  3.200000e+01  0.0
-13.3  39  8.411507e-03
-13.7  39  4.500661e-02
-14  39  9.234361e-02
-14.3  39  1.244320e-01
-14.7  39  1.689976e-01
-15  39  1.998582e-01
-15.3  39  3.153594e-01
-15.7  39  2.174271e-01
-16  39  1.936753e-01
-16.3  39  1.334431e-01
-16.7  39  7.300559e-02
-17  39  4.837196e-02
-17.3  39  3.479883e-02
-17.7  39  1.736421e-02
-18  39  5.450312e-03
-1.830000e+01  3.900000e+01  0.0
-1.870000e+01  3.900000e+01  0.0
-1.900000e+01  3.900000e+01  0.0
-1.930000e+01  3.900000e+01  0.0
-1.970000e+01  3.900000e+01  0.0
-2.000000e+01  3.900000e+01  0.0
-2.030000e+01  3.900000e+01  0.0
-2.070000e+01  3.900000e+01  0.0
-2.100000e+01  3.900000e+01  0.0
-2.130000e+01  3.900000e+01  0.0
-2.170000e+01  3.900000e+01  0.0
-2.200000e+01  3.900000e+01  0.0
-13.3  48  9.457930e-03
-13.7  48  1.383552e-02
-14  48  2.996268e-02
-14.3  48  1.468035e-01
-14.7  48  5.774399e-02
-15  48  1.505351e-01
-15.3  48  1.267924e-01
-15.7  48  1.215741e-01
-16  48  9.456115e-02
-16.3  48  7.229456e-02
-16.7  48  3.934910e-02
-17  48  2.812859e-02
-17.3  48  1.864759e-02
-17.7  48  5.354262e-03
-1.800000e+01  4.800000e+01  0.0
-1.830000e+01  4.800000e+01  0.0
-1.870000e+01  4.800000e+01  0.0
-1.900000e+01  4.800000e+01  0.0
-1.930000e+01  4.800000e+01  0.0
-1.970000e+01  4.800000e+01  0.0
-2.000000e+01  4.800000e+01  0.0
-2.030000e+01  4.800000e+01  0.0
-2.070000e+01  4.800000e+01  0.0
-2.100000e+01  4.800000e+01  0.0
-2.130000e+01  4.800000e+01  0.0
-2.170000e+01  4.800000e+01  0.0
-2.200000e+01  4.800000e+01  0.0
-13.3  58  3.060966e-03
-13.7  58  9.177022e-03
-14  58  2.799284e-02
-14.3  58  4.220886e-02
-14.7  58  3.312931e-02
-15  58  4.879261e-02
-15.3  58  7.765563e-02
-15.7  58  6.092248e-02
-16  58  4.705012e-02
-16.3  58  3.444415e-02
-16.7  58  2.159125e-02
-17  58  1.478059e-02
-17.3  58  6.012555e-03
-1.770000e+01  5.800000e+01  0.0
-1.800000e+01  5.800000e+01  0.0
-1.830000e+01  5.800000e+01  0.0
-1.870000e+01  5.800000e+01  0.0
-1.900000e+01  5.800000e+01  0.0
-1.930000e+01  5.800000e+01  0.0
-1.970000e+01  5.800000e+01  0.0
-2.000000e+01  5.800000e+01  0.0
-2.030000e+01  5.800000e+01  0.0
-2.070000e+01  5.800000e+01  0.0
-2.100000e+01  5.800000e+01  0.0
-2.130000e+01  5.800000e+01  0.0
-2.170000e+01  5.800000e+01  0.0
-2.200000e+01  5.800000e+01  0.0
-13.3  88  8.310396e-04
-13.7  88  1.109420e-03
-14  88  1.751353e-03
-14.3  88  4.336510e-03
-14.7  88  5.798781e-03
-15  88  7.095990e-03
-15.3  88  7.981117e-03
-15.7  88  5.051973e-03
-16  88  5.161063e-03
-16.3  88  4.588935e-03
-16.7  88  2.085800e-03
-17  88  5.605613e-04
-1.730000e+01  8.800000e+01  0.0
-1.770000e+01  8.800000e+01  0.0
-1.800000e+01  8.800000e+01  0.0
-1.830000e+01  8.800000e+01  0.0
-1.870000e+01  8.800000e+01  0.0
-1.900000e+01  8.800000e+01  0.0
-1.930000e+01  8.800000e+01  0.0
-1.970000e+01  8.800000e+01  0.0
-2.000000e+01  8.800000e+01  0.0
-2.030000e+01  8.800000e+01  0.0
-2.070000e+01  8.800000e+01  0.0
-2.100000e+01  8.800000e+01  0.0
-2.130000e+01  8.800000e+01  0.0
-2.170000e+01  8.800000e+01  0.0
-2.200000e+01  8.800000e+01  0.0
-13.3  108  0.000000e+00
-13.7  108  0.000000e+00
-14  108  0.000000e+00
-14.3  108  0.000000e+00
-14.7  108  0.000000e+00
-15  108  0.000000e+00
-15.3  108  0.000000e+00
-15.7  108  0.000000e+00
-16  108  0.000000e+00
-16.3  108  0.000000e+00
-16.7  108  0.000000e+00
-1.700000e+01  1.080000e+02  0.0
-1.730000e+01  1.080000e+02  0.0
-1.770000e+01  1.080000e+02  0.0
-1.800000e+01  1.080000e+02  0.0
-1.830000e+01  1.080000e+02  0.0
-1.870000e+01  1.080000e+02  0.0
-1.900000e+01  1.080000e+02  0.0
-1.930000e+01  1.080000e+02  0.0
-1.970000e+01  1.080000e+02  0.0
-2.000000e+01  1.080000e+02  0.0
-2.030000e+01  1.080000e+02  0.0
-2.070000e+01  1.080000e+02  0.0
-2.100000e+01  1.080000e+02  0.0
-2.130000e+01  1.080000e+02  0.0
-2.170000e+01  1.080000e+02  0.0
-2.200000e+01  1.080000e+02  0.0
-13.3  132  0.000000e+00
-13.7  132  0.000000e+00
-14  132  0.000000e+00
-14.3  132  0.000000e+00
-14.7  132  0.000000e+00
-15  132  0.000000e+00
-15.3  132  0.000000e+00
-15.7  132  0.000000e+00
-16  132  0.000000e+00
-16.3  132  0.000000e+00
-1.670000e+01  1.320000e+02  0.0
-1.700000e+01  1.320000e+02  0.0
-1.730000e+01  1.320000e+02  0.0
-1.770000e+01  1.320000e+02  0.0
-1.800000e+01  1.320000e+02  0.0
-1.830000e+01  1.320000e+02  0.0
-1.870000e+01  1.320000e+02  0.0
-1.900000e+01  1.320000e+02  0.0
-1.930000e+01  1.320000e+02  0.0
-1.970000e+01  1.320000e+02  0.0
-2.000000e+01  1.320000e+02  0.0
-2.030000e+01  1.320000e+02  0.0
-2.070000e+01  1.320000e+02  0.0
-2.100000e+01  1.320000e+02  0.0
-2.130000e+01  1.320000e+02  0.0
-2.170000e+01  1.320000e+02  0.0
-2.200000e+01  1.320000e+02  0.0
-13.3  162  0.000000e+00
-13.7  162  0.000000e+00
-14  162  0.000000e+00
-14.3  162  0.000000e+00
-14.7  162  0.000000e+00
-15  162  0.000000e+00
-15.3  162  0.000000e+00
-15.7  162  0.000000e+00
-16  162  0.000000e+00
-1.630000e+01  1.620000e+02  0.0
-1.670000e+01  1.620000e+02  0.0
-1.700000e+01  1.620000e+02  0.0
-1.730000e+01  1.620000e+02  0.0
-1.770000e+01  1.620000e+02  0.0
-1.800000e+01  1.620000e+02  0.0
-1.830000e+01  1.620000e+02  0.0
-1.870000e+01  1.620000e+02  0.0
-1.900000e+01  1.620000e+02  0.0
-1.930000e+01  1.620000e+02  0.0
-1.970000e+01  1.620000e+02  0.0
-2.000000e+01  1.620000e+02  0.0
-2.030000e+01  1.620000e+02  0.0
-2.070000e+01  1.620000e+02  0.0
-2.100000e+01  1.620000e+02  0.0
-2.130000e+01  1.620000e+02  0.0
-2.170000e+01  1.620000e+02  0.0
-2.200000e+01  1.620000e+02  0.0
-13.3  199  0.000000e+00
-13.7  199  0.000000e+00
-14  199  0.000000e+00
-14.3  199  0.000000e+00
-14.7  199  0.000000e+00
-15  199  0.000000e+00
-15.3  199  0.000000e+00
-15.7  199  0.000000e+00
-1.600000e+01  1.990000e+02  0.0
-1.630000e+01  1.990000e+02  0.0
-1.670000e+01  1.990000e+02  0.0
-1.700000e+01  1.990000e+02  0.0
-1.730000e+01  1.990000e+02  0.0
-1.770000e+01  1.990000e+02  0.0
-1.800000e+01  1.990000e+02  0.0
-1.830000e+01  1.990000e+02  0.0
-1.870000e+01  1.990000e+02  0.0
-1.900000e+01  1.990000e+02  0.0
-1.930000e+01  1.990000e+02  0.0
-1.970000e+01  1.990000e+02  0.0
-2.000000e+01  1.990000e+02  0.0
-2.030000e+01  1.990000e+02  0.0
-2.070000e+01  1.990000e+02  0.0
-2.100000e+01  1.990000e+02  0.0
-2.130000e+01  1.990000e+02  0.0
-2.170000e+01  1.990000e+02  0.0
-2.200000e+01  1.990000e+02  0.0
-13.3  244  0.000000e+00
-13.7  244  0.000000e+00
-14  244  0.000000e+00
-14.3  244  0.000000e+00
-14.7  244  0.000000e+00
-15  244  0.000000e+00
-15.3  244  0.000000e+00
-15.7  244  0.000000e+00
-1.600000e+01  2.440000e+02  0.0
-1.630000e+01  2.440000e+02  0.0
-1.670000e+01  2.440000e+02  0.0
-1.700000e+01  2.440000e+02  0.0
-1.730000e+01  2.440000e+02  0.0
-1.770000e+01  2.440000e+02  0.0
-1.800000e+01  2.440000e+02  0.0
-1.830000e+01  2.440000e+02  0.0
-1.870000e+01  2.440000e+02  0.0
-1.900000e+01  2.440000e+02  0.0
-1.930000e+01  2.440000e+02  0.0
-1.970000e+01  2.440000e+02  0.0
-2.000000e+01  2.440000e+02  0.0
-2.030000e+01  2.440000e+02  0.0
-2.070000e+01  2.440000e+02  0.0
-2.100000e+01  2.440000e+02  0.0
-2.130000e+01  2.440000e+02  0.0
-2.170000e+01  2.440000e+02  0.0
-2.200000e+01  2.440000e+02  0.0
-13.3  300  0.000000e+00
-13.7  300  0.000000e+00
-14  300  0.000000e+00
-14.3  300  0.000000e+00
-14.7  300  0.000000e+00
-15  300  0.000000e+00
-15.3  300  0.000000e+00
-1.570000e+01  3.000000e+02  0.0
-1.600000e+01  3.000000e+02  0.0
-1.630000e+01  3.000000e+02  0.0
-1.670000e+01  3.000000e+02  0.0
-1.700000e+01  3.000000e+02  0.0
-1.730000e+01  3.000000e+02  0.0
-1.770000e+01  3.000000e+02  0.0
-1.800000e+01  3.000000e+02  0.0
-1.830000e+01  3.000000e+02  0.0
-1.870000e+01  3.000000e+02  0.0
-1.900000e+01  3.000000e+02  0.0
-1.930000e+01  3.000000e+02  0.0
-1.970000e+01  3.000000e+02  0.0
-2.000000e+01  3.000000e+02  0.0
-2.030000e+01  3.000000e+02  0.0
-2.070000e+01  3.000000e+02  0.0
-2.100000e+01  3.000000e+02  0.0
-2.130000e+01  3.000000e+02  0.0
-2.170000e+01  3.000000e+02  0.0
-2.200000e+01  3.000000e+02  0.0
