# log10(y)    mass[MeV]    Nhits
-13.3  5  1.081213e-07
-13.7  5  4.253368e-06
-14  5  1.346095e-04
-14.3  5  2.392210e-03
-14.7  5  1.945597e-02
-15  5  1.030558e-01
-15.3  5  3.816937e-01
-15.7  5  7.961801e-01
-16  5  1.254810e+00
-16.3  5  2.274526e+00
-16.7  5  1.825485e+00
-17  5  2.225820e+00
-17.3  5  1.986743e+00
-17.7  5  1.979527e+00
-18  5  1.687742e+00
-18.3  5  1.275393e+00
-18.7  5  7.760298e-01
-19  5  5.183071e-01
-19.3  5  3.272295e-01
-19.7  5  1.472784e-01
-20  5  8.741797e-02
-20.3  5  5.062306e-02
-20.7  5  2.505576e-02
-21  5  1.414467e-02
-21.3  5  4.837813e-03
-21.7  5  7.535304e-04
-2.200000e+01  5.000000e+00  0.0
-13.3  6  2.521318e-06
-13.7  6  7.392512e-05
-14  6  8.095180e-04
-14.3  6  1.203244e-02
-14.7  6  7.684106e-02
-15  6  2.667521e-01
-15.3  6  8.451427e-01
-15.7  6  1.119340e+00
-16  6  1.666221e+00
-16.3  6  1.849105e+00
-16.7  6  1.689376e+00
-17  6  1.631340e+00
-17.3  6  2.279740e+00
-17.7  6  1.791033e+00
-18  6  1.470531e+00
-18.3  6  9.660291e-01
-18.7  6  5.483270e-01
-19  6  3.579814e-01
-19.3  6  2.130652e-01
-19.7  6  9.045696e-02
-20  6  5.695615e-02
-20.3  6  3.997949e-02
-20.7  6  1.804323e-02
-21  6  5.863472e-03
-21.3  6  1.222165e-03
-2.170000e+01  6.000000e+00  0.0
-2.200000e+01  6.000000e+00  0.0
-13.3  8  6.654454e-05
-13.7  8  5.208774e-04
-14  8  3.506319e-03
-14.3  8  2.804962e-02
-14.7  8  1.089038e-01
-15  8  4.638992e-01
-15.3  8  9.489755e-01
-15.7  8  1.226964e+00
-16  8  1.385276e+00
-16.3  8  1.374232e+00
-16.7  8  1.018563e+00
-17  8  1.197568e+00
-17.3  8  1.195289e+00
-17.7  8  9.844052e-01
-18  8  6.958557e-01
-18.3  8  5.024206e-01
-18.7  8  2.565040e-01
-19  8  1.583602e-01
-19.3  8  9.273766e-02
-19.7  8  4.396185e-02
-20  8  3.400425e-02
-20.3  8  1.976407e-02
-20.7  8  5.276274e-03
-21  8  1.109501e-03
-2.130000e+01  8.000000e+00  0.0
-2.170000e+01  8.000000e+00  0.0
-2.200000e+01  8.000000e+00  0.0
-13.3  9  1.814297e-04
-13.7  9  1.639847e-03
-14  9  1.155545e-02
-14.3  9  7.531873e-02
-14.7  9  2.131326e-01
-15  9  6.691837e-01
-15.3  9  1.482087e+00
-15.7  9  1.478538e+00
-16  9  1.379835e+00
-16.3  9  1.251317e+00
-16.7  9  1.121038e+00
-17  9  1.360117e+00
-17.3  9  1.186832e+00
-17.7  9  8.138797e-01
-18  9  6.154387e-01
-18.3  9  4.157064e-01
-18.7  9  2.055133e-01
-19  9  1.236593e-01
-19.3  9  7.868379e-02
-19.7  9  4.586995e-02
-20  9  2.536691e-02
-20.3  9  8.492138e-03
-20.7  9  1.485846e-03
-2.100000e+01  9.000000e+00  0.0
-2.130000e+01  9.000000e+00  0.0
-2.170000e+01  9.000000e+00  0.0
-2.200000e+01  9.000000e+00  0.0
-13.3  11  1.350977e-03
-13.7  11  6.340730e-03
-14  11  2.958539e-02
-14.3  11  9.273617e-02
-14.7  11  2.793411e-01
-15  11  8.636951e-01
-15.3  11  1.421972e+00
-15.7  11  1.120228e+00
-16  11  1.003307e+00
-16.3  11  1.170030e+00
-16.7  11  7.898375e-01
-17  11  9.199902e-01
-17.3  11  7.200606e-01
-17.7  11  4.892104e-01
-18  11  3.508312e-01
-18.3  11  2.290394e-01
-18.7  11  1.254789e-01
-19  11  8.116663e-02
-19.3  11  5.091272e-02
-19.7  11  2.408593e-02
-20  11  7.466398e-03
-20.3  11  1.724954e-03
-2.070000e+01  1.100000e+01  0.0
-2.100000e+01  1.100000e+01  0.0
-2.130000e+01  1.100000e+01  0.0
-2.170000e+01  1.100000e+01  0.0
-2.200000e+01  1.100000e+01  0.0
-13.3  14  5.250493e-03
-13.7  14  1.791537e-02
-14  14  4.364295e-02
-14.3  14  1.335246e-01
-14.7  14  4.614491e-01
-15  14  7.623959e-01
-15.3  14  1.125858e+00
-15.7  14  6.558433e-01
-16  14  9.569184e-01
-16.3  14  8.529843e-01
-16.7  14  7.387060e-01
-17  14  5.225242e-01
-17.3  14  4.665215e-01
-17.7  14  2.497521e-01
-18  14  1.630788e-01
-18.3  14  1.153572e-01
-18.7  14  5.792892e-02
-19  14  4.025948e-02
-19.3  14  2.252110e-02
-19.7  14  5.839111e-03
-20  14  1.290528e-03
-2.030000e+01  1.400000e+01  0.0
-2.070000e+01  1.400000e+01  0.0
-2.100000e+01  1.400000e+01  0.0
-2.130000e+01  1.400000e+01  0.0
-2.170000e+01  1.400000e+01  0.0
-2.200000e+01  1.400000e+01  0.0
-13.3  17  8.652607e-03
-13.7  17  2.806415e-02
-14  17  1.037496e-01
-14.3  17  2.207268e-01
-14.7  17  3.571477e-01
-15  17  7.288867e-01
-15.3  17  9.798856e-01
-15.7  17  7.112671e-01
-16  17  6.838409e-01
-16.3  17  7.930366e-01
-16.7  17  5.176704e-01
-17  17  3.917576e-01
-17.3  17  2.784142e-01
-17.7  17  1.465834e-01
-18  17  9.443923e-02
-18.3  17  6.189514e-02
-18.7  17  3.734881e-02
-19  17  2.269666e-02
-19.3  17  6.868550e-03
-19.7  17  1.298785e-03
-2.000000e+01  1.700000e+01  0.0
-2.030000e+01  1.700000e+01  0.0
-2.070000e+01  1.700000e+01  0.0
-2.100000e+01  1.700000e+01  0.0
-2.130000e+01  1.700000e+01  0.0
-2.170000e+01  1.700000e+01  0.0
-2.200000e+01  1.700000e+01  0.0
-13.3  21  1.620131e-02
-13.7  21  3.674367e-02
-14  21  9.113607e-02
-14.3  21  1.872872e-01
-14.7  21  1.927472e-01
-15  21  6.524101e-01
-15.3  21  8.293038e-01
-15.7  21  6.356229e-01
-16  21  6.555978e-01
-16.3  21  4.596800e-01
-16.7  21  3.229482e-01
-17  21  2.287064e-01
-17.3  21  1.415088e-01
-17.7  21  6.970687e-02
-18  21  4.550889e-02
-18.3  21  3.462230e-02
-18.7  21  1.654130e-02
-19  21  5.086989e-03
-19.3  21  1.072796e-03
-1.970000e+01  2.100000e+01  0.0
-2.000000e+01  2.100000e+01  0.0
-2.030000e+01  2.100000e+01  0.0
-2.070000e+01  2.100000e+01  0.0
-2.100000e+01  2.100000e+01  0.0
-2.130000e+01  2.100000e+01  0.0
-2.170000e+01  2.100000e+01  0.0
-2.200000e+01  2.100000e+01  0.0
-13.3  26  1.670661e-02
-13.7  26  3.059345e-02
-14  26  7.406313e-02
-14.3  26  2.964122e-01
-14.7  26  3.271516e-01
-15  26  4.039031e-01
-15.3  26  6.279240e-01
-15.7  26  4.627321e-01
-16  26  4.504216e-01
-16.3  26  3.313911e-01
-16.7  26  2.058516e-01
-17  26  1.372481e-01
-17.3  26  7.798498e-02
-17.7  26  4.022673e-02
-18  26  3.138117e-02
-18.3  26  1.773734e-02
-18.7  26  4.766599e-03
-19  26  9.926302e-04
-1.930000e+01  2.600000e+01  0.0
-1.970000e+01  2.600000e+01  0.0
-2.000000e+01  2.600000e+01  0.0
-2.030000e+01  2.600000e+01  0.0
-2.070000e+01  2.600000e+01  0.0
-2.100000e+01  2.600000e+01  0.0
-2.130000e+01  2.600000e+01  0.0
-2.170000e+01  2.600000e+01  0.0
-2.200000e+01  2.600000e+01  0.0
-13.3  32  1.814856e-02
-13.7  32  1.762416e-02
-14  32  1.277666e-01
-14.3  32  1.324772e-01
-14.7  32  3.111122e-01
-15  32  2.636994e-01
-15.3  32  4.879277e-01
-15.7  32  3.026698e-01
-16  32  2.978506e-01
-16.3  32  2.318257e-01
-16.7  32  1.201548e-01
-17  32  7.998621e-02
-17.3  32  5.402119e-02
-17.7  32  2.871848e-02
-18  32  1.700651e-02
-18.3  32  5.765602e-03
-18.7  32  9.620247e-04
-1.900000e+01  3.200000e+01  0.0
-1.930000e+01  3.200000e+01  0.0
-1.970000e+01  3.200000e+01  0.0
-2.000000e+01  3.200000e+01  0.0
-2.030000e+01  3.200000e+01  0.0
-2.070000e+01  3.200000e+01  0.0
-2.100000e+01  3.200000e+01  0.0
-2.130000e+01  3.200000e+01  0.0
-2.170000e+01  3.200000e+01  0.0
-2.200000e+01  3.200000e+01  0.0
-13.3  39  9.184857e-03
-13.7  39  4.844185e-02
-14  39  9.850721e-02
-14.3  39  1.282597e-01
-14.7  39  1.686995e-01
-15  39  1.937927e-01
-15.3  39  2.978155e-01
-15.7  39  2.016389e-01
-16  39  1.773673e-01
-16.3  39  1.214013e-01
-16.7  39  6.634801e-02
-17  39  4.408299e-02
-17.3  39  3.181091e-02
-17.7  39  1.596322e-02
-18  39  5.062989e-03
-1.830000e+01  3.900000e+01  0.0
-1.870000e+01  3.900000e+01  0.0
-1.900000e+01  3.900000e+01  0.0
-1.930000e+01  3.900000e+01  0.0
-1.970000e+01  3.900000e+01  0.0
-2.000000e+01  3.900000e+01  0.0
-2.030000e+01  3.900000e+01  0.0
-2.070000e+01  3.900000e+01  0.0
-2.100000e+01  3.900000e+01  0.0
-2.130000e+01  3.900000e+01  0.0
-2.170000e+01  3.900000e+01  0.0
-2.200000e+01  3.900000e+01  0.0
-13.3  48  1.071213e-02
-13.7  48  1.555785e-02
-14  48  3.312834e-02
-14.3  48  1.575588e-01
-14.7  48  6.036857e-02
-15  48  1.528867e-01
-15.3  48  1.255701e-01
-15.7  48  1.175316e-01
-16  48  8.942424e-02
-16.3  48  6.707036e-02
-16.7  48  3.599942e-02
-17  48  2.567097e-02
-17.3  48  1.694144e-02
-17.7  48  4.832352e-03
-1.800000e+01  4.800000e+01  0.0
-1.830000e+01  4.800000e+01  0.0
-1.870000e+01  4.800000e+01  0.0
-1.900000e+01  4.800000e+01  0.0
-1.930000e+01  4.800000e+01  0.0
-1.970000e+01  4.800000e+01  0.0
-2.000000e+01  4.800000e+01  0.0
-2.030000e+01  4.800000e+01  0.0
-2.070000e+01  4.800000e+01  0.0
-2.100000e+01  4.800000e+01  0.0
-2.130000e+01  4.800000e+01  0.0
-2.170000e+01  4.800000e+01  0.0
-2.200000e+01  4.800000e+01  0.0
-13.3  58  3.537855e-03
-13.7  58  1.050938e-02
-14  58  3.144059e-02
-14.3  58  4.638206e-02
-14.7  58  3.556392e-02
-15  58  5.123254e-02
-15.3  58  7.967592e-02
-15.7  58  6.107906e-02
-16  58  4.612830e-02
-16.3  58  3.306439e-02
-16.7  58  2.064357e-02
-17  58  1.403322e-02
-17.3  58  5.641402e-03
-1.770000e+01  5.800000e+01  0.0
-1.800000e+01  5.800000e+01  0.0
-1.830000e+01  5.800000e+01  0.0
-1.870000e+01  5.800000e+01  0.0
-1.900000e+01  5.800000e+01  0.0
-1.930000e+01  5.800000e+01  0.0
-1.970000e+01  5.800000e+01  0.0
-2.000000e+01  5.800000e+01  0.0
-2.030000e+01  5.800000e+01  0.0
-2.070000e+01  5.800000e+01  0.0
-2.100000e+01  5.800000e+01  0.0
-2.130000e+01  5.800000e+01  0.0
-2.170000e+01  5.800000e+01  0.0
-2.200000e+01  5.800000e+01  0.0
-13.3  88  9.560873e-04
-13.7  88  1.265633e-03
-14  88  1.984264e-03
-14.3  88  4.889000e-03
-14.7  88  6.512585e-03
-15  88  7.942034e-03
-15.3  88  8.905578e-03
-15.7  88  5.622138e-03
-16  88  5.730192e-03
-16.3  88  5.092531e-03
-16.7  88  2.313890e-03
-17  88  6.213907e-04
-1.730000e+01  8.800000e+01  0.0
-1.770000e+01  8.800000e+01  0.0
-1.800000e+01  8.800000e+01  0.0
-1.830000e+01  8.800000e+01  0.0
-1.870000e+01  8.800000e+01  0.0
-1.900000e+01  8.800000e+01  0.0
-1.930000e+01  8.800000e+01  0.0
-1.970000e+01  8.800000e+01  0.0
-2.000000e+01  8.800000e+01  0.0
-2.030000e+01  8.800000e+01  0.0
-2.070000e+01  8.800000e+01  0.0
-2.100000e+01  8.800000e+01  0.0
-2.130000e+01  8.800000e+01  0.0
-2.170000e+01  8.800000e+01  0.0
-2.200000e+01  8.800000e+01  0.0
-13.3  108  0.000000e+00
-13.7  108  0.000000e+00
-14  108  0.000000e+00
-14.3  108  0.000000e+00
-14.7  108  0.000000e+00
-15  108  0.000000e+00
-15.3  108  0.000000e+00
-15.7  108  0.000000e+00
-16  108  0.000000e+00
-16.3  108  0.000000e+00
-16.7  108  0.000000e+00
-1.700000e+01  1.080000e+02  0.0
-1.730000e+01  1.080000e+02  0.0
-1.770000e+01  1.080000e+02  0.0
-1.800000e+01  1.080000e+02  0.0
-1.830000e+01  1.080000e+02  0.0
-1.870000e+01  1.080000e+02  0.0
-1.900000e+01  1.080000e+02  0.0
-1.930000e+01  1.080000e+02  0.0
-1.970000e+01  1.080000e+02  0.0
-2.000000e+01  1.080000e+02  0.0
-2.030000e+01  1.080000e+02  0.0
-2.070000e+01  1.080000e+02  0.0
-2.100000e+01  1.080000e+02  0.0
-2.130000e+01  1.080000e+02  0.0
-2.170000e+01  1.080000e+02  0.0
-2.200000e+01  1.080000e+02  0.0
-13.3  132  0.000000e+00
-13.7  132  0.000000e+00
-14  132  0.000000e+00
-14.3  132  0.000000e+00
-14.7  132  0.000000e+00
-15  132  0.000000e+00
-15.3  132  0.000000e+00
-15.7  132  0.000000e+00
-16  132  0.000000e+00
-16.3  132  0.000000e+00
-1.670000e+01  1.320000e+02  0.0
-1.700000e+01  1.320000e+02  0.0
-1.730000e+01  1.320000e+02  0.0
-1.770000e+01  1.320000e+02  0.0
-1.800000e+01  1.320000e+02  0.0
-1.830000e+01  1.320000e+02  0.0
-1.870000e+01  1.320000e+02  0.0
-1.900000e+01  1.320000e+02  0.0
-1.930000e+01  1.320000e+02  0.0
-1.970000e+01  1.320000e+02  0.0
-2.000000e+01  1.320000e+02  0.0
-2.030000e+01  1.320000e+02  0.0
-2.070000e+01  1.320000e+02  0.0
-2.100000e+01  1.320000e+02  0.0
-2.130000e+01  1.320000e+02  0.0
-2.170000e+01  1.320000e+02  0.0
-2.200000e+01  1.320000e+02  0.0
-13.3  162  0.000000e+00
-13.7  162  0.000000e+00
-14  162  0.000000e+00
-14.3  162  0.000000e+00
-14.7  162  0.000000e+00
-15  162  0.000000e+00
-15.3  162  0.000000e+00
-15.7  162  0.000000e+00
-16  162  0.000000e+00
-1.630000e+01  1.620000e+02  0.0
-1.670000e+01  1.620000e+02  0.0
-1.700000e+01  1.620000e+02  0.0
-1.730000e+01  1.620000e+02  0.0
-1.770000e+01  1.620000e+02  0.0
-1.800000e+01  1.620000e+02  0.0
-1.830000e+01  1.620000e+02  0.0
-1.870000e+01  1.620000e+02  0.0
-1.900000e+01  1.620000e+02  0.0
-1.930000e+01  1.620000e+02  0.0
-1.970000e+01  1.620000e+02  0.0
-2.000000e+01  1.620000e+02  0.0
-2.030000e+01  1.620000e+02  0.0
-2.070000e+01  1.620000e+02  0.0
-2.100000e+01  1.620000e+02  0.0
-2.130000e+01  1.620000e+02  0.0
-2.170000e+01  1.620000e+02  0.0
-2.200000e+01  1.620000e+02  0.0
-13.3  199  0.000000e+00
-13.7  199  0.000000e+00
-14  199  0.000000e+00
-14.3  199  0.000000e+00
-14.7  199  0.000000e+00
-15  199  0.000000e+00
-15.3  199  0.000000e+00
-15.7  199  0.000000e+00
-1.600000e+01  1.990000e+02  0.0
-1.630000e+01  1.990000e+02  0.0
-1.670000e+01  1.990000e+02  0.0
-1.700000e+01  1.990000e+02  0.0
-1.730000e+01  1.990000e+02  0.0
-1.770000e+01  1.990000e+02  0.0
-1.800000e+01  1.990000e+02  0.0
-1.830000e+01  1.990000e+02  0.0
-1.870000e+01  1.990000e+02  0.0
-1.900000e+01  1.990000e+02  0.0
-1.930000e+01  1.990000e+02  0.0
-1.970000e+01  1.990000e+02  0.0
-2.000000e+01  1.990000e+02  0.0
-2.030000e+01  1.990000e+02  0.0
-2.070000e+01  1.990000e+02  0.0
-2.100000e+01  1.990000e+02  0.0
-2.130000e+01  1.990000e+02  0.0
-2.170000e+01  1.990000e+02  0.0
-2.200000e+01  1.990000e+02  0.0
-13.3  244  0.000000e+00
-13.7  244  0.000000e+00
-14  244  0.000000e+00
-14.3  244  0.000000e+00
-14.7  244  0.000000e+00
-15  244  0.000000e+00
-15.3  244  0.000000e+00
-15.7  244  0.000000e+00
-1.600000e+01  2.440000e+02  0.0
-1.630000e+01  2.440000e+02  0.0
-1.670000e+01  2.440000e+02  0.0
-1.700000e+01  2.440000e+02  0.0
-1.730000e+01  2.440000e+02  0.0
-1.770000e+01  2.440000e+02  0.0
-1.800000e+01  2.440000e+02  0.0
-1.830000e+01  2.440000e+02  0.0
-1.870000e+01  2.440000e+02  0.0
-1.900000e+01  2.440000e+02  0.0
-1.930000e+01  2.440000e+02  0.0
-1.970000e+01  2.440000e+02  0.0
-2.000000e+01  2.440000e+02  0.0
-2.030000e+01  2.440000e+02  0.0
-2.070000e+01  2.440000e+02  0.0
-2.100000e+01  2.440000e+02  0.0
-2.130000e+01  2.440000e+02  0.0
-2.170000e+01  2.440000e+02  0.0
-2.200000e+01  2.440000e+02  0.0
-13.3  300  0.000000e+00
-13.7  300  0.000000e+00
-14  300  0.000000e+00
-14.3  300  0.000000e+00
-14.7  300  0.000000e+00
-15  300  0.000000e+00
-15.3  300  0.000000e+00
-1.570000e+01  3.000000e+02  0.0
-1.600000e+01  3.000000e+02  0.0
-1.630000e+01  3.000000e+02  0.0
-1.670000e+01  3.000000e+02  0.0
-1.700000e+01  3.000000e+02  0.0
-1.730000e+01  3.000000e+02  0.0
-1.770000e+01  3.000000e+02  0.0
-1.800000e+01  3.000000e+02  0.0
-1.830000e+01  3.000000e+02  0.0
-1.870000e+01  3.000000e+02  0.0
-1.900000e+01  3.000000e+02  0.0
-1.930000e+01  3.000000e+02  0.0
-1.970000e+01  3.000000e+02  0.0
-2.000000e+01  3.000000e+02  0.0
-2.030000e+01  3.000000e+02  0.0
-2.070000e+01  3.000000e+02  0.0
-2.100000e+01  3.000000e+02  0.0
-2.130000e+01  3.000000e+02  0.0
-2.170000e+01  3.000000e+02  0.0
-2.200000e+01  3.000000e+02  0.0
