# log10(y)    mass[MeV]    Nhits
-13.3  5  1.888497e-07
-13.7  5  6.949129e-06
-14  5  1.934260e-04
-14.3  5  2.939142e-03
-14.7  5  2.051170e-02
-15  5  9.516175e-02
-15.3  5  3.176707e-01
-15.7  5  6.129281e-01
-16  5  9.142925e-01
-16.3  5  1.606601e+00
-16.7  5  1.274428e+00
-17  5  1.551820e+00
-17.3  5  1.385809e+00
-17.7  5  1.378763e+00
-18  5  1.166884e+00
-18.3  5  8.715719e-01
-18.7  5  5.217671e-01
-19  5  3.416727e-01
-19.3  5  2.118330e-01
-19.7  5  9.356700e-02
-20  5  5.450598e-02
-20.3  5  3.088955e-02
-20.7  5  1.510967e-02
-21  5  8.476418e-03
-21.3  5  2.866248e-03
-21.7  5  4.395963e-04
-2.200000e+01  5.000000e+00  0.0
-13.3  6  2.959074e-06
-13.7  6  9.354790e-05
-14  6  1.050652e-03
-14.3  6  1.488747e-02
-14.7  6  8.658812e-02
-15  6  2.690379e-01
-15.3  6  7.644133e-01
-15.7  6  9.199572e-01
-16  6  1.271130e+00
-16.3  6  1.339224e+00
-16.7  6  1.190407e+00
-17  6  1.141180e+00
-17.3  6  1.579479e+00
-17.7  6  1.238035e+00
-18  6  1.012327e+00
-18.3  6  6.597482e-01
-18.7  6  3.698847e-01
-19  6  2.382813e-01
-19.3  6  1.396453e-01
-19.7  6  5.809384e-02
-20  6  3.594371e-02
-20.3  6  2.492728e-02
-20.7  6  1.116638e-02
-21  6  3.584071e-03
-21.3  6  7.342084e-04
-2.170000e+01  6.000000e+00  0.0
-2.200000e+01  6.000000e+00  0.0
-13.3  8  1.061999e-04
-13.7  8  7.239811e-04
-14  8  4.503138e-03
-14.3  8  3.521917e-02
-14.7  8  1.342469e-01
-15  8  5.502005e-01
-15.3  8  1.061743e+00
-15.7  8  1.282185e+00
-16  8  1.345401e+00
-16.3  8  1.243586e+00
-16.7  8  8.914613e-01
-17  8  9.639125e-01
-17.3  8  9.147711e-01
-17.7  8  7.326812e-01
-18  8  5.069563e-01
-18.3  8  3.595749e-01
-18.7  8  1.809997e-01
-19  8  1.101177e-01
-19.3  8  6.326601e-02
-19.7  8  2.948006e-02
-20  8  2.252142e-02
-20.3  8  1.298702e-02
-20.7  8  3.416730e-03
-21  8  7.040782e-04
-2.130000e+01  8.000000e+00  0.0
-2.170000e+01  8.000000e+00  0.0
-2.200000e+01  8.000000e+00  0.0
-13.3  9  3.040012e-04
-13.7  9  2.461829e-03
-14  9  1.594750e-02
-14.3  9  9.938717e-02
-14.7  9  2.727712e-01
-15  9  8.232341e-01
-15.3  9  1.730168e+00
-15.7  9  1.621020e+00
-16  9  1.415776e+00
-16.3  9  1.242331e+00
-16.7  9  1.008830e+00
-17  9  1.141061e+00
-17.3  9  9.519340e-01
-17.7  9  6.291343e-01
-18  9  4.617945e-01
-18.3  9  3.054287e-01
-18.7  9  1.481238e-01
-19  9  8.715831e-02
-19.3  9  5.442345e-02
-19.7  9  3.127975e-02
-20  9  1.715262e-02
-20.3  9  5.659126e-03
-20.7  9  9.676176e-04
-2.100000e+01  9.000000e+00  0.0
-2.130000e+01  9.000000e+00  0.0
-2.170000e+01  9.000000e+00  0.0
-2.200000e+01  9.000000e+00  0.0
-13.3  11  1.684519e-03
-13.7  11  8.506272e-03
-14  11  4.008126e-02
-14.3  11  1.234365e-01
-14.7  11  3.629394e-01
-15  11  1.090290e+00
-15.3  11  1.730283e+00
-15.7  11  1.301306e+00
-16  11  1.136051e+00
-16.3  11  1.230334e+00
-16.7  11  7.736554e-01
-17  11  8.444878e-01
-17.3  11  6.267888e-01
-17.7  11  4.094284e-01
-18  11  2.823656e-01
-18.3  11  1.797629e-01
-18.7  11  9.632577e-02
-19  11  6.149947e-02
-19.3  11  3.829526e-02
-19.7  11  1.805322e-02
-20  11  5.566992e-03
-20.3  11  1.276534e-03
-2.070000e+01  1.100000e+01  0.0
-2.100000e+01  1.100000e+01  0.0
-2.130000e+01  1.100000e+01  0.0
-2.170000e+01  1.100000e+01  0.0
-2.200000e+01  1.100000e+01  0.0
-13.3  14  5.586206e-03
-13.7  14  2.104124e-02
-14  14  5.472159e-02
-14.3  14  1.727300e-01
-14.7  14  6.011324e-01
-15  14  9.840632e-01
-15.3  14  1.421787e+00
-15.7  14  8.154427e-01
-16  14  1.139742e+00
-16.3  14  9.584839e-01
-16.7  14  7.917949e-01
-17  14  5.311881e-01
-17.3  14  4.483071e-01
-17.7  14  2.268971e-01
-18  14  1.418196e-01
-18.3  14  9.579327e-02
-18.7  14  4.658409e-02
-19  14  3.173889e-02
-19.3  14  1.757829e-02
-19.7  14  4.485053e-03
-20  14  9.726152e-04
-2.030000e+01  1.400000e+01  0.0
-2.070000e+01  1.400000e+01  0.0
-2.100000e+01  1.400000e+01  0.0
-2.130000e+01  1.400000e+01  0.0
-2.170000e+01  1.400000e+01  0.0
-2.200000e+01  1.400000e+01  0.0
-13.3  17  8.801746e-03
-13.7  17  3.051478e-02
-14  17  1.204579e-01
-14.3  17  2.686151e-01
-14.7  17  4.471435e-01
-15  17  9.225792e-01
-15.3  17  1.239123e+00
-15.7  17  8.887538e-01
-16  17  8.290953e-01
-16.3  17  9.272021e-01
-16.7  17  5.814465e-01
-17  17  4.194498e-01
-17.3  17  2.823272e-01
-17.7  17  1.416569e-01
-18  17  8.611660e-02
-18.3  17  5.390698e-02
-18.7  17  3.153042e-02
-19  17  1.884445e-02
-19.3  17  5.543852e-03
-19.7  17  1.010998e-03
-2.000000e+01  1.700000e+01  0.0
-2.030000e+01  1.700000e+01  0.0
-2.070000e+01  1.700000e+01  0.0
-2.100000e+01  1.700000e+01  0.0
-2.130000e+01  1.700000e+01  0.0
-2.170000e+01  1.700000e+01  0.0
-2.200000e+01  1.700000e+01  0.0
-13.3  21  1.517269e-02
-13.7  21  3.576783e-02
-14  21  9.331380e-02
-14.3  21  2.012241e-01
-14.7  21  2.158023e-01
-15  21  7.459383e-01
-15.3  21  9.692893e-01
-15.7  21  7.517064e-01
-16  21  7.724008e-01
-16.3  21  5.329890e-01
-16.7  21  3.675084e-01
-17  21  2.526544e-01
-17.3  21  1.508379e-01
-17.7  21  7.190852e-02
-18  21  4.508977e-02
-18.3  21  3.348553e-02
-18.7  21  1.578811e-02
-19  21  4.744365e-03
-19.3  21  9.685536e-04
-1.970000e+01  2.100000e+01  0.0
-2.000000e+01  2.100000e+01  0.0
-2.030000e+01  2.100000e+01  0.0
-2.070000e+01  2.100000e+01  0.0
-2.100000e+01  2.100000e+01  0.0
-2.130000e+01  2.100000e+01  0.0
-2.170000e+01  2.100000e+01  0.0
-2.200000e+01  2.100000e+01  0.0
-13.3  26  1.597537e-02
-13.7  26  2.960524e-02
-14  26  7.347336e-02
-14.3  26  3.035335e-01
-14.7  26  3.434554e-01
-15  26  4.340690e-01
-15.3  26  6.986825e-01
-15.7  26  5.240571e-01
-16  26  5.148293e-01
-16.3  26  3.787121e-01
-16.7  26  2.333945e-01
-17  26  1.537441e-01
-17.3  26  8.562987e-02
-17.7  26  4.311036e-02
-18  26  3.312402e-02
-18.3  26  1.852644e-02
-18.7  26  4.898229e-03
-19  26  9.931009e-04
-1.930000e+01  2.600000e+01  0.0
-1.970000e+01  2.600000e+01  0.0
-2.000000e+01  2.600000e+01  0.0
-2.030000e+01  2.600000e+01  0.0
-2.070000e+01  2.600000e+01  0.0
-2.100000e+01  2.600000e+01  0.0
-2.130000e+01  2.600000e+01  0.0
-2.170000e+01  2.600000e+01  0.0
-2.200000e+01  2.600000e+01  0.0
-13.3  32  1.492101e-02
-13.7  32  1.504204e-02
-14  32  1.131496e-01
-14.3  32  1.211003e-01
-14.7  32  2.906842e-01
-15  32  2.601236e-01
-15.3  32  4.997680e-01
-15.7  32  3.179122e-01
-16  32  3.194933e-01
-16.3  32  2.526246e-01
-16.7  32  1.322350e-01
-17  32  8.840187e-02
-17.3  32  5.968483e-02
-17.7  32  3.163690e-02
-18  32  1.868276e-02
-18.3  32  6.299500e-03
-18.7  32  1.041495e-03
-1.900000e+01  3.200000e+01  0.0
-1.930000e+01  3.200000e+01  0.0
-1.970000e+01  3.200000e+01  0.0
-2.000000e+01  3.200000e+01  0.0
-2.030000e+01  3.200000e+01  0.0
-2.070000e+01  3.200000e+01  0.0
-2.100000e+01  3.200000e+01  0.0
-2.130000e+01  3.200000e+01  0.0
-2.170000e+01  3.200000e+01  0.0
-2.200000e+01  3.200000e+01  0.0
-13.3  39  7.838924e-03
-13.7  39  4.229426e-02
-14  39  8.697518e-02
-14.3  39  1.176214e-01
-14.7  39  1.598090e-01
-15  39  1.891509e-01
-15.3  39  2.994674e-01
-15.7  39  2.076878e-01
-16  39  1.866485e-01
-16.3  39  1.300968e-01
-16.7  39  7.197356e-02
-17  39  4.829312e-02
-17.3  39  3.490367e-02
-17.7  39  1.755668e-02
-18  39  5.585366e-03
-1.830000e+01  3.900000e+01  0.0
-1.870000e+01  3.900000e+01  0.0
-1.900000e+01  3.900000e+01  0.0
-1.930000e+01  3.900000e+01  0.0
-1.970000e+01  3.900000e+01  0.0
-2.000000e+01  3.900000e+01  0.0
-2.030000e+01  3.900000e+01  0.0
-2.070000e+01  3.900000e+01  0.0
-2.100000e+01  3.900000e+01  0.0
-2.130000e+01  3.900000e+01  0.0
-2.170000e+01  3.900000e+01  0.0
-2.200000e+01  3.900000e+01  0.0
-13.3  48  8.857325e-03
-13.7  48  1.299609e-02
-14  48  2.825519e-02
-14.3  48  1.387699e-01
-14.7  48  5.460068e-02
-15  48  1.424046e-01
-15.3  48  1.201543e-01
-15.7  48  1.156690e-01
-16  48  9.057700e-02
-16.3  48  6.991249e-02
-16.7  48  3.844745e-02
-17  48  2.758397e-02
-17.3  48  1.842108e-02
-17.7  48  5.355398e-03
-1.800000e+01  4.800000e+01  0.0
-1.830000e+01  4.800000e+01  0.0
-1.870000e+01  4.800000e+01  0.0
-1.900000e+01  4.800000e+01  0.0
-1.930000e+01  4.800000e+01  0.0
-1.970000e+01  4.800000e+01  0.0
-2.000000e+01  4.800000e+01  0.0
-2.030000e+01  4.800000e+01  0.0
-2.070000e+01  4.800000e+01  0.0
-2.100000e+01  4.800000e+01  0.0
-2.130000e+01  4.800000e+01  0.0
-2.170000e+01  4.800000e+01  0.0
-2.200000e+01  4.800000e+01  0.0
-13.3  58  2.903563e-03
-13.7  58  8.719015e-03
-14  58  2.665450e-02
-14.3  58  4.020734e-02
-14.7  58  3.151646e-02
-15  58  4.630355e-02
-15.3  58  7.343661e-02
-15.7  58  5.736641e-02
-16  58  4.409273e-02
-16.3  58  3.211774e-02
-16.7  58  2.010769e-02
-17  58  1.373490e-02
-17.3  58  5.566631e-03
-1.770000e+01  5.800000e+01  0.0
-1.800000e+01  5.800000e+01  0.0
-1.830000e+01  5.800000e+01  0.0
-1.870000e+01  5.800000e+01  0.0
-1.900000e+01  5.800000e+01  0.0
-1.930000e+01  5.800000e+01  0.0
-1.970000e+01  5.800000e+01  0.0
-2.000000e+01  5.800000e+01  0.0
-2.030000e+01  5.800000e+01  0.0
-2.070000e+01  5.800000e+01  0.0
-2.100000e+01  5.800000e+01  0.0
-2.130000e+01  5.800000e+01  0.0
-2.170000e+01  5.800000e+01  0.0
-2.200000e+01  5.800000e+01  0.0
-13.3  88  7.508161e-04
-13.7  88  9.813829e-04
-14  88  1.527752e-03
-14.3  88  3.748949e-03
-14.7  88  4.980473e-03
-15  88  6.060527e-03
-15.3  88  6.784191e-03
-15.7  88  4.277047e-03
-16  88  4.354462e-03
-16.3  88  3.869538e-03
-16.7  88  1.758338e-03
-17  88  4.721751e-04
-1.730000e+01  8.800000e+01  0.0
-1.770000e+01  8.800000e+01  0.0
-1.800000e+01  8.800000e+01  0.0
-1.830000e+01  8.800000e+01  0.0
-1.870000e+01  8.800000e+01  0.0
-1.900000e+01  8.800000e+01  0.0
-1.930000e+01  8.800000e+01  0.0
-1.970000e+01  8.800000e+01  0.0
-2.000000e+01  8.800000e+01  0.0
-2.030000e+01  8.800000e+01  0.0
-2.070000e+01  8.800000e+01  0.0
-2.100000e+01  8.800000e+01  0.0
-2.130000e+01  8.800000e+01  0.0
-2.170000e+01  8.800000e+01  0.0
-2.200000e+01  8.800000e+01  0.0
-13.3  108  0.000000e+00
-13.7  108  0.000000e+00
-14  108  0.000000e+00
-14.3  108  0.000000e+00
-14.7  108  0.000000e+00
-15  108  0.000000e+00
-15.3  108  0.000000e+00
-15.7  108  0.000000e+00
-16  108  0.000000e+00
-16.3  108  0.000000e+00
-16.7  108  0.000000e+00
-1.700000e+01  1.080000e+02  0.0
-1.730000e+01  1.080000e+02  0.0
-1.770000e+01  1.080000e+02  0.0
-1.800000e+01  1.080000e+02  0.0
-1.830000e+01  1.080000e+02  0.0
-1.870000e+01  1.080000e+02  0.0
-1.900000e+01  1.080000e+02  0.0
-1.930000e+01  1.080000e+02  0.0
-1.970000e+01  1.080000e+02  0.0
-2.000000e+01  1.080000e+02  0.0
-2.030000e+01  1.080000e+02  0.0
-2.070000e+01  1.080000e+02  0.0
-2.100000e+01  1.080000e+02  0.0
-2.130000e+01  1.080000e+02  0.0
-2.170000e+01  1.080000e+02  0.0
-2.200000e+01  1.080000e+02  0.0
-13.3  132  0.000000e+00
-13.7  132  0.000000e+00
-14  132  0.000000e+00
-14.3  132  0.000000e+00
-14.7  132  0.000000e+00
-15  132  0.000000e+00
-15.3  132  0.000000e+00
-15.7  132  0.000000e+00
-16  132  0.000000e+00
-16.3  132  0.000000e+00
-1.670000e+01  1.320000e+02  0.0
-1.700000e+01  1.320000e+02  0.0
-1.730000e+01  1.320000e+02  0.0
-1.770000e+01  1.320000e+02  0.0
-1.800000e+01  1.320000e+02  0.0
-1.830000e+01  1.320000e+02  0.0
-1.870000e+01  1.320000e+02  0.0
-1.900000e+01  1.320000e+02  0.0
-1.930000e+01  1.320000e+02  0.0
-1.970000e+01  1.320000e+02  0.0
-2.000000e+01  1.320000e+02  0.0
-2.030000e+01  1.320000e+02  0.0
-2.070000e+01  1.320000e+02  0.0
-2.100000e+01  1.320000e+02  0.0
-2.130000e+01  1.320000e+02  0.0
-2.170000e+01  1.320000e+02  0.0
-2.200000e+01  1.320000e+02  0.0
-13.3  162  0.000000e+00
-13.7  162  0.000000e+00
-14  162  0.000000e+00
-14.3  162  0.000000e+00
-14.7  162  0.000000e+00
-15  162  0.000000e+00
-15.3  162  0.000000e+00
-15.7  162  0.000000e+00
-16  162  0.000000e+00
-1.630000e+01  1.620000e+02  0.0
-1.670000e+01  1.620000e+02  0.0
-1.700000e+01  1.620000e+02  0.0
-1.730000e+01  1.620000e+02  0.0
-1.770000e+01  1.620000e+02  0.0
-1.800000e+01  1.620000e+02  0.0
-1.830000e+01  1.620000e+02  0.0
-1.870000e+01  1.620000e+02  0.0
-1.900000e+01  1.620000e+02  0.0
-1.930000e+01  1.620000e+02  0.0
-1.970000e+01  1.620000e+02  0.0
-2.000000e+01  1.620000e+02  0.0
-2.030000e+01  1.620000e+02  0.0
-2.070000e+01  1.620000e+02  0.0
-2.100000e+01  1.620000e+02  0.0
-2.130000e+01  1.620000e+02  0.0
-2.170000e+01  1.620000e+02  0.0
-2.200000e+01  1.620000e+02  0.0
-13.3  199  0.000000e+00
-13.7  199  0.000000e+00
-14  199  0.000000e+00
-14.3  199  0.000000e+00
-14.7  199  0.000000e+00
-15  199  0.000000e+00
-15.3  199  0.000000e+00
-15.7  199  0.000000e+00
-1.600000e+01  1.990000e+02  0.0
-1.630000e+01  1.990000e+02  0.0
-1.670000e+01  1.990000e+02  0.0
-1.700000e+01  1.990000e+02  0.0
-1.730000e+01  1.990000e+02  0.0
-1.770000e+01  1.990000e+02  0.0
-1.800000e+01  1.990000e+02  0.0
-1.830000e+01  1.990000e+02  0.0
-1.870000e+01  1.990000e+02  0.0
-1.900000e+01  1.990000e+02  0.0
-1.930000e+01  1.990000e+02  0.0
-1.970000e+01  1.990000e+02  0.0
-2.000000e+01  1.990000e+02  0.0
-2.030000e+01  1.990000e+02  0.0
-2.070000e+01  1.990000e+02  0.0
-2.100000e+01  1.990000e+02  0.0
-2.130000e+01  1.990000e+02  0.0
-2.170000e+01  1.990000e+02  0.0
-2.200000e+01  1.990000e+02  0.0
-13.3  244  0.000000e+00
-13.7  244  0.000000e+00
-14  244  0.000000e+00
-14.3  244  0.000000e+00
-14.7  244  0.000000e+00
-15  244  0.000000e+00
-15.3  244  0.000000e+00
-15.7  244  0.000000e+00
-1.600000e+01  2.440000e+02  0.0
-1.630000e+01  2.440000e+02  0.0
-1.670000e+01  2.440000e+02  0.0
-1.700000e+01  2.440000e+02  0.0
-1.730000e+01  2.440000e+02  0.0
-1.770000e+01  2.440000e+02  0.0
-1.800000e+01  2.440000e+02  0.0
-1.830000e+01  2.440000e+02  0.0
-1.870000e+01  2.440000e+02  0.0
-1.900000e+01  2.440000e+02  0.0
-1.930000e+01  2.440000e+02  0.0
-1.970000e+01  2.440000e+02  0.0
-2.000000e+01  2.440000e+02  0.0
-2.030000e+01  2.440000e+02  0.0
-2.070000e+01  2.440000e+02  0.0
-2.100000e+01  2.440000e+02  0.0
-2.130000e+01  2.440000e+02  0.0
-2.170000e+01  2.440000e+02  0.0
-2.200000e+01  2.440000e+02  0.0
-13.3  300  0.000000e+00
-13.7  300  0.000000e+00
-14  300  0.000000e+00
-14.3  300  0.000000e+00
-14.7  300  0.000000e+00
-15  300  0.000000e+00
-15.3  300  0.000000e+00
-1.570000e+01  3.000000e+02  0.0
-1.600000e+01  3.000000e+02  0.0
-1.630000e+01  3.000000e+02  0.0
-1.670000e+01  3.000000e+02  0.0
-1.700000e+01  3.000000e+02  0.0
-1.730000e+01  3.000000e+02  0.0
-1.770000e+01  3.000000e+02  0.0
-1.800000e+01  3.000000e+02  0.0
-1.830000e+01  3.000000e+02  0.0
-1.870000e+01  3.000000e+02  0.0
-1.900000e+01  3.000000e+02  0.0
-1.930000e+01  3.000000e+02  0.0
-1.970000e+01  3.000000e+02  0.0
-2.000000e+01  3.000000e+02  0.0
-2.030000e+01  3.000000e+02  0.0
-2.070000e+01  3.000000e+02  0.0
-2.100000e+01  3.000000e+02  0.0
-2.130000e+01  3.000000e+02  0.0
-2.170000e+01  3.000000e+02  0.0
-2.200000e+01  3.000000e+02  0.0
