# m_a[MeV] g_a Z
0.25 2e-06 0.0
0.2899749006410853 2e-06 0.0
0.3363417720072291 2e-06 0.0
0.3901226876769712 2e-06 0.0
0.45250315038785144 2e-06 0.002483135280131427
0.5248582242939811 2e-06 0.010313271085768214
0.6087828457612144 2e-06 0.016732983309622362
0.7061269808464212 2e-06 0.021848353722200498
0.8190364044437219 2e-06 0.026437600715859867
0.95 2e-06 0.028750475532907483
0.25 3.16764e-06 0.0
0.2899749006410853 3.16764e-06 0.0
0.3363417720072291 3.16764e-06 0.0
0.3901226876769712 3.16764e-06 0.0
0.45250315038785144 3.16764e-06 0.005024767742055764
0.5248582242939811 3.16764e-06 0.02061499657454256
0.6087828457612144 3.16764e-06 0.032807938332909674
0.7061269808464212 3.16764e-06 0.04198260401762394
0.8190364044437219 3.16764e-06 0.04955914108964413
0.95 3.16764e-06 0.05191667699867296
0.25 5.01697e-06 0.0
0.2899749006410853 5.01697e-06 0.0
0.3363417720072291 5.01697e-06 0.0
0.3901226876769712 5.01697e-06 0.0
0.45250315038785144 5.01697e-06 0.010871922573088149
0.5248582242939811 5.01697e-06 0.04424738496745159
0.6087828457612144 5.01697e-06 0.06840695525911804
0.7061269808464212 5.01697e-06 0.0866075338706279
0.8190364044437219 5.01697e-06 0.10096918164555232
0.95 5.01697e-06 0.10328183615073237
0.25 7.94597e-06 0.0
0.2899749006410853 7.94597e-06 0.0
0.3363417720072291 7.94597e-06 0.0
0.3901226876769712 7.94597e-06 0.0
0.45250315038785144 7.94597e-06 0.025101031788591428
0.5248582242939811 7.94597e-06 0.10160488363430303
0.6087828457612144 7.94597e-06 0.15861769233667822
0.7061269808464212 7.94597e-06 0.19892327079470679
0.8190364044437219 7.94597e-06 0.22910133909212713
0.95 7.94597e-06 0.23119610402456425
0.25 1.2585e-05 0.0
0.2899749006410853 1.2585e-05 0.0
0.3363417720072291 1.2585e-05 0.0
0.3901226876769712 1.2585e-05 0.0
0.45250315038785144 1.2585e-05 0.06021422098756963
0.5248582242939811 1.2585e-05 0.24292188851380336
0.6087828457612144 1.2585e-05 0.3779634212175449
0.7061269808464212 1.2585e-05 0.4725231639491142
0.8190364044437219 1.2585e-05 0.5421326540389008
0.95 1.2585e-05 0.5440109375794916
0.25 1.99324e-05 0.0
0.2899749006410853 1.99324e-05 0.0
0.3363417720072291 1.99324e-05 0.0
0.3901226876769712 1.99324e-05 0.0
0.45250315038785144 1.99324e-05 0.14769989658300378
0.5248582242939811 1.99324e-05 0.5921786313115502
0.6087828457612144 1.99324e-05 0.9191726383869206
0.7061269808464212 1.99324e-05 1.1480772944211732
0.8190364044437219 1.99324e-05 1.3155106259071598
0.95 1.99324e-05 1.3176249059757574
0.25 3.15693e-05 0.0
0.2899749006410853 3.15693e-05 0.0
0.3363417720072291 3.15693e-05 0.0
0.3901226876769712 3.15693e-05 0.0
0.45250315038785144 3.15693e-05 0.3648131917359175
0.5248582242939811 3.15693e-05 1.44389327631046
0.6087828457612144 3.15693e-05 2.233981447521253
0.7061269808464212 3.15693e-05 2.790974221333663
0.8190364044437219 3.15693e-05 3.198775841359841
0.95 3.15693e-05 3.2062091108413715
0.25 5e-05 0.0
0.2899749006410853 5e-05 0.0
0.3363417720072291 5e-05 0.0
0.3901226876769712 5e-05 0.0
0.45250315038785144 5e-05 0.8973615968673201
0.5248582242939811 5e-05 3.45135789840647
0.6087828457612144 5e-05 5.305512807616052
0.7061269808464212 5e-05 6.639813231905495
0.8190364044437219 5e-05 7.624103143909881
0.95 5e-05 7.669819709919664
0.25 6e-05 0.0
0.2899749006410853 6e-05 0.0
0.3363417720072291 6e-05 0.0
0.3901226876769712 6e-05 0.0
0.45250315038785144 6e-05 1.276167164001225
0.5248582242939811 6e-05 4.8202021588175095
0.6087828457612144 6e-05 7.380624060050235
0.7061269808464212 6e-05 9.247607798260315
0.8190364044437219 6e-05 10.632023298792713
0.95 6e-05 10.720091501275931
0.25 7e-05 0.0
0.2899749006410853 7e-05 0.0
0.3363417720072291 7e-05 0.0
0.3901226876769712 7e-05 0.0
0.45250315038785144 7e-05 1.7113030439644557
0.5248582242939811 7e-05 6.346533232543959
0.6087828457612144 7e-05 9.682505942753325
0.7061269808464212 7e-05 12.152356638266335
0.8190364044437219 7e-05 13.998476264682886
0.95 7e-05 14.159330613139739
0.25 8e-05 0.0
0.2899749006410853 8e-05 0.0
0.3363417720072291 8e-05 0.0
0.3901226876769712 8e-05 0.0
0.45250315038785144 8e-05 2.201976291175905
0.5248582242939811 8e-05 8.004446396051739
0.6087828457612144 8e-05 12.159460532934938
0.7061269808464212 8e-05 15.278101296708554
0.8190364044437219 8e-05 17.621471970841327
0.95 8e-05 17.86853476573121
0.25 9e-05 0.0
0.2899749006410853 9e-05 0.0
0.3363417720072291 9e-05 0.0
0.3901226876769712 9e-05 0.0
0.45250315038785144 9e-05 2.744097614662909
0.5248582242939811 9e-05 9.779078937928684
0.6087828457612144 9e-05 14.79684783857948
0.7061269808464212 9e-05 18.61399216457334
0.8190364044437219 9e-05 21.497342095567568
0.95 9e-05 21.85095695153356
0.25 0.0001 0.0
0.2899749006410853 0.0001 0.0
0.3363417720072291 0.0001 0.0
0.3901226876769712 0.0001 0.0
0.45250315038785144 0.0001 3.32628667416684
0.5248582242939811 0.0001 11.625487973532353
0.6087828457612144 0.0001 17.52431910746277
0.7061269808464212 0.0001 22.06968793449087
0.8190364044437219 0.0001 25.520331626786202
0.95 0.0001 26.00371500465741
0.25 0.0002 0.0
0.2899749006410853 0.0002 0.0
0.3363417720072291 0.0002 0.0
0.3901226876769712 0.0002 0.0
0.45250315038785144 0.0002 10.844281601436187
0.5248582242939811 0.0002 32.535908896018874
0.6087828457612144 0.0002 47.75455731749711
0.7061269808464212 0.0002 60.54918191527954
0.8190364044437219 0.0002 70.60849996740156
0.95 0.0002 73.15257346510344
0.25 0.0003 0.0
0.2899749006410853 0.0003 0.0
0.3363417720072291 0.0003 0.0
0.3901226876769712 0.0003 0.0
0.45250315038785144 0.0003 1.192528164340637
0.5248582242939811 0.0003 1.1927235135394336
0.6087828457612144 0.0003 1.1929864821294864
0.7061269808464212 0.0003 1.1933405471946241
0.8190364044437219 0.0003 0.40254690731636456
0.95 0.0003 0.0
0.25 0.0004 0.0
0.2899749006410853 0.0004 0.0
0.3363417720072291 0.0004 0.0
0.3901226876769712 0.0004 0.0
0.45250315038785144 0.0004 0.0
0.5248582242939811 0.0004 0.0
0.6087828457612144 0.0004 0.0
0.7061269808464212 0.0004 0.0
0.8190364044437219 0.0004 0.0
0.95 0.0004 0.0
0.25 0.0005 0.0
0.2899749006410853 0.0005 0.0
0.3363417720072291 0.0005 0.0
0.3901226876769712 0.0005 0.0
0.45250315038785144 0.0005 0.0
0.5248582242939811 0.0005 0.0
0.6087828457612144 0.0005 0.0
0.7061269808464212 0.0005 0.0
0.8190364044437219 0.0005 0.0
0.95 0.0005 0.0
