# m_a[MeV] g_a Z
0.25 2e-06 0.0
0.2899749006410853 2e-06 0.0
0.3363417720072291 2e-06 0.0
0.3901226876769712 2e-06 0.0
0.45250315038785144 2e-06 0.0
0.5248582242939811 2e-06 0.0
0.6087828457612144 2e-06 0.004426740252172257
0.7061269808464212 2e-06 0.013616031238757422
0.8190364044437219 2e-06 0.027409321766099594
0.95 2e-06 0.03672457812577376
0.25 3.16764e-06 0.0
0.2899749006410853 3.16764e-06 0.0
0.3363417720072291 3.16764e-06 0.0
0.3901226876769712 3.16764e-06 0.0
0.45250315038785144 3.16764e-06 0.0
0.5248582242939811 3.16764e-06 0.0
0.6087828457612144 3.16764e-06 0.008917688832937792
0.7061269808464212 3.16764e-06 0.027249353092941013
0.8190364044437219 3.16764e-06 0.05431577838353777
0.95 3.16764e-06 0.0711524755823743
0.25 5.01697e-06 0.0
0.2899749006410853 5.01697e-06 0.0
0.3363417720072291 5.01697e-06 0.0
0.3901226876769712 5.01697e-06 0.0
0.45250315038785144 5.01697e-06 0.0
0.5248582242939811 5.01697e-06 0.0
0.6087828457612144 5.01697e-06 0.01923834015002666
0.7061269808464212 5.01697e-06 0.05846857170759541
0.8190364044437219 5.01697e-06 0.11541289343372646
0.95 5.01697e-06 0.1467149590065888
0.25 7.94597e-06 0.0
0.2899749006410853 7.94597e-06 0.0
0.3363417720072291 7.94597e-06 0.0
0.3901226876769712 7.94597e-06 0.0
0.45250315038785144 7.94597e-06 0.0
0.5248582242939811 7.94597e-06 0.0
0.6087828457612144 7.94597e-06 0.044332806774491446
0.7061269808464212 7.94597e-06 0.13442871619012536
0.8190364044437219 7.94597e-06 0.2649624638827037
0.95 7.94597e-06 0.33932152676429955
0.25 1.2585e-05 0.0
0.2899749006410853 1.2585e-05 0.0
0.3363417720072291 1.2585e-05 0.0
0.3901226876769712 1.2585e-05 0.0
0.45250315038785144 1.2585e-05 0.0
0.5248582242939811 1.2585e-05 0.0
0.6087828457612144 1.2585e-05 0.10620782636126375
0.7061269808464212 1.2585e-05 0.3210193403106422
0.8190364044437219 1.2585e-05 0.6303806315432919
0.95 1.2585e-05 0.804365951000861
0.25 1.99324e-05 0.0
0.2899749006410853 1.99324e-05 0.0
0.3363417720072291 1.99324e-05 0.0
0.3901226876769712 1.99324e-05 0.0
0.45250315038785144 1.99324e-05 0.0
0.5248582242939811 1.99324e-05 0.0
0.6087828457612144 1.99324e-05 0.259916607700275
0.7061269808464212 1.99324e-05 0.7804531804373585
0.8190364044437219 1.99324e-05 1.5222266106458047
0.95 1.99324e-05 1.9392013724524835
0.25 3.15693e-05 0.0
0.2899749006410853 3.15693e-05 0.0
0.3363417720072291 3.15693e-05 0.0
0.3901226876769712 3.15693e-05 0.0
0.45250315038785144 3.15693e-05 0.0
0.5248582242939811 3.15693e-05 0.0
0.6087828457612144 3.15693e-05 0.6387735041359007
0.7061269808464212 3.15693e-05 1.8909565346729822
0.8190364044437219 3.15693e-05 3.6381179726978665
0.95 3.15693e-05 4.6295531501252105
0.25 5e-05 0.0
0.2899749006410853 5e-05 0.0
0.3363417720072291 5e-05 0.0
0.3901226876769712 5e-05 0.0
0.45250315038785144 5e-05 0.0
0.5248582242939811 5e-05 0.0
0.6087828457612144 5e-05 1.5533314027697207
0.7061269808464212 5e-05 4.4608591400217525
0.8190364044437219 5e-05 8.362477028644891
0.95 5e-05 10.631042054491346
0.25 6e-05 0.0
0.2899749006410853 6e-05 0.0
0.3363417720072291 6e-05 0.0
0.3901226876769712 6e-05 0.0
0.45250315038785144 6e-05 0.0
0.5248582242939811 6e-05 0.0
0.6087828457612144 6e-05 2.1925703601860143
0.7061269808464212 6e-05 6.181907582330666
0.8190364044437219 6e-05 11.42695178967295
0.95 6e-05 14.521854322977523
0.25 7e-05 0.0
0.2899749006410853 7e-05 0.0
0.3363417720072291 7e-05 0.0
0.3901226876769712 7e-05 0.0
0.45250315038785144 7e-05 0.0
0.5248582242939811 7e-05 0.0
0.6087828457612144 7e-05 2.9182483286786893
0.7061269808464212 7e-05 8.075988335603645
0.8190364044437219 7e-05 14.736384947595717
0.95 7e-05 18.73214729176968
0.25 8e-05 0.0
0.2899749006410853 8e-05 0.0
0.3363417720072291 8e-05 0.0
0.3901226876769712 8e-05 0.0
0.45250315038785144 8e-05 0.0
0.5248582242939811 8e-05 0.0
0.6087828457612144 8e-05 3.7218794819904635
0.7061269808464212 8e-05 10.111373929129757
0.8190364044437219 8e-05 18.225844868428602
0.95 8e-05 23.157567830265155
0.25 9e-05 0.0
0.2899749006410853 9e-05 0.0
0.3363417720072291 9e-05 0.0
0.3901226876769712 9e-05 0.0
0.45250315038785144 9e-05 0.0
0.5248582242939811 9e-05 0.0
0.6087828457612144 9e-05 4.5962156037943
0.7061269808464212 9e-05 12.267736462350724
0.8190364044437219 9e-05 21.872802182260713
0.95 9e-05 27.78593357182426
0.25 0.0001 0.0
0.2899749006410853 0.0001 0.0
0.3363417720072291 0.0001 0.0
0.3901226876769712 0.0001 0.0
0.45250315038785144 0.0001 0.0
0.5248582242939811 0.0001 0.0
0.6087828457612144 0.0001 5.5206460732428955
0.7061269808464212 0.0001 14.49178460204445
0.8190364044437219 0.0001 25.58976182546469
0.95 0.0001 32.50118696187473
0.25 0.0002 0.0
0.2899749006410853 0.0002 0.0
0.3363417720072291 0.0002 0.0
0.3901226876769712 0.0002 0.0
0.45250315038785144 0.0002 0.0
0.5248582242939811 0.0002 0.0
0.6087828457612144 0.0002 16.617924866467742
0.7061269808464212 0.0002 38.997328748590505
0.8190364044437219 0.0002 65.26794203687666
0.95 0.0002 82.71937779763863
0.25 0.0003 0.0
0.2899749006410853 0.0003 0.0
0.3363417720072291 0.0003 0.0
0.3901226876769712 0.0003 0.0
0.45250315038785144 0.0003 0.0
0.5248582242939811 0.0003 0.0
0.6087828457612144 0.0003 0.8646003214425582
0.7061269808464212 0.0003 2.5040899770392175
0.8190364044437219 0.0003 2.5048581470880986
0.95 0.0003 1.7218629581661216
0.25 0.0004 0.0
0.2899749006410853 0.0004 0.0
0.3363417720072291 0.0004 0.0
0.3901226876769712 0.0004 0.0
0.45250315038785144 0.0004 0.0
0.5248582242939811 0.0004 0.0
0.6087828457612144 0.0004 0.0
0.7061269808464212 0.0004 0.0
0.8190364044437219 0.0004 0.0
0.95 0.0004 0.0
0.25 0.0005 0.0
0.2899749006410853 0.0005 0.0
0.3363417720072291 0.0005 0.0
0.3901226876769712 0.0005 0.0
0.45250315038785144 0.0005 0.0
0.5248582242939811 0.0005 0.0
0.6087828457612144 0.0005 0.0
0.7061269808464212 0.0005 0.0
0.8190364044437219 0.0005 0.0
0.95 0.0005 0.0
1.0 2e-06 0.03978067302003588
1.3556352626674744 2e-06 0.04787233554170783
1.837746965387512 2e-06 0.04382003037962926
2.491314590139454 2e-06 0.027971561754975966
3.3773139087910096 2e-06 0.013379706132175378
4.578405827854414 2e-06 0.016328080482452618
6.2066483870417155 2e-06 0.016770619253594948
8.413951416451951 2e-06 0.015784820461869072
11.406249238513208 2e-06 0.014309682009171407
15.462713682502532 2e-06 0.010812958042857085
20.961799924531267 2e-06 0.010096960431624209
28.416555146674987 2e-06 0.00882644037986718
38.52248420036753 2e-06 0.003957511755908872
52.22243798756887 2e-06 0.0
70.79457843841381 2e-06 0.0
1.0 3.16764e-06 0.07632219509424025
1.3556352626674744 3.16764e-06 0.08469695813451976
1.837746965387512 3.16764e-06 0.06773983152212146
2.491314590139454 3.16764e-06 0.039754590420107566
3.3773139087910096 3.16764e-06 0.02396742875198242
4.578405827854414 3.16764e-06 0.028335193183917935
6.2066483870417155 3.16764e-06 0.028555948053455713
8.413951416451951 3.16764e-06 0.025960391993069567
11.406249238513208 3.16764e-06 0.022921909299619205
15.462713682502532 3.16764e-06 0.018433940382382746
20.961799924531267 3.16764e-06 0.016063594477209633
28.416555146674987 3.16764e-06 0.012617309332445589
38.52248420036753 3.16764e-06 0.00493629176239984
52.22243798756887 3.16764e-06 0.0
70.79457843841381 3.16764e-06 0.0
1.0 5.01697e-06 0.15635456121996796
1.3556352626674744 5.01697e-06 0.16733484859586073
1.837746965387512 5.01697e-06 0.12574988245722288
2.491314590139454 5.01697e-06 0.06932870754720065
3.3773139087910096 5.01697e-06 0.047884737453553206
4.578405827854414 5.01697e-06 0.056227050371337316
6.2066483870417155 5.01697e-06 0.05545449842587136
8.413951416451951 5.01697e-06 0.05108625006251801
11.406249238513208 5.01697e-06 0.04270654735988227
15.462713682502532 5.01697e-06 0.035439905282352795
20.961799924531267 5.01697e-06 0.029133924015639627
28.416555146674987 5.01697e-06 0.02117526969741666
38.52248420036753 5.01697e-06 0.007266128606667886
52.22243798756887 5.01697e-06 0.0
70.79457843841381 5.01697e-06 0.0
1.0 7.94597e-06 0.3604050586678725
1.3556352626674744 7.94597e-06 0.3690869766539914
1.837746965387512 7.94597e-06 0.26581650565640325
2.491314590139454 7.94597e-06 0.14312177679818755
3.3773139087910096 7.94597e-06 0.10778462760192421
4.578405827854414 7.94597e-06 0.12534254768119502
6.2066483870417155 7.94597e-06 0.12164656212965458
8.413951416451951 7.94597e-06 0.11726367656715664
11.406249238513208 7.94597e-06 0.09109109048156407
15.462713682502532 7.94597e-06 0.07635320025212133
20.961799924531267 7.94597e-06 0.06052291716832282
28.416555146674987 7.94597e-06 0.04189291508235128
38.52248420036753 7.94597e-06 0.012974536129723256
52.22243798756887 7.94597e-06 0.0
70.79457843841381 7.94597e-06 0.0
1.0 1.2585e-05 0.8531170081534634
1.3556352626674744 1.2585e-05 0.8608140790947758
1.837746965387512 1.2585e-05 0.6100105465887568
2.491314590139454 1.2585e-05 0.3266006282056321
3.3773139087910096 1.2585e-05 0.2539845985659327
4.578405827854414 1.2585e-05 0.2908856046604029
6.2066483870417155 1.2585e-05 0.2841929986559354
8.413951416451951 1.2585e-05 0.2577013247208538
11.406249238513208 1.2585e-05 0.21084626924121175
15.462713682502532 1.2585e-05 0.17725952052037294
20.961799924531267 1.2585e-05 0.13809758143571743
28.416555146674987 1.2585e-05 0.0933444015132646
38.52248420036753 1.2585e-05 0.027278797071864962
52.22243798756887 1.2585e-05 0.0
70.79457843841381 1.2585e-05 0.0
1.0 1.99324e-05 2.056542099331925
1.3556352626674744 1.99324e-05 2.069052324785883
1.837746965387512 1.99324e-05 1.4629125166434944
2.491314590139454 1.99324e-05 0.7832828637616416
3.3773139087910096 1.99324e-05 0.6175428752360129
4.578405827854414 1.99324e-05 0.7052186820451767
6.2066483870417155 1.99324e-05 0.6873380261231483
8.413951416451951 1.99324e-05 0.6221515403787701
11.406249238513208 1.99324e-05 0.5087511034231156
15.462713682502532 1.99324e-05 0.4279387052582132
20.961799924531267 1.99324e-05 0.3308145981758889
28.416555146674987 1.99324e-05 0.22248858475214844
38.52248420036753 1.99324e-05 0.06302020055133334
52.22243798756887 1.99324e-05 0.0
70.79457843841381 1.99324e-05 0.0
1.0 3.15693e-05 4.913303030200846
1.3556352626674744 3.15693e-05 4.965954232146613
1.837746965387512 3.15693e-05 3.550192247770827
2.491314590139454 3.15693e-05 1.914272007371614
3.3773139087910096 3.15693e-05 1.5157661264800868
4.578405827854414 3.15693e-05 1.7272176093632334
6.2066483870417155 3.15693e-05 1.677536205985152
8.413951416451951 3.15693e-05 1.519121566703093
11.406249238513208 3.15693e-05 1.247696307475796
15.462713682502532 3.15693e-05 1.0497923338837574
20.961799924531267 3.15693e-05 0.8100009206351312
28.416555146674987 3.15693e-05 0.5435904355078374
38.52248420036753 3.15693e-05 0.1523250306269152
52.22243798756887 3.15693e-05 0.0
70.79457843841381 3.15693e-05 0.0
1.0 5e-05 11.300813590978029
1.3556352626674744 5e-05 11.56751670475631
1.837746965387512 5e-05 8.507564858012245
2.491314590139454 5e-05 4.6725768130572725
3.3773139087910096 5e-05 3.694276677083017
4.578405827854414 5e-05 4.193391624141199
6.2066483870417155 5e-05 4.050703103720629
8.413951416451951 5e-05 3.675848506675441
11.406249238513208 5e-05 3.0584313721321923
15.462713682502532 5e-05 2.5742046203608173
20.961799924531267 5e-05 1.99020191985491
28.416555146674987 5e-05 1.3416589832327084
38.52248420036753 5e-05 0.37555131364098515
52.22243798756887 5e-05 0.0
70.79457843841381 5e-05 0.0
1.0 6e-05 15.448035336219501
1.3556352626674744 6e-05 15.92488897811723
1.837746965387512 6e-05 11.910795669117938
2.491314590139454 6e-05 6.635864705470286
3.3773139087910096 6e-05 5.225559403259721
4.578405827854414 6e-05 5.917935667436666
6.2066483870417155 6e-05 5.700232470631635
8.413951416451951 6e-05 5.180093935666913
11.406249238513208 6e-05 4.347004851487612
15.462713682502532 6e-05 3.6602852156553563
20.961799924531267 6e-05 2.838152416584874
28.416555146674987 6e-05 1.9197283086966799
38.52248420036753 6e-05 0.5382580071083751
52.22243798756887 6e-05 0.0
70.79457843841381 6e-05 0.0
1.0 7e-05 19.943116518770264
1.3556352626674744 7e-05 20.71497177652795
1.837746965387512 7e-05 15.765029496161878
2.491314590139454 7e-05 8.849601796059872
3.3773139087910096 7e-05 6.929175256623019
4.578405827854414 7e-05 7.795404644746931
6.2066483870417155 7e-05 7.496883717204373
8.413951416451951 7e-05 6.929173850257037
11.406249238513208 7e-05 5.773080180546264
15.462713682502532 7e-05 4.896287081360219
20.961799924531267 7e-05 3.7831392137915607
28.416555146674987 7e-05 2.238508899155388
38.52248420036753 7e-05 0.62624411776381
52.22243798756887 7e-05 0.0
70.79457843841381 7e-05 0.0
1.0 8e-05 24.66443572555916
1.3556352626674744 8e-05 25.775756045836935
1.837746965387512 8e-05 19.941352598561284
2.491314590139454 8e-05 11.346746528017704
3.3773139087910096 8e-05 8.86142822004746
4.578405827854414 8e-05 9.948326408971573
6.2066483870417155 8e-05 9.544047973853525
8.413951416451951 8e-05 8.825334641725087
11.406249238513208 8e-05 7.425823959876729
15.462713682502532 8e-05 6.301779522243863
20.961799924531267 8e-05 4.886439585773293
28.416555146674987 8e-05 2.9055318814966045
38.52248420036753 8e-05 0.8156202492526151
52.22243798756887 8e-05 0.0
70.79457843841381 8e-05 0.0
1.0 9e-05 29.60358755695088
1.3556352626674744 9e-05 31.10955037763864
1.837746965387512 9e-05 24.426011676472964
2.491314590139454 9e-05 14.094907423714467
3.3773139087910096 9e-05 10.978759986940984
4.578405827854414 9e-05 12.301303363689977
6.2066483870417155 9e-05 11.775370081469738
8.413951416451951 9e-05 10.893760365186667
11.406249238513208 9e-05 9.25067429254963
15.462713682502532 9e-05 7.852421895668547
20.961799924531267 9e-05 6.1113030243427735
28.416555146674987 9e-05 3.6520291639741864
38.52248420036753 9e-05 1.0294306543983702
52.22243798756887 9e-05 0.0
70.79457843841381 9e-05 0.0
1.0 0.0001 34.635412480012604
1.3556352626674744 0.0001 36.581950444163
1.837746965387512 0.0001 29.131694381373283
2.491314590139454 0.0001 17.03071195084518
3.3773139087910096 0.0001 13.234773199585115
4.578405827854414 0.0001 14.800433857527965
6.2066483870417155 0.0001 14.142362579400611
8.413951416451951 0.0001 13.085324218662732
11.406249238513208 0.0001 11.216854007594183
15.462713682502532 0.0001 9.536560728509025
20.961799924531267 0.0001 7.449755230505642
28.416555146674987 0.0001 4.479056345212455
38.52248420036753 0.0001 1.2667607517014838
52.22243798756887 0.0001 0.0
70.79457843841381 0.0001 0.0
1.0 0.0002 88.15615684896828
1.3556352626674744 0.0002 95.82575315778524
1.837746965387512 0.0002 83.2429815254019
2.491314590139454 0.0002 53.898892019907485
3.3773139087910096 0.0002 41.19036804389835
4.578405827854414 0.0002 45.587378861466384
6.2066483870417155 0.0002 43.43208670536719
8.413951416451951 0.0002 40.122561991845195
11.406249238513208 0.0002 36.52861439888957
15.462713682502532 0.0002 31.63905098041282
20.961799924531267 0.0002 25.473034050577226
28.416555146674987 0.0002 16.303339294730865
38.52248420036753 0.0002 4.884028637633149
52.22243798756887 0.0002 0.0
70.79457843841381 0.0002 0.0
1.0 0.0003 1.4754673540916348
1.3556352626674744 0.0003 0.0
1.837746965387512 0.0003 11.26272882622483
2.491314590139454 0.0003 32.23358053878523
3.3773139087910096 0.0003 11.591467413408624
4.578405827854414 0.0003 24.31742265136788
6.2066483870417155 0.0003 19.80285080664469
8.413951416451951 0.0003 30.707696577441556
11.406249238513208 0.0003 42.00010729136941
15.462713682502532 0.0003 51.97341809322355
20.961799924531267 0.0003 46.05206267518403
28.416555146674987 0.0003 32.65674412929724
38.52248420036753 0.0003 10.497782643154176
52.22243798756887 0.0003 0.0
70.79457843841381 0.0003 0.0
1.0 0.0004 0.0
1.3556352626674744 0.0004 0.0
1.837746965387512 0.0004 0.0
2.491314590139454 0.0004 0.0
3.3773139087910096 0.0004 0.0
4.578405827854414 0.0004 0.0
6.2066483870417155 0.0004 0.0
8.413951416451951 0.0004 0.0
11.406249238513208 0.0004 10.96396016863665
15.462713682502532 0.0004 14.491980074592274
20.961799924531267 0.0004 14.279539619629741
28.416555146674987 0.0004 10.308902196846585
38.52248420036753 0.0004 10.706292008177604
52.22243798756887 0.0004 0.0
70.79457843841381 0.0004 0.0
1.0 0.0005 0.0
1.3556352626674744 0.0005 0.0
1.837746965387512 0.0005 0.0
2.491314590139454 0.0005 0.0
3.3773139087910096 0.0005 0.0
4.578405827854414 0.0005 0.0
6.2066483870417155 0.0005 0.0
8.413951416451951 0.0005 0.0
11.406249238513208 0.0005 2.0159586139828867
15.462713682502532 0.0005 7.860006026408548
20.961799924531267 0.0005 11.22446940280999
28.416555146674987 0.0005 9.80462827741397
38.52248420036753 0.0005 2.5809633234907796
52.22243798756887 0.0005 0.0
70.79457843841381 0.0005 0.0
