# log10(y)    mass[MeV]    Nhits
-13.3  5  8.438767e-15
-13.7  5  1.466178e-11
-14  5  8.306652e-09
-14.3  5  1.366732e-06
-14.7  5  6.163055e-05
-15  5  1.176209e-03
-15.3  5  1.159747e-02
-15.7  5  5.521047e-02
-16  5  1.767508e-01
-16.3  5  5.584206e-01
-16.7  5  6.799568e-01
-17  5  1.109384e+00
-17.3  5  1.133579e+00
-17.7  5  1.642244e+00
-18  5  1.729024e+00
-18.3  5  1.529583e+00
-18.7  5  1.063310e+00
-19  5  7.914716e-01
-19.3  5  5.375008e-01
-19.7  5  2.565881e-01
-20  5  1.596211e-01
-20.3  5  9.652521e-02
-20.7  5  4.872583e-02
-21  5  2.776963e-02
-21.3  5  9.648334e-03
-21.7  5  1.530794e-03
-2.200000e+01  5.000000e+00  0.0
-13.3  6  1.551236e-11
-13.7  6  6.332670e-09
-14  6  5.103569e-07
-14.3  6  3.558388e-05
-14.7  6  7.348559e-04
-15  6  6.582273e-03
-15.3  6  4.557295e-02
-15.7  6  1.199747e-01
-16  6  3.311032e-01
-16.3  6  6.334932e-01
-16.7  6  8.744002e-01
-17  6  9.962118e-01
-17.3  6  2.213497e+00
-17.7  6  2.230236e+00
-18  6  2.218093e+00
-18.3  6  1.726762e+00
-18.7  6  1.133180e+00
-19  6  8.191516e-01
-19.3  6  5.308446e-01
-19.7  6  2.446838e-01
-20  6  1.626229e-01
-20.3  6  1.177304e-01
-20.7  6  5.403904e-02
-21  6  1.800667e-02
-21.3  6  3.866766e-03
-2.170000e+01  6.000000e+00  0.0
-2.200000e+01  6.000000e+00  0.0
-13.3  8  1.879817e-08
-13.7  8  1.169936e-06
-14  8  3.059394e-05
-14.3  8  6.221830e-04
-14.7  8  4.677414e-03
-15  8  3.313556e-02
-15.3  8  1.077563e-01
-15.7  8  2.168496e-01
-16  8  3.872717e-01
-16.3  8  6.097004e-01
-16.7  8  5.667560e-01
-17  8  1.201203e+00
-17.3  8  1.788256e+00
-17.7  8  1.912138e+00
-18  8  1.705180e+00
-18.3  8  1.511583e+00
-18.7  8  8.972843e-01
-19  8  6.319699e-01
-19.3  8  4.229855e-01
-19.7  8  2.198004e-01
-20  8  1.794629e-01
-20.3  8  1.075016e-01
-20.7  8  3.013057e-02
-21  8  6.695170e-03
-2.130000e+01  8.000000e+00  0.0
-2.170000e+01  8.000000e+00  0.0
-2.200000e+01  8.000000e+00  0.0
-13.3  9  4.980006e-07
-13.7  9  2.535630e-05
-14  9  5.047772e-04
-14.3  9  6.391100e-03
-14.7  9  2.767192e-02
-15  9  1.200532e-01
-15.3  9  3.575114e-01
-15.7  9  4.894724e-01
-16  9  6.471430e-01
-16.3  9  7.053705e-01
-16.7  9  1.121085e+00
-17  9  2.083317e+00
-17.3  9  2.427819e+00
-17.7  9  2.158055e+00
-18  9  2.053833e+00
-18.3  9  1.644990e+00
-18.7  9  9.455749e-01
-19  9  6.646708e-01
-19.3  9  4.715252e-01
-19.7  9  2.945064e-01
-20  9  1.689033e-01
-20.3  9  5.976058e-02
-20.7  9  1.123274e-02
-2.100000e+01  9.000000e+00  0.0
-2.130000e+01  9.000000e+00  0.0
-2.170000e+01  9.000000e+00  0.0
-2.200000e+01  9.000000e+00  0.0
-13.3  11  4.486928e-06
-13.7  11  1.188107e-04
-14  11  1.929095e-03
-14.3  11  1.393988e-02
-14.7  11  7.283742e-02
-15  11  3.237175e-01
-15.3  11  6.973928e-01
-15.7  11  7.018920e-01
-16  11  7.113349e-01
-16.3  11  1.193772e+00
-16.7  11  1.167869e+00
-17  11  1.927054e+00
-17.3  11  2.015855e+00
-17.7  11  1.715038e+00
-18  11  1.573508e+00
-18.3  11  1.235709e+00
-18.7  11  8.252696e-01
-19  11  6.175017e-01
-19.3  11  4.265730e-01
-19.7  11  2.126869e-01
-20  11  7.160451e-02
-20.3  11  1.862894e-02
-2.070000e+01  1.100000e+01  0.0
-2.100000e+01  1.100000e+01  0.0
-2.130000e+01  1.100000e+01  0.0
-2.170000e+01  1.100000e+01  0.0
-2.200000e+01  1.100000e+01  0.0
-13.3  14  1.556718e-04
-13.7  14  1.194915e-03
-14  14  5.667661e-03
-14.3  14  3.157552e-02
-14.7  14  1.828677e-01
-15  14  4.551288e-01
-15.3  14  9.258661e-01
-15.7  14  6.204320e-01
-16  14  1.199976e+00
-16.3  14  1.450328e+00
-16.7  14  1.590117e+00
-17  14  1.460354e+00
-17.3  14  1.704893e+00
-17.7  14  1.175702e+00
-18  14  9.251665e-01
-18.3  14  7.902342e-01
-18.7  14  4.508564e-01
-19  14  3.389418e-01
-19.3  14  1.974017e-01
-19.7  14  5.461169e-02
-20  14  1.304293e-02
-2.030000e+01  1.400000e+01  0.0
-2.070000e+01  1.400000e+01  0.0
-2.100000e+01  1.400000e+01  0.0
-2.130000e+01  1.400000e+01  0.0
-2.170000e+01  1.400000e+01  0.0
-2.200000e+01  1.400000e+01  0.0
-13.3  17  5.566001e-04
-13.7  17  3.406994e-03
-14  17  2.204705e-02
-14.3  17  7.888909e-02
-14.7  17  2.088274e-01
-15  17  6.514365e-01
-15.3  17  1.077776e+00
-15.7  17  1.068177e+00
-16  17  1.384209e+00
-16.3  17  2.015168e+00
-16.7  17  1.621104e+00
-17  17  1.540599e+00
-17.3  17  1.392302e+00
-17.7  17  8.928678e-01
-18  17  7.153418e-01
-18.3  17  5.488077e-01
-18.7  17  3.660360e-01
-19  17  2.342902e-01
-19.3  17  7.714061e-02
-19.7  17  1.613822e-02
-2.000000e+01  1.700000e+01  0.0
-2.030000e+01  1.700000e+01  0.0
-2.070000e+01  1.700000e+01  0.0
-2.100000e+01  1.700000e+01  0.0
-2.130000e+01  1.700000e+01  0.0
-2.170000e+01  1.700000e+01  0.0
-2.200000e+01  1.700000e+01  0.0
-13.3  21  2.353469e-03
-13.7  21  9.178011e-03
-14  21  3.599491e-02
-14.3  21  1.120034e-01
-14.7  21  1.746022e-01
-15  21  7.672830e-01
-15.3  21  1.365190e+00
-15.7  21  1.487477e+00
-16  21  1.951743e+00
-16.3  21  1.698980e+00
-16.7  21  1.375917e+00
-17  21  1.143094e+00
-17.3  21  8.199600e-01
-17.7  21  4.529631e-01
-18  21  3.355546e-01
-18.3  21  2.740547e-01
-18.7  21  1.359997e-01
-19  21  4.469724e-02
-19.3  21  1.036808e-02
-1.970000e+01  2.100000e+01  0.0
-2.000000e+01  2.100000e+01  0.0
-2.030000e+01  2.100000e+01  0.0
-2.070000e+01  2.100000e+01  0.0
-2.100000e+01  2.100000e+01  0.0
-2.130000e+01  2.100000e+01  0.0
-2.170000e+01  2.100000e+01  0.0
-2.200000e+01  2.100000e+01  0.0
-13.3  26  3.891609e-03
-13.7  26  1.189923e-02
-14  26  4.460805e-02
-14.3  26  2.642461e-01
-14.7  26  3.884362e-01
-15  26  6.293952e-01
-15.3  26  1.512900e+00
-15.7  26  1.479282e+00
-16  26  1.859422e+00
-16.3  26  1.663577e+00
-16.7  26  1.230268e+00
-17  26  9.331913e-01
-17.3  26  6.080709e-01
-17.7  26  3.529555e-01
-18  26  2.921800e-01
-18.3  26  1.709809e-01
-18.7  26  4.831187e-02
-19  26  1.084195e-02
-1.930000e+01  2.600000e+01  0.0
-1.970000e+01  2.600000e+01  0.0
-2.000000e+01  2.600000e+01  0.0
-2.030000e+01  2.600000e+01  0.0
-2.070000e+01  2.600000e+01  0.0
-2.100000e+01  2.600000e+01  0.0
-2.130000e+01  2.600000e+01  0.0
-2.170000e+01  2.600000e+01  0.0
-2.200000e+01  2.600000e+01  0.0
-13.3  32  6.834874e-03
-13.7  32  1.011929e-02
-14  32  1.086682e-01
-14.3  32  1.537063e-01
-14.7  32  4.417696e-01
-15  32  6.043987e-01
-15.3  32  1.579849e+00
-15.7  32  1.254704e+00
-16  32  1.552473e+00
-16.3  32  1.484461e+00
-16.7  32  9.202788e-01
-17  32  7.139593e-01
-17.3  32  5.373157e-01
-17.7  32  3.100300e-01
-18  32  1.891743e-01
-18.3  32  6.751015e-02
-18.7  32  1.209539e-02
-1.900000e+01  3.200000e+01  0.0
-1.930000e+01  3.200000e+01  0.0
-1.970000e+01  3.200000e+01  0.0
-2.000000e+01  3.200000e+01  0.0
-2.030000e+01  3.200000e+01  0.0
-2.070000e+01  3.200000e+01  0.0
-2.100000e+01  3.200000e+01  0.0
-2.130000e+01  3.200000e+01  0.0
-2.170000e+01  3.200000e+01  0.0
-2.200000e+01  3.200000e+01  0.0
-13.3  39  6.778253e-03
-13.7  39  5.258907e-02
-14  39  1.257252e-01
-14.3  39  2.584869e-01
-14.7  39  4.779182e-01
-15  39  7.378020e-01
-15.3  39  1.507441e+00
-15.7  39  1.280261e+00
-16  39  1.380885e+00
-16.3  39  1.130098e+00
-16.7  39  7.021246e-01
-17  39  5.231993e-01
-17.3  39  3.900739e-01
-17.7  39  2.063025e-01
-18  39  7.080800e-02
-1.830000e+01  3.900000e+01  0.0
-1.870000e+01  3.900000e+01  0.0
-1.900000e+01  3.900000e+01  0.0
-1.930000e+01  3.900000e+01  0.0
-1.970000e+01  3.900000e+01  0.0
-2.000000e+01  3.900000e+01  0.0
-2.030000e+01  3.900000e+01  0.0
-2.070000e+01  3.900000e+01  0.0
-2.100000e+01  3.900000e+01  0.0
-2.130000e+01  3.900000e+01  0.0
-2.170000e+01  3.900000e+01  0.0
-2.200000e+01  3.900000e+01  0.0
-13.3  48  1.434353e-02
-13.7  48  2.462371e-02
-14  48  7.003314e-02
-14.3  48  4.772176e-01
-14.7  48  2.357193e-01
-15  48  7.685194e-01
-15.3  48  7.789812e-01
-15.7  48  8.907346e-01
-16  48  8.164354e-01
-16.3  48  7.248470e-01
-16.7  48  4.435679e-01
-17  48  3.270371e-01
-17.3  48  2.296938e-01
-17.7  48  7.193293e-02
-1.800000e+01  4.800000e+01  0.0
-1.830000e+01  4.800000e+01  0.0
-1.870000e+01  4.800000e+01  0.0
-1.900000e+01  4.800000e+01  0.0
-1.930000e+01  4.800000e+01  0.0
-1.970000e+01  4.800000e+01  0.0
-2.000000e+01  4.800000e+01  0.0
-2.030000e+01  4.800000e+01  0.0
-2.070000e+01  4.800000e+01  0.0
-2.100000e+01  4.800000e+01  0.0
-2.130000e+01  4.800000e+01  0.0
-2.170000e+01  4.800000e+01  0.0
-2.200000e+01  4.800000e+01  0.0
-13.3  58  8.148426e-03
-13.7  58  2.900841e-02
-14  58  1.147060e-01
-14.3  58  2.115393e-01
-14.7  58  1.950437e-01
-15  58  3.245759e-01
-15.3  58  5.749398e-01
-15.7  58  4.945509e-01
-16  58  4.130683e-01
-16.3  58  3.231660e-01
-16.7  58  2.048662e-01
-17  58  1.429993e-01
-17.3  58  6.007194e-02
-1.770000e+01  5.800000e+01  0.0
-1.800000e+01  5.800000e+01  0.0
-1.830000e+01  5.800000e+01  0.0
-1.870000e+01  5.800000e+01  0.0
-1.900000e+01  5.800000e+01  0.0
-1.930000e+01  5.800000e+01  0.0
-1.970000e+01  5.800000e+01  0.0
-2.000000e+01  5.800000e+01  0.0
-2.030000e+01  5.800000e+01  0.0
-2.070000e+01  5.800000e+01  0.0
-2.100000e+01  5.800000e+01  0.0
-2.130000e+01  5.800000e+01  0.0
-2.170000e+01  5.800000e+01  0.0
-2.200000e+01  5.800000e+01  0.0
-13.3  88  3.901501e-03
-13.7  88  5.323817e-03
-14  88  8.522510e-03
-14.3  88  2.128914e-02
-14.7  88  2.864751e-02
-15  88  3.524401e-02
-15.3  88  3.981844e-02
-15.7  88  2.530014e-02
-16  88  2.592905e-02
-16.3  88  2.306695e-02
-16.7  88  1.048725e-02
-17  88  2.820577e-03
-1.730000e+01  8.800000e+01  0.0
-1.770000e+01  8.800000e+01  0.0
-1.800000e+01  8.800000e+01  0.0
-1.830000e+01  8.800000e+01  0.0
-1.870000e+01  8.800000e+01  0.0
-1.900000e+01  8.800000e+01  0.0
-1.930000e+01  8.800000e+01  0.0
-1.970000e+01  8.800000e+01  0.0
-2.000000e+01  8.800000e+01  0.0
-2.030000e+01  8.800000e+01  0.0
-2.070000e+01  8.800000e+01  0.0
-2.100000e+01  8.800000e+01  0.0
-2.130000e+01  8.800000e+01  0.0
-2.170000e+01  8.800000e+01  0.0
-2.200000e+01  8.800000e+01  0.0
-13.3  108  0.000000e+00
-13.7  108  0.000000e+00
-14  108  0.000000e+00
-14.3  108  0.000000e+00
-14.7  108  0.000000e+00
-15  108  0.000000e+00
-15.3  108  0.000000e+00
-15.7  108  0.000000e+00
-16  108  0.000000e+00
-16.3  108  0.000000e+00
-16.7  108  0.000000e+00
-1.700000e+01  1.080000e+02  0.0
-1.730000e+01  1.080000e+02  0.0
-1.770000e+01  1.080000e+02  0.0
-1.800000e+01  1.080000e+02  0.0
-1.830000e+01  1.080000e+02  0.0
-1.870000e+01  1.080000e+02  0.0
-1.900000e+01  1.080000e+02  0.0
-1.930000e+01  1.080000e+02  0.0
-1.970000e+01  1.080000e+02  0.0
-2.000000e+01  1.080000e+02  0.0
-2.030000e+01  1.080000e+02  0.0
-2.070000e+01  1.080000e+02  0.0
-2.100000e+01  1.080000e+02  0.0
-2.130000e+01  1.080000e+02  0.0
-2.170000e+01  1.080000e+02  0.0
-2.200000e+01  1.080000e+02  0.0
-13.3  132  0.000000e+00
-13.7  132  0.000000e+00
-14  132  0.000000e+00
-14.3  132  0.000000e+00
-14.7  132  0.000000e+00
-15  132  0.000000e+00
-15.3  132  0.000000e+00
-15.7  132  0.000000e+00
-16  132  0.000000e+00
-16.3  132  0.000000e+00
-1.670000e+01  1.320000e+02  0.0
-1.700000e+01  1.320000e+02  0.0
-1.730000e+01  1.320000e+02  0.0
-1.770000e+01  1.320000e+02  0.0
-1.800000e+01  1.320000e+02  0.0
-1.830000e+01  1.320000e+02  0.0
-1.870000e+01  1.320000e+02  0.0
-1.900000e+01  1.320000e+02  0.0
-1.930000e+01  1.320000e+02  0.0
-1.970000e+01  1.320000e+02  0.0
-2.000000e+01  1.320000e+02  0.0
-2.030000e+01  1.320000e+02  0.0
-2.070000e+01  1.320000e+02  0.0
-2.100000e+01  1.320000e+02  0.0
-2.130000e+01  1.320000e+02  0.0
-2.170000e+01  1.320000e+02  0.0
-2.200000e+01  1.320000e+02  0.0
-13.3  162  0.000000e+00
-13.7  162  0.000000e+00
-14  162  0.000000e+00
-14.3  162  0.000000e+00
-14.7  162  0.000000e+00
-15  162  0.000000e+00
-15.3  162  0.000000e+00
-15.7  162  0.000000e+00
-16  162  0.000000e+00
-1.630000e+01  1.620000e+02  0.0
-1.670000e+01  1.620000e+02  0.0
-1.700000e+01  1.620000e+02  0.0
-1.730000e+01  1.620000e+02  0.0
-1.770000e+01  1.620000e+02  0.0
-1.800000e+01  1.620000e+02  0.0
-1.830000e+01  1.620000e+02  0.0
-1.870000e+01  1.620000e+02  0.0
-1.900000e+01  1.620000e+02  0.0
-1.930000e+01  1.620000e+02  0.0
-1.970000e+01  1.620000e+02  0.0
-2.000000e+01  1.620000e+02  0.0
-2.030000e+01  1.620000e+02  0.0
-2.070000e+01  1.620000e+02  0.0
-2.100000e+01  1.620000e+02  0.0
-2.130000e+01  1.620000e+02  0.0
-2.170000e+01  1.620000e+02  0.0
-2.200000e+01  1.620000e+02  0.0
-13.3  199  0.000000e+00
-13.7  199  0.000000e+00
-14  199  0.000000e+00
-14.3  199  0.000000e+00
-14.7  199  0.000000e+00
-15  199  0.000000e+00
-15.3  199  0.000000e+00
-15.7  199  0.000000e+00
-1.600000e+01  1.990000e+02  0.0
-1.630000e+01  1.990000e+02  0.0
-1.670000e+01  1.990000e+02  0.0
-1.700000e+01  1.990000e+02  0.0
-1.730000e+01  1.990000e+02  0.0
-1.770000e+01  1.990000e+02  0.0
-1.800000e+01  1.990000e+02  0.0
-1.830000e+01  1.990000e+02  0.0
-1.870000e+01  1.990000e+02  0.0
-1.900000e+01  1.990000e+02  0.0
-1.930000e+01  1.990000e+02  0.0
-1.970000e+01  1.990000e+02  0.0
-2.000000e+01  1.990000e+02  0.0
-2.030000e+01  1.990000e+02  0.0
-2.070000e+01  1.990000e+02  0.0
-2.100000e+01  1.990000e+02  0.0
-2.130000e+01  1.990000e+02  0.0
-2.170000e+01  1.990000e+02  0.0
-2.200000e+01  1.990000e+02  0.0
-13.3  244  0.000000e+00
-13.7  244  0.000000e+00
-14  244  0.000000e+00
-14.3  244  0.000000e+00
-14.7  244  0.000000e+00
-15  244  0.000000e+00
-15.3  244  0.000000e+00
-15.7  244  0.000000e+00
-1.600000e+01  2.440000e+02  0.0
-1.630000e+01  2.440000e+02  0.0
-1.670000e+01  2.440000e+02  0.0
-1.700000e+01  2.440000e+02  0.0
-1.730000e+01  2.440000e+02  0.0
-1.770000e+01  2.440000e+02  0.0
-1.800000e+01  2.440000e+02  0.0
-1.830000e+01  2.440000e+02  0.0
-1.870000e+01  2.440000e+02  0.0
-1.900000e+01  2.440000e+02  0.0
-1.930000e+01  2.440000e+02  0.0
-1.970000e+01  2.440000e+02  0.0
-2.000000e+01  2.440000e+02  0.0
-2.030000e+01  2.440000e+02  0.0
-2.070000e+01  2.440000e+02  0.0
-2.100000e+01  2.440000e+02  0.0
-2.130000e+01  2.440000e+02  0.0
-2.170000e+01  2.440000e+02  0.0
-2.200000e+01  2.440000e+02  0.0
-13.3  300  0.000000e+00
-13.7  300  0.000000e+00
-14  300  0.000000e+00
-14.3  300  0.000000e+00
-14.7  300  0.000000e+00
-15  300  0.000000e+00
-15.3  300  0.000000e+00
-1.570000e+01  3.000000e+02  0.0
-1.600000e+01  3.000000e+02  0.0
-1.630000e+01  3.000000e+02  0.0
-1.670000e+01  3.000000e+02  0.0
-1.700000e+01  3.000000e+02  0.0
-1.730000e+01  3.000000e+02  0.0
-1.770000e+01  3.000000e+02  0.0
-1.800000e+01  3.000000e+02  0.0
-1.830000e+01  3.000000e+02  0.0
-1.870000e+01  3.000000e+02  0.0
-1.900000e+01  3.000000e+02  0.0
-1.930000e+01  3.000000e+02  0.0
-1.970000e+01  3.000000e+02  0.0
-2.000000e+01  3.000000e+02  0.0
-2.030000e+01  3.000000e+02  0.0
-2.070000e+01  3.000000e+02  0.0
-2.100000e+01  3.000000e+02  0.0
-2.130000e+01  3.000000e+02  0.0
-2.170000e+01  3.000000e+02  0.0
-2.200000e+01  3.000000e+02  0.0
