# log10(y)    mass[MeV]    Nhits
-13.3  5  8.834574e-15
-13.7  5  1.954681e-11
-14  5  2.266954e-08
-14.3  5  8.996315e-06
-14.7  5  7.868346e-04
-15  5  2.218321e-02
-15.3  5  2.429083e-01
-15.7  5  9.722712e-01
-16  5  2.164901e+00
-16.3  5  4.441277e+00
-16.7  5  3.483152e+00
-17  5  3.862714e+00
-17.3  5  3.225751e+00
-17.7  5  2.556557e+00
-18  5  2.037089e+00
-18.3  5  1.789776e+00
-18.7  5  1.655813e+00
-19  5  1.970616e+00
-19.3  5  2.052620e+00
-19.7  5  1.479934e+00
-20  5  1.348432e+00
-20.3  5  1.230380e+00
-20.7  5  7.703349e-01
-21  5  4.917278e-01
-21.3  5  2.094035e-01
-21.7  5  4.363831e-02
-2.200000e+01  5.000000e+00  0.0
-13.3  6  1.007491e-11
-13.7  6  4.950611e-09
-14  6  5.343186e-07
-14.3  6  6.019868e-05
-14.7  6  2.478583e-03
-15  6  4.239605e-02
-15.3  6  4.477075e-01
-15.7  6  1.364048e+00
-16  6  3.395693e+00
-16.3  6  5.009646e+00
-16.7  6  5.103122e+00
-17  6  4.992924e+00
-17.3  6  6.489694e+00
-17.7  6  4.586630e+00
-18  6  3.416523e+00
-18.3  6  2.127319e+00
-18.7  6  1.291357e+00
-19  6  1.017885e+00
-19.3  6  8.112151e-01
-19.7  6  5.237046e-01
-20  6  4.709786e-01
-20.3  6  4.190626e-01
-20.7  6  2.181887e-01
-21  6  8.932071e-02
-21.3  6  2.543594e-02
-2.170000e+01  6.000000e+00  0.0
-2.200000e+01  6.000000e+00  0.0
-13.3  8  1.066638e-08
-13.7  8  8.150407e-07
-14  8  2.494535e-05
-14.3  8  5.648637e-04
-14.7  8  4.976958e-03
-15  8  5.548672e-02
-15.3  8  3.688394e-01
-15.7  8  1.348963e+00
-16  8  3.378486e+00
-16.3  8  5.774316e+00
-16.7  8  5.215486e+00
-17  8  8.762249e+00
-17.3  8  9.826141e+00
-17.7  8  8.195702e+00
-18  8  5.577499e+00
-18.3  8  3.724198e+00
-18.7  8  1.738744e+00
-19  8  9.655222e-01
-19.3  8  4.902906e-01
-19.7  8  2.048654e-01
-20  8  1.449647e-01
-20.3  8  7.968624e-02
-20.7  8  1.922493e-02
-21  8  3.526825e-03
-2.130000e+01  8.000000e+00  0.0
-2.170000e+01  8.000000e+00  0.0
-2.200000e+01  8.000000e+00  0.0
-13.3  9  1.771176e-07
-13.7  9  1.071734e-05
-14  9  2.541026e-04
-14.3  9  3.826720e-03
-14.7  9  2.086642e-02
-15  9  1.496130e-01
-15.3  9  9.347631e-01
-15.7  9  2.447501e+00
-16  9  4.699171e+00
-16.3  9  5.598082e+00
-16.7  9  8.898109e+00
-17  9  1.382709e+01
-17.3  9  1.325795e+01
-17.7  9  9.360833e+00
-18  9  6.907605e+00
-18.3  9  4.421997e+00
-18.7  9  2.022357e+00
-19  9  1.081444e+00
-19.3  9  6.147898e-01
-19.7  9  3.279701e-01
-20  9  1.718655e-01
-20.3  9  5.243303e-02
-20.7  9  7.928607e-03
-2.100000e+01  9.000000e+00  0.0
-2.130000e+01  9.000000e+00  0.0
-2.170000e+01  9.000000e+00  0.0
-2.200000e+01  9.000000e+00  0.0
-13.3  11  6.980296e-06
-13.7  11  1.393208e-04
-14  11  1.785254e-03
-14.3  11  1.120567e-02
-14.7  11  5.706196e-02
-15  11  3.103971e-01
-15.3  11  1.137195e+00
-15.7  11  2.205533e+00
-16  11  2.941713e+00
-16.3  11  7.819956e+00
-16.7  11  8.670664e+00
-17  11  1.362349e+01
-17.3  11  1.258187e+01
-17.7  11  9.271555e+00
-18  11  6.921069e+00
-18.3  11  4.489440e+00
-18.7  11  2.349484e+00
-19  11  1.427118e+00
-19.3  11  8.449646e-01
-19.7  11  3.848746e-01
-20  11  1.113299e-01
-20.3  11  2.271450e-02
-2.070000e+01  1.100000e+01  0.0
-2.100000e+01  1.100000e+01  0.0
-2.130000e+01  1.100000e+01  0.0
-2.170000e+01  1.100000e+01  0.0
-2.200000e+01  1.100000e+01  0.0
-13.3  14  1.007622e-04
-13.7  14  9.518913e-04
-14  14  5.091698e-03
-14.3  14  2.889005e-02
-14.7  14  1.630465e-01
-15  14  4.198353e-01
-15.3  14  1.106229e+00
-15.7  14  9.458112e-01
-16  14  3.379768e+00
-16.3  14  6.904203e+00
-16.7  14  9.404775e+00
-17  14  9.553478e+00
-17.3  14  1.119304e+01
-17.7  14  7.242417e+00
-18  14  5.240863e+00
-18.3  14  3.973931e+00
-18.7  14  2.041586e+00
-19  14  1.420415e+00
-19.3  14  7.907728e-01
-19.7  14  2.018399e-01
-20  14  4.308783e-02
-2.030000e+01  1.400000e+01  0.0
-2.070000e+01  1.400000e+01  0.0
-2.100000e+01  1.400000e+01  0.0
-2.130000e+01  1.400000e+01  0.0
-2.170000e+01  1.400000e+01  0.0
-2.200000e+01  1.400000e+01  0.0
-13.3  17  4.368479e-04
-13.7  17  2.800845e-03
-14  17  1.926420e-02
-14.3  17  7.032260e-02
-14.7  17  1.829679e-01
-15  17  5.775406e-01
-15.3  17  1.028123e+00
-15.7  17  1.407396e+00
-16  17  3.255896e+00
-16.3  17  7.422100e+00
-16.7  17  8.043249e+00
-17  17  9.252633e+00
-17.3  17  9.128721e+00
-17.7  17  5.905950e+00
-18  17  4.531072e+00
-18.3  17  3.259323e+00
-18.7  17  2.052787e+00
-19  17  1.267063e+00
-19.3  17  3.894159e-01
-19.7  17  7.349671e-02
-2.000000e+01  1.700000e+01  0.0
-2.030000e+01  1.700000e+01  0.0
-2.070000e+01  1.700000e+01  0.0
-2.100000e+01  1.700000e+01  0.0
-2.130000e+01  1.700000e+01  0.0
-2.170000e+01  1.700000e+01  0.0
-2.200000e+01  1.700000e+01  0.0
-13.3  21  2.330772e-03
-13.7  21  8.282491e-03
-14  21  3.144772e-02
-14.3  21  9.717737e-02
-14.7  21  1.496778e-01
-15  21  6.540541e-01
-15.3  21  1.210628e+00
-15.7  21  1.681706e+00
-16  21  3.247942e+00
-16.3  21  4.525141e+00
-16.7  21  5.070253e+00
-17  21  5.926175e+00
-17.3  21  5.599304e+00
-17.7  21  3.706899e+00
-18  21  3.240059e+00
-18.3  21  2.860303e+00
-18.7  21  1.474293e+00
-19  21  5.133595e-01
-19.3  21  1.270494e-01
-1.970000e+01  2.100000e+01  0.0
-2.000000e+01  2.100000e+01  0.0
-2.030000e+01  2.100000e+01  0.0
-2.070000e+01  2.100000e+01  0.0
-2.100000e+01  2.100000e+01  0.0
-2.130000e+01  2.100000e+01  0.0
-2.170000e+01  2.100000e+01  0.0
-2.200000e+01  2.100000e+01  0.0
-13.3  26  5.348141e-03
-13.7  26  1.416755e-02
-14  26  4.775906e-02
-14.3  26  2.636114e-01
-14.7  26  3.717537e-01
-15  26  5.816113e-01
-15.3  26  1.334552e+00
-15.7  26  1.281211e+00
-16  26  1.605496e+00
-16.3  26  1.448361e+00
-16.7  26  1.087318e+00
-17  26  8.370273e-01
-17.3  26  5.550357e-01
-17.7  26  3.270529e-01
-18  26  2.726557e-01
-18.3  26  1.602021e-01
-18.7  26  4.549553e-02
-19  26  1.026576e-02
-1.930000e+01  2.600000e+01  0.0
-1.970000e+01  2.600000e+01  0.0
-2.000000e+01  2.600000e+01  0.0
-2.030000e+01  2.600000e+01  0.0
-2.070000e+01  2.600000e+01  0.0
-2.100000e+01  2.600000e+01  0.0
-2.130000e+01  2.600000e+01  0.0
-2.170000e+01  2.600000e+01  0.0
-2.200000e+01  2.600000e+01  0.0
-13.3  32  8.363358e-03
-13.7  32  1.171893e-02
-14  32  1.175029e-01
-14.3  32  1.578756e-01
-14.7  32  4.405678e-01
-15  32  5.668050e-01
-15.3  32  1.424002e+00
-15.7  32  1.104493e+00
-16  32  1.345203e+00
-16.3  32  1.277642e+00
-16.7  32  7.936859e-01
-17  32  6.215385e-01
-17.3  32  4.733937e-01
-17.7  32  2.766917e-01
-18  32  1.699723e-01
-18.3  32  6.143875e-02
-18.7  32  1.123616e-02
-1.900000e+01  3.200000e+01  0.0
-1.930000e+01  3.200000e+01  0.0
-1.970000e+01  3.200000e+01  0.0
-2.000000e+01  3.200000e+01  0.0
-2.030000e+01  3.200000e+01  0.0
-2.070000e+01  3.200000e+01  0.0
-2.100000e+01  3.200000e+01  0.0
-2.130000e+01  3.200000e+01  0.0
-2.170000e+01  3.200000e+01  0.0
-2.200000e+01  3.200000e+01  0.0
-13.3  39  7.802843e-03
-13.7  39  5.758573e-02
-14  39  1.344204e-01
-14.3  39  2.601430e-01
-14.7  39  4.609286e-01
-15  39  6.865361e-01
-15.3  39  1.356968e+00
-15.7  39  1.124295e+00
-16  39  1.188062e+00
-16.3  39  9.566747e-01
-16.7  39  5.882047e-01
-17  39  4.346501e-01
-17.3  39  3.232841e-01
-17.7  39  1.703793e-01
-18  39  5.821420e-02
-1.830000e+01  3.900000e+01  0.0
-1.870000e+01  3.900000e+01  0.0
-1.900000e+01  3.900000e+01  0.0
-1.930000e+01  3.900000e+01  0.0
-1.970000e+01  3.900000e+01  0.0
-2.000000e+01  3.900000e+01  0.0
-2.030000e+01  3.900000e+01  0.0
-2.070000e+01  3.900000e+01  0.0
-2.100000e+01  3.900000e+01  0.0
-2.130000e+01  3.900000e+01  0.0
-2.170000e+01  3.900000e+01  0.0
-2.200000e+01  3.900000e+01  0.0
-13.3  48  1.615482e-02
-13.7  48  2.746963e-02
-14  48  7.607914e-02
-14.3  48  4.965540e-01
-14.7  48  2.369670e-01
-15  48  7.435141e-01
-15.3  48  7.268743e-01
-15.7  48  7.997433e-01
-16  48  7.045471e-01
-16.3  48  6.014377e-01
-16.7  48  3.561110e-01
-17  48  2.598288e-01
-17.3  48  1.789616e-01
-17.7  48  5.441837e-02
-1.800000e+01  4.800000e+01  0.0
-1.830000e+01  4.800000e+01  0.0
-1.870000e+01  4.800000e+01  0.0
-1.900000e+01  4.800000e+01  0.0
-1.930000e+01  4.800000e+01  0.0
-1.970000e+01  4.800000e+01  0.0
-2.000000e+01  4.800000e+01  0.0
-2.030000e+01  4.800000e+01  0.0
-2.070000e+01  4.800000e+01  0.0
-2.100000e+01  4.800000e+01  0.0
-2.130000e+01  4.800000e+01  0.0
-2.170000e+01  4.800000e+01  0.0
-2.200000e+01  4.800000e+01  0.0
-13.3  58  9.011404e-03
-13.7  58  3.218954e-02
-14  58  1.248725e-01
-14.3  58  2.238880e-01
-14.7  58  2.009305e-01
-15  58  3.272170e-01
-15.3  58  5.687482e-01
-15.7  58  4.815678e-01
-16  58  3.971396e-01
-16.3  58  3.076004e-01
-16.7  58  1.946288e-01
-17  58  1.354402e-01
-17.3  58  5.664276e-02
-1.770000e+01  5.800000e+01  0.0
-1.800000e+01  5.800000e+01  0.0
-1.830000e+01  5.800000e+01  0.0
-1.870000e+01  5.800000e+01  0.0
-1.900000e+01  5.800000e+01  0.0
-1.930000e+01  5.800000e+01  0.0
-1.970000e+01  5.800000e+01  0.0
-2.000000e+01  5.800000e+01  0.0
-2.030000e+01  5.800000e+01  0.0
-2.070000e+01  5.800000e+01  0.0
-2.100000e+01  5.800000e+01  0.0
-2.130000e+01  5.800000e+01  0.0
-2.170000e+01  5.800000e+01  0.0
-2.200000e+01  5.800000e+01  0.0
-13.3  88  3.948289e-03
-13.7  88  5.453313e-03
-14  88  8.792057e-03
-14.3  88  2.205572e-02
-14.7  88  2.976560e-02
-15  88  3.670755e-02
-15.3  88  4.155324e-02
-15.7  88  2.644497e-02
-16  88  2.713845e-02
-16.3  88  2.414752e-02
-16.7  88  1.097912e-02
-17  88  2.953597e-03
-1.730000e+01  8.800000e+01  0.0
-1.770000e+01  8.800000e+01  0.0
-1.800000e+01  8.800000e+01  0.0
-1.830000e+01  8.800000e+01  0.0
-1.870000e+01  8.800000e+01  0.0
-1.900000e+01  8.800000e+01  0.0
-1.930000e+01  8.800000e+01  0.0
-1.970000e+01  8.800000e+01  0.0
-2.000000e+01  8.800000e+01  0.0
-2.030000e+01  8.800000e+01  0.0
-2.070000e+01  8.800000e+01  0.0
-2.100000e+01  8.800000e+01  0.0
-2.130000e+01  8.800000e+01  0.0
-2.170000e+01  8.800000e+01  0.0
-2.200000e+01  8.800000e+01  0.0
-13.3  108  0.000000e+00
-13.7  108  0.000000e+00
-14  108  0.000000e+00
-14.3  108  0.000000e+00
-14.7  108  0.000000e+00
-15  108  0.000000e+00
-15.3  108  0.000000e+00
-15.7  108  0.000000e+00
-16  108  0.000000e+00
-16.3  108  0.000000e+00
-16.7  108  0.000000e+00
-1.700000e+01  1.080000e+02  0.0
-1.730000e+01  1.080000e+02  0.0
-1.770000e+01  1.080000e+02  0.0
-1.800000e+01  1.080000e+02  0.0
-1.830000e+01  1.080000e+02  0.0
-1.870000e+01  1.080000e+02  0.0
-1.900000e+01  1.080000e+02  0.0
-1.930000e+01  1.080000e+02  0.0
-1.970000e+01  1.080000e+02  0.0
-2.000000e+01  1.080000e+02  0.0
-2.030000e+01  1.080000e+02  0.0
-2.070000e+01  1.080000e+02  0.0
-2.100000e+01  1.080000e+02  0.0
-2.130000e+01  1.080000e+02  0.0
-2.170000e+01  1.080000e+02  0.0
-2.200000e+01  1.080000e+02  0.0
-13.3  132  0.000000e+00
-13.7  132  0.000000e+00
-14  132  0.000000e+00
-14.3  132  0.000000e+00
-14.7  132  0.000000e+00
-15  132  0.000000e+00
-15.3  132  0.000000e+00
-15.7  132  0.000000e+00
-16  132  0.000000e+00
-16.3  132  0.000000e+00
-1.670000e+01  1.320000e+02  0.0
-1.700000e+01  1.320000e+02  0.0
-1.730000e+01  1.320000e+02  0.0
-1.770000e+01  1.320000e+02  0.0
-1.800000e+01  1.320000e+02  0.0
-1.830000e+01  1.320000e+02  0.0
-1.870000e+01  1.320000e+02  0.0
-1.900000e+01  1.320000e+02  0.0
-1.930000e+01  1.320000e+02  0.0
-1.970000e+01  1.320000e+02  0.0
-2.000000e+01  1.320000e+02  0.0
-2.030000e+01  1.320000e+02  0.0
-2.070000e+01  1.320000e+02  0.0
-2.100000e+01  1.320000e+02  0.0
-2.130000e+01  1.320000e+02  0.0
-2.170000e+01  1.320000e+02  0.0
-2.200000e+01  1.320000e+02  0.0
-13.3  162  0.000000e+00
-13.7  162  0.000000e+00
-14  162  0.000000e+00
-14.3  162  0.000000e+00
-14.7  162  0.000000e+00
-15  162  0.000000e+00
-15.3  162  0.000000e+00
-15.7  162  0.000000e+00
-16  162  0.000000e+00
-1.630000e+01  1.620000e+02  0.0
-1.670000e+01  1.620000e+02  0.0
-1.700000e+01  1.620000e+02  0.0
-1.730000e+01  1.620000e+02  0.0
-1.770000e+01  1.620000e+02  0.0
-1.800000e+01  1.620000e+02  0.0
-1.830000e+01  1.620000e+02  0.0
-1.870000e+01  1.620000e+02  0.0
-1.900000e+01  1.620000e+02  0.0
-1.930000e+01  1.620000e+02  0.0
-1.970000e+01  1.620000e+02  0.0
-2.000000e+01  1.620000e+02  0.0
-2.030000e+01  1.620000e+02  0.0
-2.070000e+01  1.620000e+02  0.0
-2.100000e+01  1.620000e+02  0.0
-2.130000e+01  1.620000e+02  0.0
-2.170000e+01  1.620000e+02  0.0
-2.200000e+01  1.620000e+02  0.0
-13.3  199  0.000000e+00
-13.7  199  0.000000e+00
-14  199  0.000000e+00
-14.3  199  0.000000e+00
-14.7  199  0.000000e+00
-15  199  0.000000e+00
-15.3  199  0.000000e+00
-15.7  199  0.000000e+00
-1.600000e+01  1.990000e+02  0.0
-1.630000e+01  1.990000e+02  0.0
-1.670000e+01  1.990000e+02  0.0
-1.700000e+01  1.990000e+02  0.0
-1.730000e+01  1.990000e+02  0.0
-1.770000e+01  1.990000e+02  0.0
-1.800000e+01  1.990000e+02  0.0
-1.830000e+01  1.990000e+02  0.0
-1.870000e+01  1.990000e+02  0.0
-1.900000e+01  1.990000e+02  0.0
-1.930000e+01  1.990000e+02  0.0
-1.970000e+01  1.990000e+02  0.0
-2.000000e+01  1.990000e+02  0.0
-2.030000e+01  1.990000e+02  0.0
-2.070000e+01  1.990000e+02  0.0
-2.100000e+01  1.990000e+02  0.0
-2.130000e+01  1.990000e+02  0.0
-2.170000e+01  1.990000e+02  0.0
-2.200000e+01  1.990000e+02  0.0
-13.3  244  0.000000e+00
-13.7  244  0.000000e+00
-14  244  0.000000e+00
-14.3  244  0.000000e+00
-14.7  244  0.000000e+00
-15  244  0.000000e+00
-15.3  244  0.000000e+00
-15.7  244  0.000000e+00
-1.600000e+01  2.440000e+02  0.0
-1.630000e+01  2.440000e+02  0.0
-1.670000e+01  2.440000e+02  0.0
-1.700000e+01  2.440000e+02  0.0
-1.730000e+01  2.440000e+02  0.0
-1.770000e+01  2.440000e+02  0.0
-1.800000e+01  2.440000e+02  0.0
-1.830000e+01  2.440000e+02  0.0
-1.870000e+01  2.440000e+02  0.0
-1.900000e+01  2.440000e+02  0.0
-1.930000e+01  2.440000e+02  0.0
-1.970000e+01  2.440000e+02  0.0
-2.000000e+01  2.440000e+02  0.0
-2.030000e+01  2.440000e+02  0.0
-2.070000e+01  2.440000e+02  0.0
-2.100000e+01  2.440000e+02  0.0
-2.130000e+01  2.440000e+02  0.0
-2.170000e+01  2.440000e+02  0.0
-2.200000e+01  2.440000e+02  0.0
-13.3  300  0.000000e+00
-13.7  300  0.000000e+00
-14  300  0.000000e+00
-14.3  300  0.000000e+00
-14.7  300  0.000000e+00
-15  300  0.000000e+00
-15.3  300  0.000000e+00
-1.570000e+01  3.000000e+02  0.0
-1.600000e+01  3.000000e+02  0.0
-1.630000e+01  3.000000e+02  0.0
-1.670000e+01  3.000000e+02  0.0
-1.700000e+01  3.000000e+02  0.0
-1.730000e+01  3.000000e+02  0.0
-1.770000e+01  3.000000e+02  0.0
-1.800000e+01  3.000000e+02  0.0
-1.830000e+01  3.000000e+02  0.0
-1.870000e+01  3.000000e+02  0.0
-1.900000e+01  3.000000e+02  0.0
-1.930000e+01  3.000000e+02  0.0
-1.970000e+01  3.000000e+02  0.0
-2.000000e+01  3.000000e+02  0.0
-2.030000e+01  3.000000e+02  0.0
-2.070000e+01  3.000000e+02  0.0
-2.100000e+01  3.000000e+02  0.0
-2.130000e+01  3.000000e+02  0.0
-2.170000e+01  3.000000e+02  0.0
-2.200000e+01  3.000000e+02  0.0
