# log10(y)    mass[MeV]    Nhits
-13.3  5  2.977816e-14
-13.7  5  4.673210e-11
-14  5  2.367606e-08
-14.3  5  3.327238e-06
-14.7  5  1.277239e-04
-15  5  2.167929e-03
-15.3  5  1.910165e-02
-15.7  5  7.585369e-02
-16  5  1.904868e-01
-16.3  5  4.699110e-01
-16.7  5  4.539965e-01
-17  5  6.067790e-01
-17.3  5  5.577867e-01
-17.7  5  5.918663e-01
-18  5  5.608033e-01
-18.3  5  5.321719e-01
-18.7  5  4.744666e-01
-19  5  5.097683e-01
-19.3  5  4.852311e-01
-19.7  5  3.230101e-01
-20  5  2.748561e-01
-20.3  5  2.339984e-01
-20.7  5  1.414620e-01
-21  5  8.866885e-02
-21.3  5  3.655456e-02
-21.7  5  7.295389e-03
-2.200000e+01  5.000000e+00  0.0
-13.3  6  1.507096e-11
-13.7  6  9.019913e-09
-14  6  9.986548e-07
-14.3  6  8.362062e-05
-14.7  6  1.785695e-03
-15  6  1.512456e-02
-15.3  6  9.471802e-02
-15.7  6  2.141532e-01
-16  6  4.788732e-01
-16.3  6  7.187912e-01
-16.7  6  7.942089e-01
-17  6  8.173165e-01
-17.3  6  1.294396e+00
-17.7  6  1.055311e+00
-18  6  9.046216e-01
-18.3  6  6.634170e-01
-18.7  6  4.757092e-01
-19  6  4.169590e-01
-19.3  6  3.526818e-01
-19.7  6  2.331534e-01
-20  6  2.094021e-01
-20.3  6  1.852268e-01
-20.7  6  9.598704e-02
-21  6  3.895136e-02
-21.3  6  1.094545e-02
-2.170000e+01  6.000000e+00  0.0
-2.200000e+01  6.000000e+00  0.0
-13.3  8  1.097558e-08
-13.7  8  9.059952e-07
-14  8  3.070575e-05
-14.3  8  7.720987e-04
-14.7  8  6.860644e-03
-15  8  5.531870e-02
-15.3  8  1.963617e-01
-15.7  8  4.048988e-01
-16  8  6.840895e-01
-16.3  8  9.425572e-01
-16.7  8  8.026023e-01
-17  8  1.282283e+00
-17.3  8  1.497741e+00
-17.7  8  1.325156e+00
-18  8  9.714441e-01
-18.3  8  7.051642e-01
-18.7  8  3.543108e-01
-19  8  2.119581e-01
-19.3  8  1.175848e-01
-19.7  8  5.275779e-02
-20  8  3.914181e-02
-20.3  8  2.213956e-02
-20.7  8  5.616538e-03
-21  8  1.099493e-03
-2.130000e+01  8.000000e+00  0.0
-2.170000e+01  8.000000e+00  0.0
-2.200000e+01  8.000000e+00  0.0
-13.3  9  2.657828e-07
-13.7  9  1.477320e-05
-14  9  3.441421e-04
-14.3  9  5.364788e-03
-14.7  9  2.886138e-02
-15  9  1.533208e-01
-15.3  9  5.349097e-01
-15.7  9  7.990932e-01
-16  9  1.049454e+00
-16.3  9  1.102600e+00
-16.7  9  1.427564e+00
-17  9  2.134908e+00
-17.3  9  2.081212e+00
-17.7  9  1.534164e+00
-18  9  1.203309e+00
-18.3  9  8.178274e-01
-18.7  9  3.990322e-01
-19  9  2.313462e-01
-19.3  9  1.407217e-01
-19.7  9  7.885374e-02
-20  9  4.251322e-02
-20.3  9  1.359677e-02
-20.7  9  2.205865e-03
-2.100000e+01  9.000000e+00  0.0
-2.130000e+01  9.000000e+00  0.0
-2.170000e+01  9.000000e+00  0.0
-2.200000e+01  9.000000e+00  0.0
-13.3  11  4.901876e-06
-13.7  11  1.070526e-04
-14  11  1.568025e-03
-14.3  11  1.141762e-02
-14.7  11  6.571692e-02
-15  11  3.378826e-01
-15.3  11  8.498923e-01
-15.7  11  9.754327e-01
-16  11  1.032575e+00
-16.3  11  1.773895e+00
-16.7  11  1.587678e+00
-17  11  2.268449e+00
-17.3  11  2.035282e+00
-17.7  11  1.505335e+00
-18  11  1.156626e+00
-18.3  11  7.798990e-01
-18.7  11  4.327046e-01
-19  11  2.776853e-01
-19.3  11  1.715946e-01
-19.7  11  8.019828e-02
-20  11  2.424492e-02
-20.3  11  5.319786e-03
-2.070000e+01  1.100000e+01  0.0
-2.100000e+01  1.100000e+01  0.0
-2.130000e+01  1.100000e+01  0.0
-2.170000e+01  1.100000e+01  0.0
-2.200000e+01  1.100000e+01  0.0
-13.3  14  1.273939e-04
-13.7  14  9.948865e-04
-14  14  4.762673e-03
-14.3  14  2.672010e-02
-14.7  14  1.613905e-01
-15  14  4.398666e-01
-15.3  14  1.013099e+00
-15.7  14  7.262830e-01
-16  14  1.598669e+00
-16.3  14  2.081352e+00
-16.7  14  2.268463e+00
-17  14  1.970626e+00
-17.3  14  2.093954e+00
-17.7  14  1.287953e+00
-18  14  9.185708e-01
-18.3  14  7.013715e-01
-18.7  14  3.677566e-01
-19  14  2.613455e-01
-19.3  14  1.476153e-01
-19.7  14  3.878726e-02
-20  14  8.675620e-03
-2.030000e+01  1.400000e+01  0.0
-2.070000e+01  1.400000e+01  0.0
-2.100000e+01  1.400000e+01  0.0
-2.130000e+01  1.400000e+01  0.0
-2.170000e+01  1.400000e+01  0.0
-2.200000e+01  1.400000e+01  0.0
-13.3  17  3.826465e-04
-13.7  17  2.444989e-03
-14  17  1.665205e-02
-14.3  17  6.202734e-02
-14.7  17  1.723477e-01
-15  17  5.824656e-01
-15.3  17  1.024896e+00
-15.7  17  1.146126e+00
-16  17  1.699940e+00
-16.3  17  2.687057e+00
-16.7  17  2.238634e+00
-17  17  2.108604e+00
-17.3  17  1.809038e+00
-17.7  17  1.083802e+00
-18  17  7.873148e-01
-18.3  17  5.543735e-01
-18.7  17  3.474115e-01
-19  17  2.145803e-01
-19.3  17  6.636678e-02
-19.7  17  1.275783e-02
-2.000000e+01  1.700000e+01  0.0
-2.030000e+01  1.700000e+01  0.0
-2.070000e+01  1.700000e+01  0.0
-2.100000e+01  1.700000e+01  0.0
-2.130000e+01  1.700000e+01  0.0
-2.170000e+01  1.700000e+01  0.0
-2.200000e+01  1.700000e+01  0.0
-13.3  21  2.262099e-03
-13.7  21  7.947152e-03
-14  21  2.933664e-02
-14.3  21  8.887873e-02
-14.7  21  1.390363e-01
-15  21  6.262482e-01
-15.3  21  1.187815e+00
-15.7  21  1.451023e+00
-16  21  2.119130e+00
-16.3  21  2.058521e+00
-16.7  21  1.794161e+00
-17  21  1.611415e+00
-17.3  21  1.231609e+00
-17.7  21  7.089642e-01
-18  21  5.444034e-01
-18.3  21  4.515634e-01
-18.7  21  2.256204e-01
-19  21  7.484017e-02
-19.3  21  1.748904e-02
-1.970000e+01  2.100000e+01  0.0
-2.000000e+01  2.100000e+01  0.0
-2.030000e+01  2.100000e+01  0.0
-2.070000e+01  2.100000e+01  0.0
-2.100000e+01  2.100000e+01  0.0
-2.130000e+01  2.100000e+01  0.0
-2.170000e+01  2.100000e+01  0.0
-2.200000e+01  2.100000e+01  0.0
-13.3  26  4.319126e-03
-13.7  26  1.180749e-02
-14  26  4.057424e-02
-14.3  26  2.267461e-01
-14.7  26  3.251702e-01
-15  26  5.243182e-01
-15.3  26  1.312263e+00
-15.7  26  1.369642e+00
-16  26  1.877500e+00
-16.3  26  1.821901e+00
-16.7  26  1.458226e+00
-17  26  1.174041e+00
-17.3  26  8.133868e-01
-17.7  26  4.958561e-01
-18  26  4.199435e-01
-18.3  26  2.490126e-01
-18.7  26  7.159625e-02
-19  26  1.642627e-02
-1.930000e+01  2.600000e+01  0.0
-1.970000e+01  2.600000e+01  0.0
-2.000000e+01  2.600000e+01  0.0
-2.030000e+01  2.600000e+01  0.0
-2.070000e+01  2.600000e+01  0.0
-2.100000e+01  2.600000e+01  0.0
-2.130000e+01  2.600000e+01  0.0
-2.170000e+01  2.600000e+01  0.0
-2.200000e+01  2.600000e+01  0.0
-13.3  32  7.949308e-03
-13.7  32  1.085316e-02
-14  32  1.072629e-01
-14.3  32  1.428798e-01
-14.7  32  3.977140e-01
-15  32  5.207316e-01
-15.3  32  1.369475e+00
-15.7  32  1.119650e+00
-16  32  1.451938e+00
-16.3  32  1.472900e+00
-16.7  32  9.743140e-01
-17  32  8.071187e-01
-17.3  32  6.401383e-01
-17.7  32  3.859462e-01
-18  32  2.401328e-01
-18.3  32  8.865497e-02
-18.7  32  1.667004e-02
-1.900000e+01  3.200000e+01  0.0
-1.930000e+01  3.200000e+01  0.0
-1.970000e+01  3.200000e+01  0.0
-2.000000e+01  3.200000e+01  0.0
-2.030000e+01  3.200000e+01  0.0
-2.070000e+01  3.200000e+01  0.0
-2.100000e+01  3.200000e+01  0.0
-2.130000e+01  3.200000e+01  0.0
-2.170000e+01  3.200000e+01  0.0
-2.200000e+01  3.200000e+01  0.0
-13.3  39  7.585531e-03
-13.7  39  5.473824e-02
-14  39  1.266971e-01
-14.3  39  2.404699e-01
-14.7  39  4.243209e-01
-15  39  6.386404e-01
-15.3  39  1.294914e+00
-15.7  39  1.107268e+00
-16  39  1.213736e+00
-16.3  39  1.015463e+00
-16.7  39  6.440684e-01
-17  39  4.907709e-01
-17.3  39  3.691440e-01
-17.7  39  1.981328e-01
-18  39  6.961751e-02
-1.830000e+01  3.900000e+01  0.0
-1.870000e+01  3.900000e+01  0.0
-1.900000e+01  3.900000e+01  0.0
-1.930000e+01  3.900000e+01  0.0
-1.970000e+01  3.900000e+01  0.0
-2.000000e+01  3.900000e+01  0.0
-2.030000e+01  3.900000e+01  0.0
-2.070000e+01  3.900000e+01  0.0
-2.100000e+01  3.900000e+01  0.0
-2.130000e+01  3.900000e+01  0.0
-2.170000e+01  3.900000e+01  0.0
-2.200000e+01  3.900000e+01  0.0
-13.3  48  1.633437e-02
-13.7  48  2.728751e-02
-14  48  7.362507e-02
-14.3  48  4.668395e-01
-14.7  48  2.186686e-01
-15  48  6.749760e-01
-15.3  48  6.524100e-01
-15.7  48  7.116241e-01
-16  48  6.231078e-01
-16.3  48  5.298495e-01
-16.7  48  3.131098e-01
-17  48  2.284121e-01
-17.3  48  1.572939e-01
-17.7  48  4.783360e-02
-1.800000e+01  4.800000e+01  0.0
-1.830000e+01  4.800000e+01  0.0
-1.870000e+01  4.800000e+01  0.0
-1.900000e+01  4.800000e+01  0.0
-1.930000e+01  4.800000e+01  0.0
-1.970000e+01  4.800000e+01  0.0
-2.000000e+01  4.800000e+01  0.0
-2.030000e+01  4.800000e+01  0.0
-2.070000e+01  4.800000e+01  0.0
-2.100000e+01  4.800000e+01  0.0
-2.130000e+01  4.800000e+01  0.0
-2.170000e+01  4.800000e+01  0.0
-2.200000e+01  4.800000e+01  0.0
-13.3  58  9.386166e-03
-13.7  58  3.256928e-02
-14  58  1.223481e-01
-14.3  58  2.155613e-01
-14.7  58  1.914846e-01
-15  58  3.100165e-01
-15.3  58  5.367679e-01
-15.7  58  4.533816e-01
-16  58  3.733548e-01
-16.3  58  2.889520e-01
-16.7  58  1.828509e-01
-17  58  1.272667e-01
-17.3  58  5.323701e-02
-1.770000e+01  5.800000e+01  0.0
-1.800000e+01  5.800000e+01  0.0
-1.830000e+01  5.800000e+01  0.0
-1.870000e+01  5.800000e+01  0.0
-1.900000e+01  5.800000e+01  0.0
-1.930000e+01  5.800000e+01  0.0
-1.970000e+01  5.800000e+01  0.0
-2.000000e+01  5.800000e+01  0.0
-2.030000e+01  5.800000e+01  0.0
-2.070000e+01  5.800000e+01  0.0
-2.100000e+01  5.800000e+01  0.0
-2.130000e+01  5.800000e+01  0.0
-2.170000e+01  5.800000e+01  0.0
-2.200000e+01  5.800000e+01  0.0
-13.3  88  4.306248e-03
-13.7  88  5.828979e-03
-14  88  9.282380e-03
-14.3  88  2.310944e-02
-14.7  88  3.102132e-02
-15  88  3.808462e-02
-15.3  88  4.295142e-02
-15.7  88  2.724961e-02
-16  88  2.789109e-02
-16.3  88  2.480672e-02
-16.7  88  1.127675e-02
-17  88  3.031887e-03
-1.730000e+01  8.800000e+01  0.0
-1.770000e+01  8.800000e+01  0.0
-1.800000e+01  8.800000e+01  0.0
-1.830000e+01  8.800000e+01  0.0
-1.870000e+01  8.800000e+01  0.0
-1.900000e+01  8.800000e+01  0.0
-1.930000e+01  8.800000e+01  0.0
-1.970000e+01  8.800000e+01  0.0
-2.000000e+01  8.800000e+01  0.0
-2.030000e+01  8.800000e+01  0.0
-2.070000e+01  8.800000e+01  0.0
-2.100000e+01  8.800000e+01  0.0
-2.130000e+01  8.800000e+01  0.0
-2.170000e+01  8.800000e+01  0.0
-2.200000e+01  8.800000e+01  0.0
-13.3  108  0.000000e+00
-13.7  108  0.000000e+00
-14  108  0.000000e+00
-14.3  108  0.000000e+00
-14.7  108  0.000000e+00
-15  108  0.000000e+00
-15.3  108  0.000000e+00
-15.7  108  0.000000e+00
-16  108  0.000000e+00
-16.3  108  0.000000e+00
-16.7  108  0.000000e+00
-1.700000e+01  1.080000e+02  0.0
-1.730000e+01  1.080000e+02  0.0
-1.770000e+01  1.080000e+02  0.0
-1.800000e+01  1.080000e+02  0.0
-1.830000e+01  1.080000e+02  0.0
-1.870000e+01  1.080000e+02  0.0
-1.900000e+01  1.080000e+02  0.0
-1.930000e+01  1.080000e+02  0.0
-1.970000e+01  1.080000e+02  0.0
-2.000000e+01  1.080000e+02  0.0
-2.030000e+01  1.080000e+02  0.0
-2.070000e+01  1.080000e+02  0.0
-2.100000e+01  1.080000e+02  0.0
-2.130000e+01  1.080000e+02  0.0
-2.170000e+01  1.080000e+02  0.0
-2.200000e+01  1.080000e+02  0.0
-13.3  132  0.000000e+00
-13.7  132  0.000000e+00
-14  132  0.000000e+00
-14.3  132  0.000000e+00
-14.7  132  0.000000e+00
-15  132  0.000000e+00
-15.3  132  0.000000e+00
-15.7  132  0.000000e+00
-16  132  0.000000e+00
-16.3  132  0.000000e+00
-1.670000e+01  1.320000e+02  0.0
-1.700000e+01  1.320000e+02  0.0
-1.730000e+01  1.320000e+02  0.0
-1.770000e+01  1.320000e+02  0.0
-1.800000e+01  1.320000e+02  0.0
-1.830000e+01  1.320000e+02  0.0
-1.870000e+01  1.320000e+02  0.0
-1.900000e+01  1.320000e+02  0.0
-1.930000e+01  1.320000e+02  0.0
-1.970000e+01  1.320000e+02  0.0
-2.000000e+01  1.320000e+02  0.0
-2.030000e+01  1.320000e+02  0.0
-2.070000e+01  1.320000e+02  0.0
-2.100000e+01  1.320000e+02  0.0
-2.130000e+01  1.320000e+02  0.0
-2.170000e+01  1.320000e+02  0.0
-2.200000e+01  1.320000e+02  0.0
-13.3  162  0.000000e+00
-13.7  162  0.000000e+00
-14  162  0.000000e+00
-14.3  162  0.000000e+00
-14.7  162  0.000000e+00
-15  162  0.000000e+00
-15.3  162  0.000000e+00
-15.7  162  0.000000e+00
-16  162  0.000000e+00
-1.630000e+01  1.620000e+02  0.0
-1.670000e+01  1.620000e+02  0.0
-1.700000e+01  1.620000e+02  0.0
-1.730000e+01  1.620000e+02  0.0
-1.770000e+01  1.620000e+02  0.0
-1.800000e+01  1.620000e+02  0.0
-1.830000e+01  1.620000e+02  0.0
-1.870000e+01  1.620000e+02  0.0
-1.900000e+01  1.620000e+02  0.0
-1.930000e+01  1.620000e+02  0.0
-1.970000e+01  1.620000e+02  0.0
-2.000000e+01  1.620000e+02  0.0
-2.030000e+01  1.620000e+02  0.0
-2.070000e+01  1.620000e+02  0.0
-2.100000e+01  1.620000e+02  0.0
-2.130000e+01  1.620000e+02  0.0
-2.170000e+01  1.620000e+02  0.0
-2.200000e+01  1.620000e+02  0.0
-13.3  199  0.000000e+00
-13.7  199  0.000000e+00
-14  199  0.000000e+00
-14.3  199  0.000000e+00
-14.7  199  0.000000e+00
-15  199  0.000000e+00
-15.3  199  0.000000e+00
-15.7  199  0.000000e+00
-1.600000e+01  1.990000e+02  0.0
-1.630000e+01  1.990000e+02  0.0
-1.670000e+01  1.990000e+02  0.0
-1.700000e+01  1.990000e+02  0.0
-1.730000e+01  1.990000e+02  0.0
-1.770000e+01  1.990000e+02  0.0
-1.800000e+01  1.990000e+02  0.0
-1.830000e+01  1.990000e+02  0.0
-1.870000e+01  1.990000e+02  0.0
-1.900000e+01  1.990000e+02  0.0
-1.930000e+01  1.990000e+02  0.0
-1.970000e+01  1.990000e+02  0.0
-2.000000e+01  1.990000e+02  0.0
-2.030000e+01  1.990000e+02  0.0
-2.070000e+01  1.990000e+02  0.0
-2.100000e+01  1.990000e+02  0.0
-2.130000e+01  1.990000e+02  0.0
-2.170000e+01  1.990000e+02  0.0
-2.200000e+01  1.990000e+02  0.0
-13.3  244  0.000000e+00
-13.7  244  0.000000e+00
-14  244  0.000000e+00
-14.3  244  0.000000e+00
-14.7  244  0.000000e+00
-15  244  0.000000e+00
-15.3  244  0.000000e+00
-15.7  244  0.000000e+00
-1.600000e+01  2.440000e+02  0.0
-1.630000e+01  2.440000e+02  0.0
-1.670000e+01  2.440000e+02  0.0
-1.700000e+01  2.440000e+02  0.0
-1.730000e+01  2.440000e+02  0.0
-1.770000e+01  2.440000e+02  0.0
-1.800000e+01  2.440000e+02  0.0
-1.830000e+01  2.440000e+02  0.0
-1.870000e+01  2.440000e+02  0.0
-1.900000e+01  2.440000e+02  0.0
-1.930000e+01  2.440000e+02  0.0
-1.970000e+01  2.440000e+02  0.0
-2.000000e+01  2.440000e+02  0.0
-2.030000e+01  2.440000e+02  0.0
-2.070000e+01  2.440000e+02  0.0
-2.100000e+01  2.440000e+02  0.0
-2.130000e+01  2.440000e+02  0.0
-2.170000e+01  2.440000e+02  0.0
-2.200000e+01  2.440000e+02  0.0
-13.3  300  0.000000e+00
-13.7  300  0.000000e+00
-14  300  0.000000e+00
-14.3  300  0.000000e+00
-14.7  300  0.000000e+00
-15  300  0.000000e+00
-15.3  300  0.000000e+00
-1.570000e+01  3.000000e+02  0.0
-1.600000e+01  3.000000e+02  0.0
-1.630000e+01  3.000000e+02  0.0
-1.670000e+01  3.000000e+02  0.0
-1.700000e+01  3.000000e+02  0.0
-1.730000e+01  3.000000e+02  0.0
-1.770000e+01  3.000000e+02  0.0
-1.800000e+01  3.000000e+02  0.0
-1.830000e+01  3.000000e+02  0.0
-1.870000e+01  3.000000e+02  0.0
-1.900000e+01  3.000000e+02  0.0
-1.930000e+01  3.000000e+02  0.0
-1.970000e+01  3.000000e+02  0.0
-2.000000e+01  3.000000e+02  0.0
-2.030000e+01  3.000000e+02  0.0
-2.070000e+01  3.000000e+02  0.0
-2.100000e+01  3.000000e+02  0.0
-2.130000e+01  3.000000e+02  0.0
-2.170000e+01  3.000000e+02  0.0
-2.200000e+01  3.000000e+02  0.0
