# log10(y)    mass[MeV]    Nhits
-13.3  5  5.790005e-15
-13.7  5  1.346027e-11
-14  5  9.063763e-09
-14.3  5  1.541093e-06
-14.7  5  6.819727e-05
-15  5  1.322599e-03
-15.3  5  1.326676e-02
-15.7  5  5.880974e-02
-16  5  1.627634e-01
-16.3  5  4.585803e-01
-16.7  5  5.634475e-01
-17  5  1.043611e+00
-17.3  5  1.177180e+00
-17.7  5  2.468995e+00
-18  5  3.372178e+00
-18.3  5  3.742765e+00
-18.7  5  3.257852e+00
-19  5  3.013330e+00
-19.3  5  2.431982e+00
-19.7  5  1.366349e+00
-20  5  9.900541e-01
-20.3  5  7.084349e-01
-20.7  5  3.912457e-01
-21  5  2.338821e-01
-21.3  5  8.859938e-02
-21.7  5  1.580421e-02
-2.200000e+01  5.000000e+00  0.0
-13.3  6  4.210238e-11
-13.7  6  1.642618e-08
-14  6  1.210633e-06
-14.3  6  7.223312e-05
-14.7  6  1.234354e-03
-15  6  9.328982e-03
-15.3  6  5.763730e-02
-15.7  6  1.383136e-01
-16  6  3.399671e-01
-16.3  6  5.818216e-01
-16.7  6  7.775494e-01
-17  6  9.043443e-01
-17.3  6  2.504362e+00
-17.7  6  3.137560e+00
-18  6  3.846047e+00
-18.3  6  3.724467e+00
-18.7  6  3.043792e+00
-19  6  2.633308e+00
-19.3  6  2.029459e+00
-19.7  6  1.139325e+00
-20  6  8.829276e-01
-20.3  6  7.066857e-01
-20.7  6  3.446207e-01
-21  6  1.267170e-01
-21.3  6  3.114964e-02
-2.170000e+01  6.000000e+00  0.0
-2.200000e+01  6.000000e+00  0.0
-13.3  8  1.239403e-08
-13.7  8  9.142495e-07
-14  8  2.837273e-05
-14.3  8  6.846664e-04
-14.7  8  5.926141e-03
-15  8  4.545922e-02
-15.3  8  1.501342e-01
-15.7  8  2.917632e-01
-16  8  4.833487e-01
-16.3  8  6.846189e-01
-16.7  8  6.019583e-01
-17  8  1.149141e+00
-17.3  8  1.754392e+00
-17.7  8  2.040961e+00
-18  8  2.045897e+00
-18.3  8  2.055494e+00
-18.7  8  1.347272e+00
-19  8  1.037644e+00
-19.3  8  7.623037e-01
-19.7  8  4.233145e-01
-20  8  3.599928e-01
-20.3  8  2.207936e-01
-20.7  8  6.439259e-02
-21  8  1.502139e-02
-2.130000e+01  8.000000e+00  0.0
-2.170000e+01  8.000000e+00  0.0
-2.200000e+01  8.000000e+00  0.0
-13.3  9  3.076330e-07
-13.7  9  1.613753e-05
-14  9  3.514220e-04
-14.3  9  5.161286e-03
-14.7  9  2.648057e-02
-15  9  1.331483e-01
-15.3  9  4.351882e-01
-15.7  9  6.144360e-01
-16  9  7.873306e-01
-16.3  9  8.290194e-01
-16.7  9  1.156029e+00
-17  9  2.028353e+00
-17.3  9  2.410536e+00
-17.7  9  2.304803e+00
-18  9  2.439153e+00
-18.3  9  2.153383e+00
-18.7  9  1.360977e+00
-19  9  1.061085e+00
-19.3  9  8.118586e-01
-19.7  9  5.329159e-01
-20  9  3.140421e-01
-20.3  9  1.159469e-01
-20.7  9  2.311151e-02
-2.100000e+01  9.000000e+00  0.0
-2.130000e+01  9.000000e+00  0.0
-2.170000e+01  9.000000e+00  0.0
-2.200000e+01  9.000000e+00  0.0
-13.3  11  4.641391e-06
-13.7  11  1.082872e-04
-14  11  1.594200e-03
-14.3  11  1.122236e-02
-14.7  11  6.156179e-02
-15  11  3.004255e-01
-15.3  11  7.139685e-01
-15.7  11  7.752372e-01
-16  11  8.030533e-01
-16.3  11  1.344223e+00
-16.7  11  1.236308e+00
-17  11  1.919800e+00
-17.3  11  1.963623e+00
-17.7  11  1.691851e+00
-18  11  1.627478e+00
-18.3  11  1.349455e+00
-18.7  11  9.645976e-01
-19  11  7.594105e-01
-19.3  11  5.417259e-01
-19.7  11  2.746221e-01
-20  11  9.471533e-02
-20.3  11  2.537823e-02
-2.070000e+01  1.100000e+01  0.0
-2.100000e+01  1.100000e+01  0.0
-2.130000e+01  1.100000e+01  0.0
-2.170000e+01  1.100000e+01  0.0
-2.200000e+01  1.100000e+01  0.0
-13.3  14  1.312082e-04
-13.7  14  1.039515e-03
-14  14  4.951827e-03
-14.3  14  2.705114e-02
-14.7  14  1.567557e-01
-15  14  4.080206e-01
-15.3  14  8.942703e-01
-15.7  14  6.241015e-01
-16  14  1.299533e+00
-16.3  14  1.621993e+00
-16.7  14  1.745401e+00
-17  14  1.519750e+00
-17.3  14  1.642594e+00
-17.7  14  1.040965e+00
-18  14  7.671737e-01
-18.3  14  6.136931e-01
-18.7  14  3.359155e-01
-19  14  2.468129e-01
-19.3  14  1.422371e-01
-19.7  14  3.879417e-02
-20  14  9.169324e-03
-2.030000e+01  1.400000e+01  0.0
-2.070000e+01  1.400000e+01  0.0
-2.100000e+01  1.400000e+01  0.0
-2.130000e+01  1.400000e+01  0.0
-2.170000e+01  1.400000e+01  0.0
-2.200000e+01  1.400000e+01  0.0
-13.3  17  4.493522e-04
-13.7  17  2.850948e-03
-14  17  1.892274e-02
-14.3  17  6.762355e-02
-14.7  17  1.781757e-01
-15  17  5.685291e-01
-15.3  17  9.670607e-01
-15.7  17  1.019699e+00
-16  17  1.419954e+00
-16.3  17  2.154612e+00
-16.7  17  1.752943e+00
-17  17  1.633055e+00
-17.3  17  1.402304e+00
-17.7  17  8.466995e-01
-18  17  6.242225e-01
-18.3  17  4.460238e-01
-18.7  17  2.826966e-01
-19  17  1.757837e-01
-19.3  17  5.502744e-02
-19.7  17  1.075785e-02
-2.000000e+01  1.700000e+01  0.0
-2.030000e+01  1.700000e+01  0.0
-2.070000e+01  1.700000e+01  0.0
-2.100000e+01  1.700000e+01  0.0
-2.130000e+01  1.700000e+01  0.0
-2.170000e+01  1.700000e+01  0.0
-2.200000e+01  1.700000e+01  0.0
-13.3  21  2.050958e-03
-13.7  21  7.518811e-03
-14  21  2.889873e-02
-14.3  21  8.974642e-02
-14.7  21  1.406313e-01
-15  21  6.256707e-01
-15.3  21  1.151761e+00
-15.7  21  1.337508e+00
-16  21  1.862714e+00
-16.3  21  1.721726e+00
-16.7  21  1.450767e+00
-17  21  1.256792e+00
-17.3  21  9.326059e-01
-17.7  21  5.265340e-01
-18  21  3.973160e-01
-18.3  21  3.269253e-01
-18.7  21  1.627247e-01
-19  21  5.366817e-02
-19.3  21  1.246168e-02
-1.970000e+01  2.100000e+01  0.0
-2.000000e+01  2.100000e+01  0.0
-2.030000e+01  2.100000e+01  0.0
-2.070000e+01  2.100000e+01  0.0
-2.100000e+01  2.100000e+01  0.0
-2.130000e+01  2.100000e+01  0.0
-2.170000e+01  2.100000e+01  0.0
-2.200000e+01  2.100000e+01  0.0
-13.3  26  3.811543e-03
-13.7  26  1.068143e-02
-14  26  3.800898e-02
-14.3  26  2.194129e-01
-14.7  26  3.195412e-01
-15  26  5.173061e-01
-15.3  26  1.272649e+00
-15.7  26  1.291017e+00
-16  26  1.702426e+00
-16.3  26  1.589776e+00
-16.7  26  1.222079e+00
-17  26  9.516885e-01
-17.3  26  6.346735e-01
-17.7  26  3.736192e-01
-18  26  3.106346e-01
-18.3  26  1.820302e-01
-18.7  26  5.144912e-02
-19  26  1.150543e-02
-1.930000e+01  2.600000e+01  0.0
-1.970000e+01  2.600000e+01  0.0
-2.000000e+01  2.600000e+01  0.0
-2.030000e+01  2.600000e+01  0.0
-2.070000e+01  2.600000e+01  0.0
-2.100000e+01  2.600000e+01  0.0
-2.130000e+01  2.600000e+01  0.0
-2.170000e+01  2.600000e+01  0.0
-2.200000e+01  2.600000e+01  0.0
-13.3  32  6.736548e-03
-13.7  32  9.568724e-03
-14  32  9.807216e-02
-14.3  32  1.342780e-01
-14.7  32  3.794273e-01
-15  32  5.067421e-01
-15.3  32  1.328658e+00
-15.7  32  1.073343e+00
-16  32  1.366238e+00
-16.3  32  1.354159e+00
-16.7  32  8.729114e-01
-17  32  7.038637e-01
-17.3  32  5.458469e-01
-17.7  32  3.227158e-01
-18  32  1.989895e-01
-18.3  32  7.228869e-02
-18.7  32  1.326917e-02
-1.900000e+01  3.200000e+01  0.0
-1.930000e+01  3.200000e+01  0.0
-1.970000e+01  3.200000e+01  0.0
-2.000000e+01  3.200000e+01  0.0
-2.030000e+01  3.200000e+01  0.0
-2.070000e+01  3.200000e+01  0.0
-2.100000e+01  3.200000e+01  0.0
-2.130000e+01  3.200000e+01  0.0
-2.170000e+01  3.200000e+01  0.0
-2.200000e+01  3.200000e+01  0.0
-13.3  39  6.644143e-03
-13.7  39  4.925335e-02
-14  39  1.154623e-01
-14.3  39  2.264996e-01
-14.7  39  4.066652e-01
-15  39  6.148900e-01
-15.3  39  1.238330e+00
-15.7  39  1.045099e+00
-16  39  1.126357e+00
-16.3  39  9.254010e-01
-16.7  39  5.784075e-01
-17  39  4.345496e-01
-17.3  39  3.251986e-01
-17.7  39  1.731428e-01
-18  39  6.012147e-02
-1.830000e+01  3.900000e+01  0.0
-1.870000e+01  3.900000e+01  0.0
-1.900000e+01  3.900000e+01  0.0
-1.930000e+01  3.900000e+01  0.0
-1.970000e+01  3.900000e+01  0.0
-2.000000e+01  3.900000e+01  0.0
-2.030000e+01  3.900000e+01  0.0
-2.070000e+01  3.900000e+01  0.0
-2.100000e+01  3.900000e+01  0.0
-2.130000e+01  3.900000e+01  0.0
-2.170000e+01  3.900000e+01  0.0
-2.200000e+01  3.900000e+01  0.0
-13.3  48  1.412523e-02
-13.7  48  2.382835e-02
-14  48  6.561536e-02
-14.3  48  4.289938e-01
-14.7  48  2.055895e-01
-15  48  6.486964e-01
-15.3  48  6.377993e-01
-15.7  48  7.062148e-01
-16  48  6.264158e-01
-16.3  48  5.385218e-01
-16.7  48  3.208208e-01
-17  48  2.345495e-01
-17.3  48  1.621631e-01
-17.7  48  4.959812e-02
-1.800000e+01  4.800000e+01  0.0
-1.830000e+01  4.800000e+01  0.0
-1.870000e+01  4.800000e+01  0.0
-1.900000e+01  4.800000e+01  0.0
-1.930000e+01  4.800000e+01  0.0
-1.970000e+01  4.800000e+01  0.0
-2.000000e+01  4.800000e+01  0.0
-2.030000e+01  4.800000e+01  0.0
-2.070000e+01  4.800000e+01  0.0
-2.100000e+01  4.800000e+01  0.0
-2.130000e+01  4.800000e+01  0.0
-2.170000e+01  4.800000e+01  0.0
-2.200000e+01  4.800000e+01  0.0
-13.3  58  8.342416e-03
-13.7  58  2.908376e-02
-14  58  1.106512e-01
-14.3  58  1.975763e-01
-14.7  58  1.776357e-01
-15  58  2.903438e-01
-15.3  58  5.068903e-01
-15.7  58  4.310951e-01
-16  58  3.569499e-01
-16.3  58  2.774272e-01
-16.7  58  1.756857e-01
-17  58  1.224210e-01
-17.3  58  5.129505e-02
-1.770000e+01  5.800000e+01  0.0
-1.800000e+01  5.800000e+01  0.0
-1.830000e+01  5.800000e+01  0.0
-1.870000e+01  5.800000e+01  0.0
-1.900000e+01  5.800000e+01  0.0
-1.930000e+01  5.800000e+01  0.0
-1.970000e+01  5.800000e+01  0.0
-2.000000e+01  5.800000e+01  0.0
-2.030000e+01  5.800000e+01  0.0
-2.070000e+01  5.800000e+01  0.0
-2.100000e+01  5.800000e+01  0.0
-2.130000e+01  5.800000e+01  0.0
-2.170000e+01  5.800000e+01  0.0
-2.200000e+01  5.800000e+01  0.0
-13.3  88  4.483131e-03
-13.7  88  6.177641e-03
-14  88  9.942397e-03
-14.3  88  2.491087e-02
-14.7  88  3.358724e-02
-15  88  4.138564e-02
-15.3  88  4.681425e-02
-15.7  88  2.977386e-02
-16  88  3.053739e-02
-16.3  88  2.716861e-02
-16.7  88  1.235159e-02
-17  88  3.322176e-03
-1.730000e+01  8.800000e+01  0.0
-1.770000e+01  8.800000e+01  0.0
-1.800000e+01  8.800000e+01  0.0
-1.830000e+01  8.800000e+01  0.0
-1.870000e+01  8.800000e+01  0.0
-1.900000e+01  8.800000e+01  0.0
-1.930000e+01  8.800000e+01  0.0
-1.970000e+01  8.800000e+01  0.0
-2.000000e+01  8.800000e+01  0.0
-2.030000e+01  8.800000e+01  0.0
-2.070000e+01  8.800000e+01  0.0
-2.100000e+01  8.800000e+01  0.0
-2.130000e+01  8.800000e+01  0.0
-2.170000e+01  8.800000e+01  0.0
-2.200000e+01  8.800000e+01  0.0
-13.3  108  0.000000e+00
-13.7  108  0.000000e+00
-14  108  0.000000e+00
-14.3  108  0.000000e+00
-14.7  108  0.000000e+00
-15  108  0.000000e+00
-15.3  108  0.000000e+00
-15.7  108  0.000000e+00
-16  108  0.000000e+00
-16.3  108  0.000000e+00
-16.7  108  0.000000e+00
-1.700000e+01  1.080000e+02  0.0
-1.730000e+01  1.080000e+02  0.0
-1.770000e+01  1.080000e+02  0.0
-1.800000e+01  1.080000e+02  0.0
-1.830000e+01  1.080000e+02  0.0
-1.870000e+01  1.080000e+02  0.0
-1.900000e+01  1.080000e+02  0.0
-1.930000e+01  1.080000e+02  0.0
-1.970000e+01  1.080000e+02  0.0
-2.000000e+01  1.080000e+02  0.0
-2.030000e+01  1.080000e+02  0.0
-2.070000e+01  1.080000e+02  0.0
-2.100000e+01  1.080000e+02  0.0
-2.130000e+01  1.080000e+02  0.0
-2.170000e+01  1.080000e+02  0.0
-2.200000e+01  1.080000e+02  0.0
-13.3  132  0.000000e+00
-13.7  132  0.000000e+00
-14  132  0.000000e+00
-14.3  132  0.000000e+00
-14.7  132  0.000000e+00
-15  132  0.000000e+00
-15.3  132  0.000000e+00
-15.7  132  0.000000e+00
-16  132  0.000000e+00
-16.3  132  0.000000e+00
-1.670000e+01  1.320000e+02  0.0
-1.700000e+01  1.320000e+02  0.0
-1.730000e+01  1.320000e+02  0.0
-1.770000e+01  1.320000e+02  0.0
-1.800000e+01  1.320000e+02  0.0
-1.830000e+01  1.320000e+02  0.0
-1.870000e+01  1.320000e+02  0.0
-1.900000e+01  1.320000e+02  0.0
-1.930000e+01  1.320000e+02  0.0
-1.970000e+01  1.320000e+02  0.0
-2.000000e+01  1.320000e+02  0.0
-2.030000e+01  1.320000e+02  0.0
-2.070000e+01  1.320000e+02  0.0
-2.100000e+01  1.320000e+02  0.0
-2.130000e+01  1.320000e+02  0.0
-2.170000e+01  1.320000e+02  0.0
-2.200000e+01  1.320000e+02  0.0
-13.3  162  0.000000e+00
-13.7  162  0.000000e+00
-14  162  0.000000e+00
-14.3  162  0.000000e+00
-14.7  162  0.000000e+00
-15  162  0.000000e+00
-15.3  162  0.000000e+00
-15.7  162  0.000000e+00
-16  162  0.000000e+00
-1.630000e+01  1.620000e+02  0.0
-1.670000e+01  1.620000e+02  0.0
-1.700000e+01  1.620000e+02  0.0
-1.730000e+01  1.620000e+02  0.0
-1.770000e+01  1.620000e+02  0.0
-1.800000e+01  1.620000e+02  0.0
-1.830000e+01  1.620000e+02  0.0
-1.870000e+01  1.620000e+02  0.0
-1.900000e+01  1.620000e+02  0.0
-1.930000e+01  1.620000e+02  0.0
-1.970000e+01  1.620000e+02  0.0
-2.000000e+01  1.620000e+02  0.0
-2.030000e+01  1.620000e+02  0.0
-2.070000e+01  1.620000e+02  0.0
-2.100000e+01  1.620000e+02  0.0
-2.130000e+01  1.620000e+02  0.0
-2.170000e+01  1.620000e+02  0.0
-2.200000e+01  1.620000e+02  0.0
-13.3  199  0.000000e+00
-13.7  199  0.000000e+00
-14  199  0.000000e+00
-14.3  199  0.000000e+00
-14.7  199  0.000000e+00
-15  199  0.000000e+00
-15.3  199  0.000000e+00
-15.7  199  0.000000e+00
-1.600000e+01  1.990000e+02  0.0
-1.630000e+01  1.990000e+02  0.0
-1.670000e+01  1.990000e+02  0.0
-1.700000e+01  1.990000e+02  0.0
-1.730000e+01  1.990000e+02  0.0
-1.770000e+01  1.990000e+02  0.0
-1.800000e+01  1.990000e+02  0.0
-1.830000e+01  1.990000e+02  0.0
-1.870000e+01  1.990000e+02  0.0
-1.900000e+01  1.990000e+02  0.0
-1.930000e+01  1.990000e+02  0.0
-1.970000e+01  1.990000e+02  0.0
-2.000000e+01  1.990000e+02  0.0
-2.030000e+01  1.990000e+02  0.0
-2.070000e+01  1.990000e+02  0.0
-2.100000e+01  1.990000e+02  0.0
-2.130000e+01  1.990000e+02  0.0
-2.170000e+01  1.990000e+02  0.0
-2.200000e+01  1.990000e+02  0.0
-13.3  244  0.000000e+00
-13.7  244  0.000000e+00
-14  244  0.000000e+00
-14.3  244  0.000000e+00
-14.7  244  0.000000e+00
-15  244  0.000000e+00
-15.3  244  0.000000e+00
-15.7  244  0.000000e+00
-1.600000e+01  2.440000e+02  0.0
-1.630000e+01  2.440000e+02  0.0
-1.670000e+01  2.440000e+02  0.0
-1.700000e+01  2.440000e+02  0.0
-1.730000e+01  2.440000e+02  0.0
-1.770000e+01  2.440000e+02  0.0
-1.800000e+01  2.440000e+02  0.0
-1.830000e+01  2.440000e+02  0.0
-1.870000e+01  2.440000e+02  0.0
-1.900000e+01  2.440000e+02  0.0
-1.930000e+01  2.440000e+02  0.0
-1.970000e+01  2.440000e+02  0.0
-2.000000e+01  2.440000e+02  0.0
-2.030000e+01  2.440000e+02  0.0
-2.070000e+01  2.440000e+02  0.0
-2.100000e+01  2.440000e+02  0.0
-2.130000e+01  2.440000e+02  0.0
-2.170000e+01  2.440000e+02  0.0
-2.200000e+01  2.440000e+02  0.0
-13.3  300  0.000000e+00
-13.7  300  0.000000e+00
-14  300  0.000000e+00
-14.3  300  0.000000e+00
-14.7  300  0.000000e+00
-15  300  0.000000e+00
-15.3  300  0.000000e+00
-1.570000e+01  3.000000e+02  0.0
-1.600000e+01  3.000000e+02  0.0
-1.630000e+01  3.000000e+02  0.0
-1.670000e+01  3.000000e+02  0.0
-1.700000e+01  3.000000e+02  0.0
-1.730000e+01  3.000000e+02  0.0
-1.770000e+01  3.000000e+02  0.0
-1.800000e+01  3.000000e+02  0.0
-1.830000e+01  3.000000e+02  0.0
-1.870000e+01  3.000000e+02  0.0
-1.900000e+01  3.000000e+02  0.0
-1.930000e+01  3.000000e+02  0.0
-1.970000e+01  3.000000e+02  0.0
-2.000000e+01  3.000000e+02  0.0
-2.030000e+01  3.000000e+02  0.0
-2.070000e+01  3.000000e+02  0.0
-2.100000e+01  3.000000e+02  0.0
-2.130000e+01  3.000000e+02  0.0
-2.170000e+01  3.000000e+02  0.0
-2.200000e+01  3.000000e+02  0.0
