# log10(y)    mass[MeV]    Nhits
-13.3  5  8.768240e-15
-13.7  5  1.894708e-11
-14  5  1.250295e-08
-14.3  5  2.161266e-06
-14.7  5  9.643192e-05
-15  5  1.828404e-03
-15.3  5  1.795031e-02
-15.7  5  8.037102e-02
-16  5  2.294093e-01
-16.3  5  6.573178e-01
-16.7  5  7.793439e-01
-17  5  1.328864e+00
-17.3  5  1.418205e+00
-17.7  5  2.489808e+00
-18  5  3.069237e+00
-18.3  5  3.155291e+00
-18.7  5  2.569577e+00
-19  5  2.244034e+00
-19.3  5  1.736838e+00
-19.7  5  9.403119e-01
-20  5  6.592920e-01
-20.3  5  4.556753e-01
-20.7  5  2.471772e-01
-21  5  1.463762e-01
-21.3  5  5.452501e-02
-21.7  5  9.510169e-03
-2.200000e+01  5.000000e+00  0.0
-13.3  6  2.480646e-11
-13.7  6  1.416962e-08
-14  6  1.558378e-06
-14.3  6  1.298078e-04
-14.7  6  2.718410e-03
-15  6  2.224860e-02
-15.3  6  1.338324e-01
-15.7  6  2.945726e-01
-16  6  6.618703e-01
-16.3  6  1.043345e+00
-16.7  6  1.274136e+00
-17  6  1.405681e+00
-17.3  6  3.142316e+00
-17.7  6  3.426644e+00
-18  6  3.777693e+00
-18.3  6  3.340431e+00
-18.7  6  2.529347e+00
-19  6  2.072828e+00
-19.3  6  1.524254e+00
-19.7  6  8.151823e-01
-20  6  6.100028e-01
-20.3  6  4.777021e-01
-20.7  6  2.299873e-01
-21  6  8.286063e-02
-21.3  6  1.982311e-02
-2.170000e+01  6.000000e+00  0.0
-2.200000e+01  6.000000e+00  0.0
-13.3  8  1.374561e-08
-13.7  8  9.502001e-07
-14  8  2.886987e-05
-14.3  8  7.366316e-04
-14.7  8  7.388021e-03
-15  8  6.790798e-02
-15.3  8  2.628031e-01
-15.7  8  5.605655e-01
-16  8  9.528534e-01
-16.3  8  1.319638e+00
-16.7  8  1.134291e+00
-17  8  1.958402e+00
-17.3  8  2.645270e+00
-17.7  8  2.775274e+00
-18  8  2.541137e+00
-18.3  8  2.404947e+00
-18.7  8  1.543905e+00
-19  8  1.194658e+00
-19.3  8  9.073360e-01
-19.7  8  5.267983e-01
-20  8  4.648762e-01
-20.3  8  2.923693e-01
-20.7  8  8.949872e-02
-21  8  2.239471e-02
-2.130000e+01  8.000000e+00  0.0
-2.170000e+01  8.000000e+00  0.0
-2.200000e+01  8.000000e+00  0.0
-13.3  9  3.395110e-07
-13.7  9  1.802584e-05
-14  9  3.900006e-04
-14.3  9  5.764005e-03
-14.7  9  3.163134e-02
-15  9  1.809490e-01
-15.3  9  6.798211e-01
-15.7  9  1.064456e+00
-16  9  1.431837e+00
-16.3  9  1.518053e+00
-16.7  9  2.054172e+00
-17  9  3.337516e+00
-17.3  9  3.621582e+00
-17.7  9  3.095881e+00
-18  9  2.907976e+00
-18.3  9  2.330923e+00
-18.7  9  1.346809e+00
-19  9  9.529768e-01
-19.3  9  6.784378e-01
-19.7  9  4.241662e-01
-20  9  2.432510e-01
-20.3  9  8.596713e-02
-20.7  9  1.609256e-02
-2.100000e+01  9.000000e+00  0.0
-2.130000e+01  9.000000e+00  0.0
-2.170000e+01  9.000000e+00  0.0
-2.200000e+01  9.000000e+00  0.0
-13.3  11  3.816565e-06
-13.7  11  8.443128e-05
-14  11  1.321822e-03
-14.3  11  1.026584e-02
-14.7  11  6.364231e-02
-15  11  3.598716e-01
-15.3  11  9.949878e-01
-15.7  11  1.227719e+00
-16  11  1.332384e+00
-16.3  11  2.390748e+00
-16.7  11  2.216064e+00
-17  11  3.334937e+00
-17.3  11  3.226862e+00
-17.7  11  2.613093e+00
-18  11  2.314182e+00
-18.3  11  1.795445e+00
-18.7  11  1.197594e+00
-19  11  8.999568e-01
-19.3  11  6.241983e-01
-19.7  11  3.119334e-01
-20  11  1.053597e-01
-20.3  11  2.749165e-02
-2.070000e+01  1.100000e+01  0.0
-2.100000e+01  1.100000e+01  0.0
-2.130000e+01  1.100000e+01  0.0
-2.170000e+01  1.100000e+01  0.0
-2.200000e+01  1.100000e+01  0.0
-13.3  14  1.400572e-04
-13.7  14  1.131388e-03
-14  14  5.326220e-03
-14.3  14  2.872851e-02
-14.7  14  1.685734e-01
-15  14  4.635693e-01
-15.3  14  1.117548e+00
-15.7  14  8.252010e-01
-16  14  1.927034e+00
-16.3  14  2.629219e+00
-16.7  14  2.938598e+00
-17  14  2.613374e+00
-17.3  14  2.845299e+00
-17.7  14  1.797550e+00
-18  14  1.313582e+00
-18.3  14  1.034721e+00
-18.7  14  5.573135e-01
-19  14  4.040371e-01
-19.3  14  2.308960e-01
-19.7  14  6.196748e-02
-20  14  1.428412e-02
-2.030000e+01  1.400000e+01  0.0
-2.070000e+01  1.400000e+01  0.0
-2.100000e+01  1.400000e+01  0.0
-2.130000e+01  1.400000e+01  0.0
-2.170000e+01  1.400000e+01  0.0
-2.200000e+01  1.400000e+01  0.0
-13.3  17  5.136276e-04
-13.7  17  3.293446e-03
-14  17  2.166921e-02
-14.3  17  7.562708e-02
-14.7  17  1.961440e-01
-15  17  6.396998e-01
-15.3  17  1.127441e+00
-15.7  17  1.299848e+00
-16  17  2.028316e+00
-16.3  17  3.328229e+00
-16.7  17  2.846302e+00
-17  17  2.735050e+00
-17.3  17  2.380024e+00
-17.7  17  1.437175e+00
-18  17  1.049747e+00
-18.3  17  7.404937e-01
-18.7  17  4.640518e-01
-19  17  2.864898e-01
-19.3  17  8.847025e-02
-19.7  17  1.694566e-02
-2.000000e+01  1.700000e+01  0.0
-2.030000e+01  1.700000e+01  0.0
-2.070000e+01  1.700000e+01  0.0
-2.100000e+01  1.700000e+01  0.0
-2.130000e+01  1.700000e+01  0.0
-2.170000e+01  1.700000e+01  0.0
-2.200000e+01  1.700000e+01  0.0
-13.3  21  2.082587e-03
-13.7  21  7.996095e-03
-14  21  3.157270e-02
-14.3  21  9.826827e-02
-14.7  21  1.527873e-01
-15  21  6.818005e-01
-15.3  21  1.293074e+00
-15.7  21  1.625043e+00
-16  21  2.459945e+00
-16.3  21  2.475273e+00
-16.7  21  2.200963e+00
-17  21  2.009770e+00
-17.3  21  1.549785e+00
-17.7  21  8.946536e-01
-18  21  6.867584e-01
-18.3  21  5.687766e-01
-18.7  21  2.838384e-01
-19  21  9.391365e-02
-19.3  21  2.185415e-02
-1.970000e+01  2.100000e+01  0.0
-2.000000e+01  2.100000e+01  0.0
-2.030000e+01  2.100000e+01  0.0
-2.070000e+01  2.100000e+01  0.0
-2.100000e+01  2.100000e+01  0.0
-2.130000e+01  2.100000e+01  0.0
-2.170000e+01  2.100000e+01  0.0
-2.200000e+01  2.100000e+01  0.0
-13.3  26  4.099484e-03
-13.7  26  1.182044e-02
-14  26  4.283728e-02
-14.3  26  2.477311e-01
-14.7  26  3.581500e-01
-15  26  5.759935e-01
-15.3  26  1.434302e+00
-15.7  26  1.515137e+00
-16  26  2.138368e+00
-16.3  26  2.146291e+00
-16.7  26  1.780836e+00
-17  26  1.475299e+00
-17.3  26  1.053935e+00
-17.7  26  6.594058e-01
-18  26  5.656826e-01
-18.3  26  3.381012e-01
-18.7  26  9.828987e-02
-19  26  2.290441e-02
-1.930000e+01  2.600000e+01  0.0
-1.970000e+01  2.600000e+01  0.0
-2.000000e+01  2.600000e+01  0.0
-2.030000e+01  2.600000e+01  0.0
-2.070000e+01  2.600000e+01  0.0
-2.100000e+01  2.600000e+01  0.0
-2.130000e+01  2.600000e+01  0.0
-2.170000e+01  2.600000e+01  0.0
-2.200000e+01  2.600000e+01  0.0
-13.3  32  7.616089e-03
-13.7  32  1.061096e-02
-14  32  1.085654e-01
-14.3  32  1.488773e-01
-14.7  32  4.204079e-01
-15  32  5.587475e-01
-15.3  32  1.471574e+00
-15.7  32  1.209170e+00
-16  32  1.589483e+00
-16.3  32  1.649351e+00
-16.7  32  1.123024e+00
-17  32  9.601720e-01
-17.3  32  7.817141e-01
-17.7  32  4.818900e-01
-18  32  3.028381e-01
-18.3  32  1.137650e-01
-18.7  32  2.192401e-02
-1.900000e+01  3.200000e+01  0.0
-1.930000e+01  3.200000e+01  0.0
-1.970000e+01  3.200000e+01  0.0
-2.000000e+01  3.200000e+01  0.0
-2.030000e+01  3.200000e+01  0.0
-2.070000e+01  3.200000e+01  0.0
-2.100000e+01  3.200000e+01  0.0
-2.130000e+01  3.200000e+01  0.0
-2.170000e+01  3.200000e+01  0.0
-2.200000e+01  3.200000e+01  0.0
-13.3  39  7.210619e-03
-13.7  39  5.330880e-02
-14  39  1.251974e-01
-14.3  39  2.467302e-01
-14.7  39  4.429474e-01
-15  39  6.675174e-01
-15.3  39  1.337256e+00
-15.7  39  1.122856e+00
-16  39  1.204024e+00
-16.3  39  9.844064e-01
-16.7  39  6.129331e-01
-17  39  4.587404e-01
-17.3  39  3.428199e-01
-17.7  39  1.820973e-01
-18  39  6.299266e-02
-1.830000e+01  3.900000e+01  0.0
-1.870000e+01  3.900000e+01  0.0
-1.900000e+01  3.900000e+01  0.0
-1.930000e+01  3.900000e+01  0.0
-1.970000e+01  3.900000e+01  0.0
-2.000000e+01  3.900000e+01  0.0
-2.030000e+01  3.900000e+01  0.0
-2.070000e+01  3.900000e+01  0.0
-2.100000e+01  3.900000e+01  0.0
-2.130000e+01  3.900000e+01  0.0
-2.170000e+01  3.900000e+01  0.0
-2.200000e+01  3.900000e+01  0.0
-13.3  48  1.638703e-02
-13.7  48  2.738378e-02
-14  48  7.459746e-02
-14.3  48  4.830129e-01
-14.7  48  2.294743e-01
-15  48  7.153678e-01
-15.3  48  6.944345e-01
-15.7  48  7.582084e-01
-16  48  6.629849e-01
-16.3  48  5.621977e-01
-16.7  48  3.312422e-01
-17  48  2.413634e-01
-17.3  48  1.658611e-01
-17.7  48  5.028215e-02
-1.800000e+01  4.800000e+01  0.0
-1.830000e+01  4.800000e+01  0.0
-1.870000e+01  4.800000e+01  0.0
-1.900000e+01  4.800000e+01  0.0
-1.930000e+01  4.800000e+01  0.0
-1.970000e+01  4.800000e+01  0.0
-2.000000e+01  4.800000e+01  0.0
-2.030000e+01  4.800000e+01  0.0
-2.070000e+01  4.800000e+01  0.0
-2.100000e+01  4.800000e+01  0.0
-2.130000e+01  4.800000e+01  0.0
-2.170000e+01  4.800000e+01  0.0
-2.200000e+01  4.800000e+01  0.0
-13.3  58  9.720741e-03
-13.7  58  3.347712e-02
-14  58  1.263469e-01
-14.3  58  2.264076e-01
-14.7  58  2.055088e-01
-15  58  3.397908e-01
-15.3  58  6.011599e-01
-15.7  58  5.184934e-01
-16  58  4.353645e-01
-16.3  58  3.429520e-01
-16.7  58  2.179388e-01
-17  58  1.527675e-01
-17.3  58  6.462686e-02
-1.770000e+01  5.800000e+01  0.0
-1.800000e+01  5.800000e+01  0.0
-1.830000e+01  5.800000e+01  0.0
-1.870000e+01  5.800000e+01  0.0
-1.900000e+01  5.800000e+01  0.0
-1.930000e+01  5.800000e+01  0.0
-1.970000e+01  5.800000e+01  0.0
-2.000000e+01  5.800000e+01  0.0
-2.030000e+01  5.800000e+01  0.0
-2.070000e+01  5.800000e+01  0.0
-2.100000e+01  5.800000e+01  0.0
-2.130000e+01  5.800000e+01  0.0
-2.170000e+01  5.800000e+01  0.0
-2.200000e+01  5.800000e+01  0.0
-13.3  88  5.329846e-03
-13.7  88  7.387403e-03
-14  88  1.193785e-02
-14.3  88  2.999178e-02
-14.7  88  4.051945e-02
-15  88  5.001565e-02
-15.3  88  5.666250e-02
-15.7  88  3.608471e-02
-16  88  3.705195e-02
-16.3  88  3.297191e-02
-16.7  88  1.499227e-02
-17  88  4.033849e-03
-1.730000e+01  8.800000e+01  0.0
-1.770000e+01  8.800000e+01  0.0
-1.800000e+01  8.800000e+01  0.0
-1.830000e+01  8.800000e+01  0.0
-1.870000e+01  8.800000e+01  0.0
-1.900000e+01  8.800000e+01  0.0
-1.930000e+01  8.800000e+01  0.0
-1.970000e+01  8.800000e+01  0.0
-2.000000e+01  8.800000e+01  0.0
-2.030000e+01  8.800000e+01  0.0
-2.070000e+01  8.800000e+01  0.0
-2.100000e+01  8.800000e+01  0.0
-2.130000e+01  8.800000e+01  0.0
-2.170000e+01  8.800000e+01  0.0
-2.200000e+01  8.800000e+01  0.0
-13.3  108  0.000000e+00
-13.7  108  0.000000e+00
-14  108  0.000000e+00
-14.3  108  0.000000e+00
-14.7  108  0.000000e+00
-15  108  0.000000e+00
-15.3  108  0.000000e+00
-15.7  108  0.000000e+00
-16  108  0.000000e+00
-16.3  108  0.000000e+00
-16.7  108  0.000000e+00
-1.700000e+01  1.080000e+02  0.0
-1.730000e+01  1.080000e+02  0.0
-1.770000e+01  1.080000e+02  0.0
-1.800000e+01  1.080000e+02  0.0
-1.830000e+01  1.080000e+02  0.0
-1.870000e+01  1.080000e+02  0.0
-1.900000e+01  1.080000e+02  0.0
-1.930000e+01  1.080000e+02  0.0
-1.970000e+01  1.080000e+02  0.0
-2.000000e+01  1.080000e+02  0.0
-2.030000e+01  1.080000e+02  0.0
-2.070000e+01  1.080000e+02  0.0
-2.100000e+01  1.080000e+02  0.0
-2.130000e+01  1.080000e+02  0.0
-2.170000e+01  1.080000e+02  0.0
-2.200000e+01  1.080000e+02  0.0
-13.3  132  0.000000e+00
-13.7  132  0.000000e+00
-14  132  0.000000e+00
-14.3  132  0.000000e+00
-14.7  132  0.000000e+00
-15  132  0.000000e+00
-15.3  132  0.000000e+00
-15.7  132  0.000000e+00
-16  132  0.000000e+00
-16.3  132  0.000000e+00
-1.670000e+01  1.320000e+02  0.0
-1.700000e+01  1.320000e+02  0.0
-1.730000e+01  1.320000e+02  0.0
-1.770000e+01  1.320000e+02  0.0
-1.800000e+01  1.320000e+02  0.0
-1.830000e+01  1.320000e+02  0.0
-1.870000e+01  1.320000e+02  0.0
-1.900000e+01  1.320000e+02  0.0
-1.930000e+01  1.320000e+02  0.0
-1.970000e+01  1.320000e+02  0.0
-2.000000e+01  1.320000e+02  0.0
-2.030000e+01  1.320000e+02  0.0
-2.070000e+01  1.320000e+02  0.0
-2.100000e+01  1.320000e+02  0.0
-2.130000e+01  1.320000e+02  0.0
-2.170000e+01  1.320000e+02  0.0
-2.200000e+01  1.320000e+02  0.0
-13.3  162  0.000000e+00
-13.7  162  0.000000e+00
-14  162  0.000000e+00
-14.3  162  0.000000e+00
-14.7  162  0.000000e+00
-15  162  0.000000e+00
-15.3  162  0.000000e+00
-15.7  162  0.000000e+00
-16  162  0.000000e+00
-1.630000e+01  1.620000e+02  0.0
-1.670000e+01  1.620000e+02  0.0
-1.700000e+01  1.620000e+02  0.0
-1.730000e+01  1.620000e+02  0.0
-1.770000e+01  1.620000e+02  0.0
-1.800000e+01  1.620000e+02  0.0
-1.830000e+01  1.620000e+02  0.0
-1.870000e+01  1.620000e+02  0.0
-1.900000e+01  1.620000e+02  0.0
-1.930000e+01  1.620000e+02  0.0
-1.970000e+01  1.620000e+02  0.0
-2.000000e+01  1.620000e+02  0.0
-2.030000e+01  1.620000e+02  0.0
-2.070000e+01  1.620000e+02  0.0
-2.100000e+01  1.620000e+02  0.0
-2.130000e+01  1.620000e+02  0.0
-2.170000e+01  1.620000e+02  0.0
-2.200000e+01  1.620000e+02  0.0
-13.3  199  0.000000e+00
-13.7  199  0.000000e+00
-14  199  0.000000e+00
-14.3  199  0.000000e+00
-14.7  199  0.000000e+00
-15  199  0.000000e+00
-15.3  199  0.000000e+00
-15.7  199  0.000000e+00
-1.600000e+01  1.990000e+02  0.0
-1.630000e+01  1.990000e+02  0.0
-1.670000e+01  1.990000e+02  0.0
-1.700000e+01  1.990000e+02  0.0
-1.730000e+01  1.990000e+02  0.0
-1.770000e+01  1.990000e+02  0.0
-1.800000e+01  1.990000e+02  0.0
-1.830000e+01  1.990000e+02  0.0
-1.870000e+01  1.990000e+02  0.0
-1.900000e+01  1.990000e+02  0.0
-1.930000e+01  1.990000e+02  0.0
-1.970000e+01  1.990000e+02  0.0
-2.000000e+01  1.990000e+02  0.0
-2.030000e+01  1.990000e+02  0.0
-2.070000e+01  1.990000e+02  0.0
-2.100000e+01  1.990000e+02  0.0
-2.130000e+01  1.990000e+02  0.0
-2.170000e+01  1.990000e+02  0.0
-2.200000e+01  1.990000e+02  0.0
-13.3  244  0.000000e+00
-13.7  244  0.000000e+00
-14  244  0.000000e+00
-14.3  244  0.000000e+00
-14.7  244  0.000000e+00
-15  244  0.000000e+00
-15.3  244  0.000000e+00
-15.7  244  0.000000e+00
-1.600000e+01  2.440000e+02  0.0
-1.630000e+01  2.440000e+02  0.0
-1.670000e+01  2.440000e+02  0.0
-1.700000e+01  2.440000e+02  0.0
-1.730000e+01  2.440000e+02  0.0
-1.770000e+01  2.440000e+02  0.0
-1.800000e+01  2.440000e+02  0.0
-1.830000e+01  2.440000e+02  0.0
-1.870000e+01  2.440000e+02  0.0
-1.900000e+01  2.440000e+02  0.0
-1.930000e+01  2.440000e+02  0.0
-1.970000e+01  2.440000e+02  0.0
-2.000000e+01  2.440000e+02  0.0
-2.030000e+01  2.440000e+02  0.0
-2.070000e+01  2.440000e+02  0.0
-2.100000e+01  2.440000e+02  0.0
-2.130000e+01  2.440000e+02  0.0
-2.170000e+01  2.440000e+02  0.0
-2.200000e+01  2.440000e+02  0.0
-13.3  300  0.000000e+00
-13.7  300  0.000000e+00
-14  300  0.000000e+00
-14.3  300  0.000000e+00
-14.7  300  0.000000e+00
-15  300  0.000000e+00
-15.3  300  0.000000e+00
-1.570000e+01  3.000000e+02  0.0
-1.600000e+01  3.000000e+02  0.0
-1.630000e+01  3.000000e+02  0.0
-1.670000e+01  3.000000e+02  0.0
-1.700000e+01  3.000000e+02  0.0
-1.730000e+01  3.000000e+02  0.0
-1.770000e+01  3.000000e+02  0.0
-1.800000e+01  3.000000e+02  0.0
-1.830000e+01  3.000000e+02  0.0
-1.870000e+01  3.000000e+02  0.0
-1.900000e+01  3.000000e+02  0.0
-1.930000e+01  3.000000e+02  0.0
-1.970000e+01  3.000000e+02  0.0
-2.000000e+01  3.000000e+02  0.0
-2.030000e+01  3.000000e+02  0.0
-2.070000e+01  3.000000e+02  0.0
-2.100000e+01  3.000000e+02  0.0
-2.130000e+01  3.000000e+02  0.0
-2.170000e+01  3.000000e+02  0.0
-2.200000e+01  3.000000e+02  0.0
