# log10(y)    mass[MeV]    Nhits
-13.3  5  1.547419e-14
-13.7  5  2.952728e-11
-14  5  1.790024e-08
-14.3  5  2.939492e-06
-14.7  5  1.274610e-04
-15  5  2.329882e-03
-15.3  5  2.111751e-02
-15.7  5  8.458832e-02
-16  5  2.158022e-01
-16.3  5  5.509174e-01
-16.7  5  5.632665e-01
-17  5  8.139911e-01
-17.3  5  7.929910e-01
-17.7  5  1.121868e+00
-18  5  1.334938e+00
-18.3  5  1.414967e+00
-18.7  5  1.223747e+00
-19  5  1.143088e+00
-19.3  5  9.325087e-01
-19.7  5  5.287386e-01
-20  5  3.855955e-01
-20.3  5  2.770016e-01
-20.7  5  1.530732e-01
-21  5  9.149546e-02
-21.3  5  3.462678e-02
-21.7  5  6.158758e-03
-2.200000e+01  5.000000e+00  0.0
-13.3  6  1.550271e-11
-13.7  6  6.745980e-09
-14  6  6.022663e-07
-14.3  6  4.844076e-05
-14.7  6  1.140537e-03
-15  6  1.119274e-02
-15.3  6  8.020826e-02
-15.7  6  1.999571e-01
-16  6  4.773425e-01
-16.3  6  7.557564e-01
-16.7  6  8.792256e-01
-17  6  9.308200e-01
-17.3  6  1.703785e+00
-17.7  6  1.639831e+00
-18  6  1.700480e+00
-18.3  6  1.495111e+00
-18.7  6  1.174626e+00
-19  6  1.009178e+00
-19.3  6  7.808895e-01
-19.7  6  4.424733e-01
-20  6  3.454023e-01
-20.3  6  2.775509e-01
-20.7  6  1.356130e-01
-21  6  4.998032e-02
-21.3  6  1.230199e-02
-2.170000e+01  6.000000e+00  0.0
-2.200000e+01  6.000000e+00  0.0
-13.3  8  6.479265e-09
-13.7  8  5.438337e-07
-14  8  1.949320e-05
-14.3  8  5.250519e-04
-14.7  8  4.881876e-03
-15  8  4.040964e-02
-15.3  8  1.487976e-01
-15.7  8  3.246789e-01
-16  8  5.870754e-01
-16.3  8  8.643382e-01
-16.7  8  7.598211e-01
-17  8  1.327117e+00
-17.3  8  1.682608e+00
-17.7  8  1.617914e+00
-18  8  1.339654e+00
-18.3  8  1.165035e+00
-18.7  8  7.178289e-01
-19  8  5.499676e-01
-19.3  8  4.266372e-01
-19.7  8  2.563032e-01
-20  8  2.325007e-01
-20.3  8  1.488674e-01
-20.7  8  4.707702e-02
-21  8  1.228984e-02
-2.130000e+01  8.000000e+00  0.0
-2.170000e+01  8.000000e+00  0.0
-2.200000e+01  8.000000e+00  0.0
-13.3  9  4.570222e-07
-13.7  9  2.236124e-05
-14  9  4.392924e-04
-14.3  9  5.711842e-03
-14.7  9  2.638145e-02
-15  9  1.261372e-01
-15.3  9  4.220960e-01
-15.7  9  6.408817e-01
-16  9  8.832630e-01
-16.3  9  9.546739e-01
-16.7  9  1.351659e+00
-17  9  2.174327e+00
-17.3  9  2.247639e+00
-17.7  9  1.766438e+00
-18  9  1.486650e+00
-18.3  9  1.076874e+00
-18.7  9  5.620070e-01
-19  9  3.543358e-01
-19.3  9  2.313023e-01
-19.7  9  1.364895e-01
-20  9  7.583674e-02
-20.3  9  2.550434e-02
-20.7  9  4.461833e-03
-2.100000e+01  9.000000e+00  0.0
-2.130000e+01  9.000000e+00  0.0
-2.170000e+01  9.000000e+00  0.0
-2.200000e+01  9.000000e+00  0.0
-13.3  11  5.238012e-06
-13.7  11  1.171724e-04
-14  11  1.690122e-03
-14.3  11  1.165555e-02
-14.7  11  6.219051e-02
-15  11  2.975738e-01
-15.3  11  7.140925e-01
-15.7  11  8.097908e-01
-16  11  8.627746e-01
-16.3  11  1.544999e+00
-16.7  11  1.458704e+00
-17  11  2.202471e+00
-17.3  11  2.082204e+00
-17.7  11  1.614484e+00
-18  11  1.319501e+00
-18.3  11  9.407740e-01
-18.7  11  5.608492e-01
-19  11  3.833292e-01
-19.3  11  2.484626e-01
-19.7  11  1.194771e-01
-20  11  3.791930e-02
-20.3  11  9.014021e-03
-2.070000e+01  1.100000e+01  0.0
-2.100000e+01  1.100000e+01  0.0
-2.130000e+01  1.100000e+01  0.0
-2.170000e+01  1.100000e+01  0.0
-2.200000e+01  1.100000e+01  0.0
-13.3  14  1.533224e-04
-13.7  14  1.318198e-03
-14  14  6.554909e-03
-14.3  14  3.575544e-02
-14.7  14  1.987592e-01
-15  14  4.861499e-01
-15.3  14  1.010279e+00
-15.7  14  6.941262e-01
-16  14  1.440862e+00
-16.3  14  1.849940e+00
-16.7  14  2.041961e+00
-17  14  1.819414e+00
-17.3  14  1.998195e+00
-17.7  14  1.274324e+00
-18  14  9.363831e-01
-18.3  14  7.392287e-01
-18.7  14  3.973157e-01
-19  14  2.869713e-01
-19.3  14  1.635060e-01
-19.7  14  4.358420e-02
-20  14  9.921252e-03
-2.030000e+01  1.400000e+01  0.0
-2.070000e+01  1.400000e+01  0.0
-2.100000e+01  1.400000e+01  0.0
-2.130000e+01  1.400000e+01  0.0
-2.170000e+01  1.400000e+01  0.0
-2.200000e+01  1.400000e+01  0.0
-13.3  17  5.648852e-04
-13.7  17  3.794644e-03
-14  17  2.606965e-02
-14.3  17  9.320571e-02
-14.7  17  2.371195e-01
-15  17  7.132497e-01
-15.3  17  1.170579e+00
-15.7  17  1.176089e+00
-16  17  1.603084e+00
-16.3  17  2.449795e+00
-16.7  17  2.027752e+00
-17  17  1.931077e+00
-17.3  17  1.696843e+00
-17.7  17  1.043725e+00
-18  17  7.858096e-01
-18.3  17  5.707685e-01
-18.7  17  3.659550e-01
-19  17  2.290518e-01
-19.3  17  7.254342e-02
-19.7  17  1.441640e-02
-2.000000e+01  1.700000e+01  0.0
-2.030000e+01  1.700000e+01  0.0
-2.070000e+01  1.700000e+01  0.0
-2.100000e+01  1.700000e+01  0.0
-2.130000e+01  1.700000e+01  0.0
-2.170000e+01  1.700000e+01  0.0
-2.200000e+01  1.700000e+01  0.0
-13.3  21  2.278702e-03
-13.7  21  8.739324e-03
-14  21  3.547002e-02
-14.3  21  1.137780e-01
-14.7  21  1.779115e-01
-15  21  7.759442e-01
-15.3  21  1.372378e+00
-15.7  21  1.521168e+00
-16  21  2.075264e+00
-16.3  21  1.917425e+00
-16.7  21  1.632994e+00
-17  21  1.443703e+00
-17.3  21  1.096495e+00
-17.7  21  6.306382e-01
-18  21  4.850160e-01
-18.3  21  4.029259e-01
-18.7  21  2.015187e-01
-19  21  6.695685e-02
-19.3  21  1.567755e-02
-1.970000e+01  2.100000e+01  0.0
-2.000000e+01  2.100000e+01  0.0
-2.030000e+01  2.100000e+01  0.0
-2.070000e+01  2.100000e+01  0.0
-2.100000e+01  2.100000e+01  0.0
-2.130000e+01  2.100000e+01  0.0
-2.170000e+01  2.100000e+01  0.0
-2.200000e+01  2.100000e+01  0.0
-13.3  26  4.771131e-03
-13.7  26  1.296823e-02
-14  26  4.652490e-02
-14.3  26  2.744505e-01
-14.7  26  4.035076e-01
-15  26  6.512194e-01
-15.3  26  1.553543e+00
-15.7  26  1.525593e+00
-16  26  1.954894e+00
-16.3  26  1.800476e+00
-16.7  26  1.383100e+00
-17  26  1.087025e+00
-17.3  26  7.399397e-01
-17.7  26  4.477573e-01
-18  26  3.789700e-01
-18.3  26  2.249361e-01
-18.7  26  6.486308e-02
-19  26  1.499616e-02
-1.930000e+01  2.600000e+01  0.0
-1.970000e+01  2.600000e+01  0.0
-2.000000e+01  2.600000e+01  0.0
-2.030000e+01  2.600000e+01  0.0
-2.070000e+01  2.600000e+01  0.0
-2.100000e+01  2.600000e+01  0.0
-2.130000e+01  2.600000e+01  0.0
-2.170000e+01  2.600000e+01  0.0
-2.200000e+01  2.600000e+01  0.0
-13.3  32  8.396425e-03
-13.7  32  1.168690e-02
-14  32  1.200646e-01
-14.3  32  1.668456e-01
-14.7  32  4.764342e-01
-15  32  6.424983e-01
-15.3  32  1.658343e+00
-15.7  32  1.306489e+00
-16  32  1.609397e+00
-16.3  32  1.539074e+00
-16.7  32  9.583299e-01
-17  32  7.491976e-01
-17.3  32  5.683746e-01
-17.7  32  3.305392e-01
-18  32  2.024707e-01
-18.3  32  7.277220e-02
-18.7  32  1.318175e-02
-1.900000e+01  3.200000e+01  0.0
-1.930000e+01  3.200000e+01  0.0
-1.970000e+01  3.200000e+01  0.0
-2.000000e+01  3.200000e+01  0.0
-2.030000e+01  3.200000e+01  0.0
-2.070000e+01  3.200000e+01  0.0
-2.100000e+01  3.200000e+01  0.0
-2.130000e+01  3.200000e+01  0.0
-2.170000e+01  3.200000e+01  0.0
-2.200000e+01  3.200000e+01  0.0
-13.3  39  8.247211e-03
-13.7  39  6.043111e-02
-14  39  1.417992e-01
-14.3  39  2.819739e-01
-14.7  39  5.128238e-01
-15  39  7.804806e-01
-15.3  39  1.571526e+00
-15.7  39  1.319716e+00
-16  39  1.410952e+00
-16.3  39  1.148030e+00
-16.7  39  7.114555e-01
-17  39  5.297759e-01
-17.3  39  3.951148e-01
-17.7  39  2.091874e-01
-18  39  7.199839e-02
-1.830000e+01  3.900000e+01  0.0
-1.870000e+01  3.900000e+01  0.0
-1.900000e+01  3.900000e+01  0.0
-1.930000e+01  3.900000e+01  0.0
-1.970000e+01  3.900000e+01  0.0
-2.000000e+01  3.900000e+01  0.0
-2.030000e+01  3.900000e+01  0.0
-2.070000e+01  3.900000e+01  0.0
-2.100000e+01  3.900000e+01  0.0
-2.130000e+01  3.900000e+01  0.0
-2.170000e+01  3.900000e+01  0.0
-2.200000e+01  3.900000e+01  0.0
-13.3  48  1.774845e-02
-13.7  48  2.983984e-02
-14  48  8.211529e-02
-14.3  48  5.421980e-01
-14.7  48  2.631980e-01
-15  48  8.429212e-01
-15.3  48  8.391544e-01
-15.7  48  9.395711e-01
-16  48  8.412703e-01
-16.3  48  7.287554e-01
-16.7  48  4.364665e-01
-17  48  3.195387e-01
-17.3  48  2.214555e-01
-17.7  48  6.795281e-02
-1.800000e+01  4.800000e+01  0.0
-1.830000e+01  4.800000e+01  0.0
-1.870000e+01  4.800000e+01  0.0
-1.900000e+01  4.800000e+01  0.0
-1.930000e+01  4.800000e+01  0.0
-1.970000e+01  4.800000e+01  0.0
-2.000000e+01  4.800000e+01  0.0
-2.030000e+01  4.800000e+01  0.0
-2.070000e+01  4.800000e+01  0.0
-2.100000e+01  4.800000e+01  0.0
-2.130000e+01  4.800000e+01  0.0
-2.170000e+01  4.800000e+01  0.0
-2.200000e+01  4.800000e+01  0.0
-13.3  58  1.023848e-02
-13.7  58  3.571517e-02
-14  58  1.362713e-01
-14.3  58  2.453470e-01
-14.7  58  2.233747e-01
-15  58  3.702137e-01
-15.3  58  6.565616e-01
-15.7  58  5.676502e-01
-16  58  4.777790e-01
-16.3  58  3.772268e-01
-16.7  58  2.398508e-01
-17  58  1.682874e-01
-17.3  58  7.130549e-02
-1.770000e+01  5.800000e+01  0.0
-1.800000e+01  5.800000e+01  0.0
-1.830000e+01  5.800000e+01  0.0
-1.870000e+01  5.800000e+01  0.0
-1.900000e+01  5.800000e+01  0.0
-1.930000e+01  5.800000e+01  0.0
-1.970000e+01  5.800000e+01  0.0
-2.000000e+01  5.800000e+01  0.0
-2.030000e+01  5.800000e+01  0.0
-2.070000e+01  5.800000e+01  0.0
-2.100000e+01  5.800000e+01  0.0
-2.130000e+01  5.800000e+01  0.0
-2.170000e+01  5.800000e+01  0.0
-2.200000e+01  5.800000e+01  0.0
-13.3  88  4.807299e-03
-13.7  88  6.536877e-03
-14  88  1.043076e-02
-14.3  88  2.599312e-02
-14.7  88  3.491072e-02
-15  88  4.287480e-02
-15.3  88  4.836481e-02
-15.7  88  3.068848e-02
-16  88  3.141371e-02
-16.3  88  2.793878e-02
-16.7  88  1.269946e-02
-17  88  3.414078e-03
-1.730000e+01  8.800000e+01  0.0
-1.770000e+01  8.800000e+01  0.0
-1.800000e+01  8.800000e+01  0.0
-1.830000e+01  8.800000e+01  0.0
-1.870000e+01  8.800000e+01  0.0
-1.900000e+01  8.800000e+01  0.0
-1.930000e+01  8.800000e+01  0.0
-1.970000e+01  8.800000e+01  0.0
-2.000000e+01  8.800000e+01  0.0
-2.030000e+01  8.800000e+01  0.0
-2.070000e+01  8.800000e+01  0.0
-2.100000e+01  8.800000e+01  0.0
-2.130000e+01  8.800000e+01  0.0
-2.170000e+01  8.800000e+01  0.0
-2.200000e+01  8.800000e+01  0.0
-13.3  108  0.000000e+00
-13.7  108  0.000000e+00
-14  108  0.000000e+00
-14.3  108  0.000000e+00
-14.7  108  0.000000e+00
-15  108  0.000000e+00
-15.3  108  0.000000e+00
-15.7  108  0.000000e+00
-16  108  0.000000e+00
-16.3  108  0.000000e+00
-16.7  108  0.000000e+00
-1.700000e+01  1.080000e+02  0.0
-1.730000e+01  1.080000e+02  0.0
-1.770000e+01  1.080000e+02  0.0
-1.800000e+01  1.080000e+02  0.0
-1.830000e+01  1.080000e+02  0.0
-1.870000e+01  1.080000e+02  0.0
-1.900000e+01  1.080000e+02  0.0
-1.930000e+01  1.080000e+02  0.0
-1.970000e+01  1.080000e+02  0.0
-2.000000e+01  1.080000e+02  0.0
-2.030000e+01  1.080000e+02  0.0
-2.070000e+01  1.080000e+02  0.0
-2.100000e+01  1.080000e+02  0.0
-2.130000e+01  1.080000e+02  0.0
-2.170000e+01  1.080000e+02  0.0
-2.200000e+01  1.080000e+02  0.0
-13.3  132  0.000000e+00
-13.7  132  0.000000e+00
-14  132  0.000000e+00
-14.3  132  0.000000e+00
-14.7  132  0.000000e+00
-15  132  0.000000e+00
-15.3  132  0.000000e+00
-15.7  132  0.000000e+00
-16  132  0.000000e+00
-16.3  132  0.000000e+00
-1.670000e+01  1.320000e+02  0.0
-1.700000e+01  1.320000e+02  0.0
-1.730000e+01  1.320000e+02  0.0
-1.770000e+01  1.320000e+02  0.0
-1.800000e+01  1.320000e+02  0.0
-1.830000e+01  1.320000e+02  0.0
-1.870000e+01  1.320000e+02  0.0
-1.900000e+01  1.320000e+02  0.0
-1.930000e+01  1.320000e+02  0.0
-1.970000e+01  1.320000e+02  0.0
-2.000000e+01  1.320000e+02  0.0
-2.030000e+01  1.320000e+02  0.0
-2.070000e+01  1.320000e+02  0.0
-2.100000e+01  1.320000e+02  0.0
-2.130000e+01  1.320000e+02  0.0
-2.170000e+01  1.320000e+02  0.0
-2.200000e+01  1.320000e+02  0.0
-13.3  162  0.000000e+00
-13.7  162  0.000000e+00
-14  162  0.000000e+00
-14.3  162  0.000000e+00
-14.7  162  0.000000e+00
-15  162  0.000000e+00
-15.3  162  0.000000e+00
-15.7  162  0.000000e+00
-16  162  0.000000e+00
-1.630000e+01  1.620000e+02  0.0
-1.670000e+01  1.620000e+02  0.0
-1.700000e+01  1.620000e+02  0.0
-1.730000e+01  1.620000e+02  0.0
-1.770000e+01  1.620000e+02  0.0
-1.800000e+01  1.620000e+02  0.0
-1.830000e+01  1.620000e+02  0.0
-1.870000e+01  1.620000e+02  0.0
-1.900000e+01  1.620000e+02  0.0
-1.930000e+01  1.620000e+02  0.0
-1.970000e+01  1.620000e+02  0.0
-2.000000e+01  1.620000e+02  0.0
-2.030000e+01  1.620000e+02  0.0
-2.070000e+01  1.620000e+02  0.0
-2.100000e+01  1.620000e+02  0.0
-2.130000e+01  1.620000e+02  0.0
-2.170000e+01  1.620000e+02  0.0
-2.200000e+01  1.620000e+02  0.0
-13.3  199  0.000000e+00
-13.7  199  0.000000e+00
-14  199  0.000000e+00
-14.3  199  0.000000e+00
-14.7  199  0.000000e+00
-15  199  0.000000e+00
-15.3  199  0.000000e+00
-15.7  199  0.000000e+00
-1.600000e+01  1.990000e+02  0.0
-1.630000e+01  1.990000e+02  0.0
-1.670000e+01  1.990000e+02  0.0
-1.700000e+01  1.990000e+02  0.0
-1.730000e+01  1.990000e+02  0.0
-1.770000e+01  1.990000e+02  0.0
-1.800000e+01  1.990000e+02  0.0
-1.830000e+01  1.990000e+02  0.0
-1.870000e+01  1.990000e+02  0.0
-1.900000e+01  1.990000e+02  0.0
-1.930000e+01  1.990000e+02  0.0
-1.970000e+01  1.990000e+02  0.0
-2.000000e+01  1.990000e+02  0.0
-2.030000e+01  1.990000e+02  0.0
-2.070000e+01  1.990000e+02  0.0
-2.100000e+01  1.990000e+02  0.0
-2.130000e+01  1.990000e+02  0.0
-2.170000e+01  1.990000e+02  0.0
-2.200000e+01  1.990000e+02  0.0
-13.3  244  0.000000e+00
-13.7  244  0.000000e+00
-14  244  0.000000e+00
-14.3  244  0.000000e+00
-14.7  244  0.000000e+00
-15  244  0.000000e+00
-15.3  244  0.000000e+00
-15.7  244  0.000000e+00
-1.600000e+01  2.440000e+02  0.0
-1.630000e+01  2.440000e+02  0.0
-1.670000e+01  2.440000e+02  0.0
-1.700000e+01  2.440000e+02  0.0
-1.730000e+01  2.440000e+02  0.0
-1.770000e+01  2.440000e+02  0.0
-1.800000e+01  2.440000e+02  0.0
-1.830000e+01  2.440000e+02  0.0
-1.870000e+01  2.440000e+02  0.0
-1.900000e+01  2.440000e+02  0.0
-1.930000e+01  2.440000e+02  0.0
-1.970000e+01  2.440000e+02  0.0
-2.000000e+01  2.440000e+02  0.0
-2.030000e+01  2.440000e+02  0.0
-2.070000e+01  2.440000e+02  0.0
-2.100000e+01  2.440000e+02  0.0
-2.130000e+01  2.440000e+02  0.0
-2.170000e+01  2.440000e+02  0.0
-2.200000e+01  2.440000e+02  0.0
-13.3  300  0.000000e+00
-13.7  300  0.000000e+00
-14  300  0.000000e+00
-14.3  300  0.000000e+00
-14.7  300  0.000000e+00
-15  300  0.000000e+00
-15.3  300  0.000000e+00
-1.570000e+01  3.000000e+02  0.0
-1.600000e+01  3.000000e+02  0.0
-1.630000e+01  3.000000e+02  0.0
-1.670000e+01  3.000000e+02  0.0
-1.700000e+01  3.000000e+02  0.0
-1.730000e+01  3.000000e+02  0.0
-1.770000e+01  3.000000e+02  0.0
-1.800000e+01  3.000000e+02  0.0
-1.830000e+01  3.000000e+02  0.0
-1.870000e+01  3.000000e+02  0.0
-1.900000e+01  3.000000e+02  0.0
-1.930000e+01  3.000000e+02  0.0
-1.970000e+01  3.000000e+02  0.0
-2.000000e+01  3.000000e+02  0.0
-2.030000e+01  3.000000e+02  0.0
-2.070000e+01  3.000000e+02  0.0
-2.100000e+01  3.000000e+02  0.0
-2.130000e+01  3.000000e+02  0.0
-2.170000e+01  3.000000e+02  0.0
-2.200000e+01  3.000000e+02  0.0
