# m_a[MeV] g_a Z
0.25 3.15693e-05 0.2797055709792875
0.2899749006410853 3.15693e-05 0.2797055709792875
0.33634177200722903 3.15693e-05 0.295893316754798
0.39012268767697117 3.15693e-05 0.46374639556160224
0.45250315038785144 3.15693e-05 0.4758761467420576
0.5248582242939811 3.15693e-05 0.3649064606616874
0.6087828457612144 3.15693e-05 0.5521776065248224
0.7061269808464211 3.15693e-05 0.46434373531250245
0.8190364044437219 3.15693e-05 0.3797661495615482
0.95 3.15693e-05 0.29502890007984817
0.25 5e-05 0.2797055709792875
0.2899749006410853 5e-05 0.2797055709792875
0.33634177200722903 5e-05 0.28756283887155154
0.39012268767697117 5e-05 0.5366944989574343
0.45250315038785144 5e-05 0.41872569448446
0.5248582242939811 5e-05 0.026596097830108068
0.6087828457612144 5e-05 0.2832199895761745
0.7061269808464211 5e-05 0.024442357885500546
0.8190364044437219 5e-05 0.1863619477350276
0.95 5e-05 0.2542380515355049
0.25 6e-05 0.2797055709792875
0.2899749006410853 6e-05 0.2797055709792875
0.33634177200722903 6e-05 0.26058257151149333
0.39012268767697117 6e-05 0.4762939624115924
0.45250315038785144 6e-05 0.1888532361215885
0.5248582242939811 6e-05 0.4399168902451554
0.6087828457612144 6e-05 0.2480798314346563
0.7061269808464211 6e-05 0.7273935725266728
0.8190364044437219 6e-05 0.9169841076776595
0.95 6e-05 0.9166639169525657
0.25 7e-05 0.2797055709792875
0.2899749006410853 7e-05 0.2797055709792875
0.33634177200722903 7e-05 0.2098759858033486
0.39012268767697117 7e-05 0.3167971704914785
0.45250315038785144 7e-05 0.2135116775293101
0.5248582242939811 7e-05 1.1177416612909612
0.6087828457612144 7e-05 1.0664283273420745
0.7061269808464211 7e-05 1.735156995491534
0.8190364044437219 7e-05 1.9433962460226806
0.95 7e-05 1.8482499514681092
0.25 8e-05 0.2797055709792875
0.2899749006410853 8e-05 0.2797055709792875
0.33634177200722903 8e-05 0.13016069665580926
0.39012268767697117 8e-05 0.04976063364542973
0.45250315038785144 8e-05 0.7778393016019065
0.5248582242939811 8e-05 1.968764125440353
0.6087828457612144 8e-05 2.1078929795283523
0.7061269808464211 8e-05 2.960852299658942
0.8190364044437219 8e-05 3.1798323734807417
0.95 8e-05 2.979726980727256
0.25 9e-05 0.2797055709792875
0.2899749006410853 9e-05 0.2797055709792875
0.33634177200722903 9e-05 0.01719299444029566
0.39012268767697117 9e-05 0.32439003896978774
0.45250315038785144 9e-05 1.4858966254133705
0.5248582242939811 9e-05 2.962959945630779
0.6087828457612144 9e-05 3.3219931988496656
0.7061269808464211 9e-05 4.350495154618813
0.8190364044437219 9e-05 4.5786110690747055
0.95 9e-05 4.2738793596492775
0.25 0.0001 0.2797055709792875
0.2899749006410853 0.0001 0.2797055709792875
0.33634177200722903 0.0001 0.12953111679471288
0.39012268767697117 0.0001 0.7887365464270891
0.45250315038785144 0.0001 2.2954069699562316
0.5248582242939811 0.0001 4.04591032047199
0.6087828457612144 0.0001 4.63487796336676
0.7061269808464211 0.0001 5.833795911790424
0.8190364044437219 0.0001 6.072456857775447
0.95 0.0001 5.670949010748207
0.25 0.0002 0.2797055709792875
0.2899749006410853 0.0002 0.2797055709792875
0.33634177200722903 0.0002 3.218211186155902
0.39012268767697117 0.0002 7.835684964021933
0.45250315038785144 0.0002 99
0.5248582242939811 0.0002 99
0.6087828457612144 0.0002 99
0.7061269808464211 0.0002 99
0.8190364044437219 0.0002 99
0.95 0.0002 99
0.25 0.0003 0.2797055709792875
0.2899749006410853 0.0003 0.2797055709792875
0.33634177200722903 0.0003 0.2970092554564454
0.39012268767697117 0.0003 0.2970095734909989
0.45250315038785144 0.0003 0.2970100011410366
0.5248582242939811 0.0003 0.2970105760827578
0.6087828457612144 0.0003 0.29701134885669506
0.7061269808464211 0.0003 0.2968085129056202
0.8190364044437219 0.0003 0.2797055709792875
0.95 0.0003 0.48439215207784125
0.25 0.0004 0.2797055709792875
0.2899749006410853 0.0004 0.2797055709792875
0.33634177200722903 0.0004 0.2797055709792875
0.39012268767697117 0.0004 0.2797055709792875
0.45250315038785144 0.0004 0.2797055709792875
0.5248582242939811 0.0004 0.2797055709792875
0.6087828457612144 0.0004 0.2797055709792875
0.7061269808464211 0.0004 0.2797055709792875
0.8190364044437219 0.0004 0.2797055709792875
0.95 0.0004 0.2797055709792875
0.25 0.0005 0.2797055709792875
0.2899749006410853 0.0005 0.2797055709792875
0.33634177200722903 0.0005 0.2797055709792875
0.39012268767697117 0.0005 0.2797055709792875
0.45250315038785144 0.0005 0.2797055709792875
0.5248582242939811 0.0005 0.2797055709792875
0.6087828457612144 0.0005 0.2797055709792875
0.7061269808464211 0.0005 0.2797055709792875
0.8190364044437219 0.0005 0.2797055709792875
0.95 0.0005 0.2797055709792875
1.0 3.15693e-05 0.28742938806840357
1.3556352626674741 3.15693e-05 0.3889404674017832
1.837746965387512 3.15693e-05 0.2745094449215871
2.4913145901394538 3.15693e-05 0.10060172339770496
3.3773139087910096 3.15693e-05 0.25591546516829966
4.578405827854414 3.15693e-05 0.3661427605622048
6.2066483870417155 3.15693e-05 1.03631641396334
8.413951416451951 3.15693e-05 0.4430726774763127
11.40624923851321 3.15693e-05 0.5804992853382258
15.462713682502532 3.15693e-05 0.3569057690350439
20.961799924531267 3.15693e-05 0.29706161122766994
28.416555146674987 3.15693e-05 0.25718815044911286
38.52248420036753 3.15693e-05 0.2853282392102172
52.22243798756887 3.15693e-05 0.2904105938971295
70.79457843841381 3.15693e-05 0.27848280042197526
1.0 5e-05 0.2404081885736762
1.3556352626674741 5e-05 0.07787817204111516
1.837746965387512 5e-05 0.13421427119967286
2.4913145901394538 5e-05 0.33505776013514343
3.3773139087910096 5e-05 0.16849900326633951
4.578405827854414 5e-05 2.402754991585906
6.2066483870417155 5e-05 4.326176367267366
8.413951416451951 5e-05 3.9034799533445557
11.40624923851321 5e-05 3.081451991510127
15.462713682502532 5e-05 0.20489604509571435
20.961799924531267 5e-05 0.24728519758841586
28.416555146674987 5e-05 0.1999857600011279
38.52248420036753 5e-05 0.28952436538973636
52.22243798756887 5e-05 0.30507408117119184
70.79457843841381 5e-05 0.276746418398459
1.0 6e-05 0.8770252608681637
1.3556352626674741 6e-05 0.6881783672512044
1.837746965387512 6e-05 0.6127812663410727
2.4913145901394538 6e-05 0.7310068039420788
3.3773139087910096 6e-05 0.0706458479246214
4.578405827854414 6e-05 3.8531944983471114
6.2066483870417155 6e-05 6.383892465996582
8.413951416451951 6e-05 6.180055980147382
11.40624923851321 6e-05 4.877715665658372
15.462713682502532 6e-05 0.8684904691578308
20.961799924531267 6e-05 0.1613139976854176
28.416555146674987 6e-05 0.1417690466739924
38.52248420036753 6e-05 0.2897344095728975
52.22243798756887 6e-05 0.3151927639472721
70.79457843841381 6e-05 0.2754665197648079
1.0 7e-05 1.7774810377819958
1.3556352626674741 7e-05 1.5516575406393533
1.837746965387512 7e-05 1.2797228360835877
2.4913145901394538 7e-05 1.2542968017466367
3.3773139087910096 7e-05 0.08114156868982642
4.578405827854414 7e-05 5.236374849535543
6.2066483870417155 7e-05 99
8.413951416451951 7e-05 99
11.40624923851321 7e-05 6.770540891621828
15.462713682502532 7e-05 1.7673163865638641
20.961799924531267 7e-05 0.02325748679277383
28.416555146674987 7e-05 0.13444573963378292
38.52248420036753 7e-05 0.285245686749629
52.22243798756887 7e-05 0.3172052130878102
70.79457843841381 7e-05 0.2763458743124485
1.0 8e-05 2.876401380073561
1.3556352626674741 8e-05 2.60910382474726
1.837746965387512 8e-05 2.107495109419303
2.4913145901394538 8e-05 1.8840334088920976
3.3773139087910096 8e-05 0.288419148089788
4.578405827854414 8e-05 6.826201441832644
6.2066483870417155 8e-05 99
8.413951416451951 8e-05 99
11.40624923851321 8e-05 99
15.462713682502532 8e-05 2.835768405013368
20.961799924531267 8e-05 0.1955460226693522
28.416555146674987 8e-05 0.0605372954142932
38.52248420036753 8e-05 0.27894316661857627
52.22243798756887 8e-05 0.32741519974750277
70.79457843841381 8e-05 0.27532399333044605
1.0 9e-05 4.138706830362611
1.3556352626674741 9e-05 3.8201426321452567
1.837746965387512 9e-05 3.0721696319000915
2.4913145901394538 9e-05 2.6094588982158875
3.3773139087910096 9e-05 0.5605135420121553
4.578405827854414 9e-05 99
6.2066483870417155 9e-05 99
8.413951416451951 9e-05 99
11.40624923851321 9e-05 99
15.462713682502532 9e-05 4.033241392442774
20.961799924531267 9e-05 0.49575987444262115
28.416555146674987 9e-05 0.037128653798848416
38.52248420036753 9e-05 0.26769116995398046
52.22243798756887 9e-05 0.3382740718783803
70.79457843841381 9e-05 0.27416052102877847
1.0 0.0001 5.506490268828367
1.3556352626674741 0.0001 5.129368271974824
1.837746965387512 0.0001 4.1268904320911695
2.4913145901394538 0.0001 3.4134229737927573
3.3773139087910096 0.0001 0.8956724530265887
4.578405827854414 0.0001 99
6.2066483870417155 0.0001 99
8.413951416451951 0.0001 99
11.40624923851321 0.0001 99
15.462713682502532 0.0001 5.3092307027830685
20.961799924531267 0.0001 0.8811865350931661
28.416555146674987 0.0001 0.1626991181266312
38.52248420036753 0.0001 0.25006315755017583
52.22243798756887 0.0001 0.3496471406370845
70.79457843841381 0.0001 0.27284697574259514
1.0 0.0002 99
1.3556352626674741 0.0002 99
1.837746965387512 0.0002 99
2.4913145901394538 0.0002 99
3.3773139087910096 0.0002 6.880382053561412
4.578405827854414 0.0002 99
6.2066483870417155 0.0002 99
8.413951416451951 0.0002 99
11.40624923851321 0.0002 99
15.462713682502532 0.0002 99
20.961799924531267 0.0002 7.928367942870712
28.416555146674987 0.0002 3.166876190361851
38.52248420036753 0.0002 0.5810912204687684
52.22243798756887 0.0002 0.42236100193904375
70.79457843841381 0.0002 0.25115637124816914
1.0 0.0003 2.733376973677014
1.3556352626674741 0.0003 7.869777910570139
1.837746965387512 0.0003 99
2.4913145901394538 0.0003 3.8790665097221835
3.3773139087910096 0.0003 7.403803121885315
4.578405827854414 0.0003 99
6.2066483870417155 0.0003 2.4244562215740877
8.413951416451951 0.0003 4.578519919871626
11.40624923851321 0.0003 99
15.462713682502532 0.0003 99
20.961799924531267 0.0003 99
28.416555146674987 0.0003 99
38.52248420036753 0.0003 3.0124761549600465
52.22243798756887 0.0003 0.18181357696756187
70.79457843841381 0.0003 0.21039874011199924
1.0 0.0004 0.2797055709792875
1.3556352626674741 0.0004 0.2797055709792875
1.837746965387512 0.0004 0.2797055709792875
2.4913145901394538 0.0004 0.2797055709792875
3.3773139087910096 0.0004 0.2797055709792875
4.578405827854414 0.0004 0.2797055709792875
6.2066483870417155 0.0004 0.2797055709792875
8.413951416451951 0.0004 0.2797055709792875
11.40624923851321 0.0004 0.38953545891118435
15.462713682502532 0.0004 2.326612768934687
20.961799924531267 0.0004 4.201440932443058
28.416555146674987 0.0004 2.215127752206161
38.52248420036753 0.0004 1.5130075495817628
52.22243798756887 0.0004 0.01710387412778293
70.79457843841381 0.0004 0.1438891156869047
1.0 0.0005 0.2797055709792875
1.3556352626674741 0.0005 0.2797055709792875
1.837746965387512 0.0005 0.2797055709792875
2.4913145901394538 0.0005 0.2797055709792875
3.3773139087910096 0.0005 0.2797055709792875
4.578405827854414 0.0005 0.2797055709792875
6.2066483870417155 0.0005 0.2797055709792875
8.413951416451951 0.0005 0.2797055709792875
11.40624923851321 0.0005 0.29712538573890324
15.462713682502532 0.0005 0.73473881967297
20.961799924531267 0.0005 1.9789867074906518
28.416555146674987 0.0005 0.8408953643026694
38.52248420036753 0.0005 0.19734949232637147
52.22243798756887 0.0005 0.4379676850829047
70.79457843841381 0.0005 0.1733411736743784
