# m_a[MeV] g_a Z
0.25 3.15693e-05 0.2797055709792875
0.2899749006410853 3.15693e-05 0.2797055709792875
0.33634177200722903 3.15693e-05 0.2797055709792875
0.39012268767697117 3.15693e-05 0.2797055709792875
0.45250315038785144 3.15693e-05 0.2797055709792875
0.5248582242939811 3.15693e-05 0.2797055709792875
0.6087828457612144 3.15693e-05 0.2797055709792875
0.7061269808464211 3.15693e-05 0.2797055709792875
0.8190364044437219 3.15693e-05 0.2849353605250439
0.95 3.15693e-05 0.3469631016789895
0.25 5e-05 0.2797055709792875
0.2899749006410853 5e-05 0.2797055709792875
0.33634177200722903 5e-05 0.2797055709792875
0.39012268767697117 5e-05 0.2797055709792875
0.45250315038785144 5e-05 0.2797055709792875
0.5248582242939811 5e-05 0.2797055709792875
0.6087828457612144 5e-05 0.2797055709792875
0.7061269808464211 5e-05 0.2797055709792875
0.8190364044437219 5e-05 0.29097815820983425
0.95 5e-05 0.42845874012101726
0.25 6e-05 0.2797055709792875
0.2899749006410853 6e-05 0.2797055709792875
0.33634177200722903 6e-05 0.2797055709792875
0.39012268767697117 6e-05 0.2797055709792875
0.45250315038785144 6e-05 0.2797055709792875
0.5248582242939811 6e-05 0.2797055709792875
0.6087828457612144 6e-05 0.2797055709792875
0.7061269808464211 6e-05 0.2797055709792875
0.8190364044437219 6e-05 0.2940791849493405
0.95 6e-05 0.47470745956833976
0.25 7e-05 0.2797055709792875
0.2899749006410853 7e-05 0.2797055709792875
0.33634177200722903 7e-05 0.2797055709792875
0.39012268767697117 7e-05 0.2797055709792875
0.45250315038785144 7e-05 0.2797055709792875
0.5248582242939811 7e-05 0.2797055709792875
0.6087828457612144 7e-05 0.2797055709792875
0.7061269808464211 7e-05 0.2797055709792875
0.8190364044437219 7e-05 0.2963642172636729
0.95 7e-05 0.516162401918181
0.25 8e-05 0.2797055709792875
0.2899749006410853 8e-05 0.2797055709792875
0.33634177200722903 8e-05 0.2797055709792875
0.39012268767697117 8e-05 0.2797055709792875
0.45250315038785144 8e-05 0.2797055709792875
0.5248582242939811 8e-05 0.2797055709792875
0.6087828457612144 8e-05 0.2797055709792875
0.7061269808464211 8e-05 0.2797055709792875
0.8190364044437219 8e-05 0.2972299626737026
0.95 8e-05 0.5478616095117773
0.25 9e-05 0.2797055709792875
0.2899749006410853 9e-05 0.2797055709792875
0.33634177200722903 9e-05 0.2797055709792875
0.39012268767697117 9e-05 0.2797055709792875
0.45250315038785144 9e-05 0.2797055709792875
0.5248582242939811 9e-05 0.2797055709792875
0.6087828457612144 9e-05 0.2797055709792875
0.7061269808464211 9e-05 0.2797055709792875
0.8190364044437219 9e-05 0.296006217159832
0.95 9e-05 0.5651849108430872
0.25 0.0001 0.2797055709792875
0.2899749006410853 0.0001 0.2797055709792875
0.33634177200722903 0.0001 0.2797055709792875
0.39012268767697117 0.0001 0.2797055709792875
0.45250315038785144 0.0001 0.2797055709792875
0.5248582242939811 0.0001 0.2797055709792875
0.6087828457612144 0.0001 0.2797055709792875
0.7061269808464211 0.0001 0.2797055709792875
0.8190364044437219 0.0001 0.29204716749322573
0.95 0.0001 0.5636362061809995
0.25 0.0002 0.2797055709792875
0.2899749006410853 0.0002 0.2797055709792875
0.33634177200722903 0.0002 0.2797055709792875
0.39012268767697117 0.0002 0.2797055709792875
0.45250315038785144 0.0002 0.2797055709792875
0.5248582242939811 0.0002 0.2797055709792875
0.6087828457612144 0.0002 0.2797055709792875
0.7061269808464211 0.0002 0.2797055709792875
0.8190364044437219 0.0002 0.0360060096447967
0.95 0.0002 0.8933973309037786
0.25 0.0003 0.2797055709792875
0.2899749006410853 0.0003 0.2797055709792875
0.33634177200722903 0.0003 0.2797055709792875
0.39012268767697117 0.0003 0.2797055709792875
0.45250315038785144 0.0003 0.2797055709792875
0.5248582242939811 0.0003 0.2797055709792875
0.6087828457612144 0.0003 0.2797055709792875
0.7061269808464211 0.0003 0.2797055709792875
0.8190364044437219 0.0003 0.28908715500306914
0.95 0.0003 0.2797055709792875
0.25 0.0004 0.2797055709792875
0.2899749006410853 0.0004 0.2797055709792875
0.33634177200722903 0.0004 0.2797055709792875
0.39012268767697117 0.0004 0.2797055709792875
0.45250315038785144 0.0004 0.2797055709792875
0.5248582242939811 0.0004 0.2797055709792875
0.6087828457612144 0.0004 0.2797055709792875
0.7061269808464211 0.0004 0.2797055709792875
0.8190364044437219 0.0004 0.2797055709792875
0.95 0.0004 0.2797055709792875
0.25 0.0005 0.2797055709792875
0.2899749006410853 0.0005 0.2797055709792875
0.33634177200722903 0.0005 0.2797055709792875
0.39012268767697117 0.0005 0.2797055709792875
0.45250315038785144 0.0005 0.2797055709792875
0.5248582242939811 0.0005 0.2797055709792875
0.6087828457612144 0.0005 0.2797055709792875
0.7061269808464211 0.0005 0.2797055709792875
0.8190364044437219 0.0005 0.2797055709792875
0.95 0.0005 0.2797055709792875
1.0 3.15693e-05 0.35025161905235047
1.3556352626674741 3.15693e-05 0.2664699756521981
1.837746965387512 3.15693e-05 0.3256368548491273
2.4913145901394538 3.15693e-05 0.41861793786430096
3.3773139087910096 3.15693e-05 0.4426101509675884
4.578405827854414 3.15693e-05 0.34730177446341365
6.2066483870417155 3.15693e-05 0.3407788928731616
8.413951416451951 3.15693e-05 0.4133680932262483
11.40624923851321 3.15693e-05 0.34606718326611385
15.462713682502532 3.15693e-05 0.33992445195667814
20.961799924531267 3.15693e-05 0.2999125692371317
28.416555146674987 3.15693e-05 0.2818385643646981
38.52248420036753 3.15693e-05 0.28829014340588255
52.22243798756887 3.15693e-05 0.28892648933643955
70.79457843841381 3.15693e-05 0.27817106508690403
1.0 5e-05 0.4309550717463368
1.3556352626674741 5e-05 0.2278486245735994
1.837746965387512 5e-05 0.31576257008862113
2.4913145901394538 5e-05 0.45045314798145336
3.3773139087910096 5e-05 0.48626515842945106
4.578405827854414 5e-05 0.28266533532920535
6.2066483870417155 5e-05 0.2347162112071034
8.413951416451951 5e-05 0.43647256028967607
11.40624923851321 5e-05 0.35139659032137444
15.462713682502532 5e-05 0.3638001199015506
20.961799924531267 5e-05 0.2968506440621151
28.416555146674987 5e-05 0.2662199481209631
38.52248420036753 5e-05 0.2975640364724658
52.22243798756887 5e-05 0.3014740005136281
70.79457843841381 5e-05 0.2759924901518575
1.0 6e-05 0.4732077683483447
1.3556352626674741 6e-05 0.187022170710137
1.837746965387512 6e-05 0.2573112826197502
2.4913145901394538 6e-05 0.36992680161146146
3.3773139087910096 6e-05 0.39392748452551357
4.578405827854414 6e-05 0.13194447758999225
6.2066483870417155 6e-05 0.04293572331151561
8.413951416451951 6e-05 0.3414557329891973
11.40624923851321 6e-05 0.2908109463087284
15.462713682502532 6e-05 0.3349466187594366
20.961799924531267 6e-05 0.27112833345995063
28.416555146674987 6e-05 0.24144509013965018
38.52248420036753 6e-05 0.301991173852315
52.22243798756887 6e-05 0.31024913005236804
70.79457843841381 6e-05 0.27438924835097506
1.0 7e-05 0.5070524038597939
1.3556352626674741 7e-05 0.126702973042899
1.837746965387512 7e-05 0.14122474198812934
2.4913145901394538 7e-05 0.19184739989972777
3.3773139087910096 7e-05 0.18315430434788457
4.578405827854414 7e-05 0.1257727627195707
6.2066483870417155 7e-05 0.26759502153048303
8.413951416451951 7e-05 0.12547442993696448
11.40624923851321 7e-05 0.15920624512347967
15.462713682502532 7e-05 0.2532380557298733
20.961799924531267 7e-05 0.2226974441492349
28.416555146674987 7e-05 0.24686912940364333
38.52248420036753 7e-05 0.30365703260192667
52.22243798756887 7e-05 0.31078308220638884
70.79457843841381 7e-05 0.2753101500847738
1.0 8e-05 0.5270791682616357
1.3556352626674741 8e-05 0.04348293481803729
1.837746965387512 8e-05 0.04278244639351464
2.4913145901394538 8e-05 0.09608522112498959
3.3773139087910096 8e-05 0.1606183162138797
4.578405827854414 8e-05 0.5127844618164924
6.2066483870417155 8e-05 0.7126639632486417
8.413951416451951 8e-05 0.21895427495051478
11.40624923851321 8e-05 0.060064675101073516
15.462713682502532 8e-05 0.10828783054721101
20.961799924531267 8e-05 0.13159071241233702
28.416555146674987 8e-05 0.20907732961284203
38.52248420036753 8e-05 0.3042318185631766
52.22243798756887 8e-05 0.31931847160506377
70.79457843841381 8e-05 0.2739755098989601
1.0 9e-05 0.5282938069122722
1.3556352626674741 9e-05 0.06692254735583365
1.837746965387512 9e-05 0.30271234444776524
2.4913145901394538 9e-05 0.4957382922747151
3.3773139087910096 9e-05 0.6391348761518124
4.578405827854414 9e-05 1.0293004405322714
6.2066483870417155 9e-05 1.2870765861679407
8.413951416451951 9e-05 0.7006119248360504
11.40624923851321 9e-05 0.38054072587320364
15.462713682502532 9e-05 0.11470678319946129
20.961799924531267 9e-05 0.005570478611949094
28.416555146674987 9e-05 0.15243019298066457
38.52248420036753 9e-05 0.30141237563002415
52.22243798756887 9e-05 0.32843473464727446
70.79457843841381 9e-05 0.27245758437372064
1.0 0.0001 0.5066117666335522
1.3556352626674741 0.0001 0.20498919171326058
1.837746965387512 0.0001 0.6378017490620458
2.4913145901394538 0.0001 0.9913510952063691
3.3773139087910096 0.0001 1.2336664654258818
4.578405827854414 0.0001 1.65719188245158
6.2066483870417155 0.0001 1.9687054092023555
8.413951416451951 0.0001 1.3019142978973917
11.40624923851321 0.0001 0.8019120716037811
15.462713682502532 0.0001 0.42139721744513503
20.961799924531267 0.0001 0.1962207037001122
28.416555146674987 0.0001 0.07248639129674314
38.52248420036753 0.0001 0.2938817519393998
52.22243798756887 0.0001 0.33805549879252694
70.79457843841381 0.0001 0.27074907981660823
1.0 0.0002 1.2360175345021402
1.3556352626674741 0.0002 3.094702200657822
1.837746965387512 0.0002 6.769274468241366
2.4913145901394538 0.0002 99
3.3773139087910096 0.0002 99
4.578405827854414 0.0002 99
6.2066483870417155 0.0002 99
8.413951416451951 0.0002 99
11.40624923851321 0.0002 99
15.462713682502532 0.0002 7.081915681893472
20.961799924531267 0.0002 4.941943633915843
28.416555146674987 0.0002 2.419262510980125
38.52248420036753 0.0002 0.32552642754242506
52.22243798756887 0.0002 0.40603001152572893
70.79457843841381 0.0002 0.24286091988466288
1.0 0.0003 0.2797055709792875
1.3556352626674741 0.0003 0.2797055709792875
1.837746965387512 0.0003 0.1464704151210894
2.4913145901394538 0.0003 0.7605831175726533
3.3773139087910096 0.0003 1.4235540914616163
4.578405827854414 0.0003 5.447501684897636
6.2066483870417155 0.0003 3.3390276457440056
8.413951416451951 0.0003 6.700751994770813
11.40624923851321 0.0003 99
15.462713682502532 0.0003 99
20.961799924531267 0.0003 99
28.416555146674987 0.0003 7.40582238903013
38.52248420036753 0.0003 2.4363729456086234
52.22243798756887 0.0003 0.2282227000828117
70.79457843841381 0.0003 0.19158696953462448
1.0 0.0004 0.2797055709792875
1.3556352626674741 0.0004 0.2797055709792875
1.837746965387512 0.0004 0.2797055709792875
2.4913145901394538 0.0004 0.2797055709792875
3.3773139087910096 0.0004 0.2797055709792875
4.578405827854414 0.0004 0.2797055709792875
6.2066483870417155 0.0004 0.2797055709792875
8.413951416451951 0.0004 0.2797055709792875
11.40624923851321 0.0004 0.3801217493510799
15.462713682502532 0.0004 1.5824412399018402
20.961799924531267 0.0004 3.235561039497832
28.416555146674987 0.0004 1.4985494715349654
38.52248420036753 0.0004 1.7240383767386145
52.22243798756887 0.0004 0.09453610941469359
70.79457843841381 0.0004 0.11072557906275421
1.0 0.0005 0.2797055709792875
1.3556352626674741 0.0005 0.2797055709792875
1.837746965387512 0.0005 0.2797055709792875
2.4913145901394538 0.0005 0.2797055709792875
3.3773139087910096 0.0005 0.2797055709792875
4.578405827854414 0.0005 0.2797055709792875
6.2066483870417155 0.0005 0.2797055709792875
8.413951416451951 0.0005 0.2797055709792875
11.40624923851321 0.0005 0.2908088516833226
15.462713682502532 0.0005 0.22479778691746077
20.961799924531267 0.0005 2.056425989928306
28.416555146674987 0.0005 0.7087934957988518
38.52248420036753 0.0005 0.13067393349572676
52.22243798756887 0.0005 0.45269203992126356
70.79457843841381 0.0005 0.15205882027152148
