# m_a[MeV] g_a Z
0.25 3.15693e-05 0.2797055709792875
0.2899749006410853 3.15693e-05 0.2797055709792875
0.33634177200722903 3.15693e-05 0.2797055709792875
0.39012268767697117 3.15693e-05 0.2797055709792875
0.45250315038785144 3.15693e-05 0.2797055709792875
0.5248582242939811 3.15693e-05 0.2797055709792875
0.6087828457612144 3.15693e-05 0.2797055709792875
0.7061269808464211 3.15693e-05 0.2797055709792875
0.8190364044437219 3.15693e-05 0.2797055709792875
0.95 3.15693e-05 0.2797055709792875
0.25 5e-05 0.2797055709792875
0.2899749006410853 5e-05 0.2797055709792875
0.33634177200722903 5e-05 0.2797055709792875
0.39012268767697117 5e-05 0.2797055709792875
0.45250315038785144 5e-05 0.2797055709792875
0.5248582242939811 5e-05 0.2797055709792875
0.6087828457612144 5e-05 0.2797055709792875
0.7061269808464211 5e-05 0.2797055709792875
0.8190364044437219 5e-05 0.2797055709792875
0.95 5e-05 0.2797055709792875
0.25 6e-05 0.2797055709792875
0.2899749006410853 6e-05 0.2797055709792875
0.33634177200722903 6e-05 0.2797055709792875
0.39012268767697117 6e-05 0.2797055709792875
0.45250315038785144 6e-05 0.2797055709792875
0.5248582242939811 6e-05 0.2797055709792875
0.6087828457612144 6e-05 0.2797055709792875
0.7061269808464211 6e-05 0.2797055709792875
0.8190364044437219 6e-05 0.2797055709792875
0.95 6e-05 0.2797055709792875
0.25 7e-05 0.2797055709792875
0.2899749006410853 7e-05 0.2797055709792875
0.33634177200722903 7e-05 0.2797055709792875
0.39012268767697117 7e-05 0.2797055709792875
0.45250315038785144 7e-05 0.2797055709792875
0.5248582242939811 7e-05 0.2797055709792875
0.6087828457612144 7e-05 0.2797055709792875
0.7061269808464211 7e-05 0.2797055709792875
0.8190364044437219 7e-05 0.2797055709792875
0.95 7e-05 0.2797055709792875
0.25 8e-05 0.2797055709792875
0.2899749006410853 8e-05 0.2797055709792875
0.33634177200722903 8e-05 0.2797055709792875
0.39012268767697117 8e-05 0.2797055709792875
0.45250315038785144 8e-05 0.2797055709792875
0.5248582242939811 8e-05 0.2797055709792875
0.6087828457612144 8e-05 0.2797055709792875
0.7061269808464211 8e-05 0.2797055709792875
0.8190364044437219 8e-05 0.2797055709792875
0.95 8e-05 0.2797055709792875
0.25 9e-05 0.2797055709792875
0.2899749006410853 9e-05 0.2797055709792875
0.33634177200722903 9e-05 0.2797055709792875
0.39012268767697117 9e-05 0.2797055709792875
0.45250315038785144 9e-05 0.2797055709792875
0.5248582242939811 9e-05 0.2797055709792875
0.6087828457612144 9e-05 0.2797055709792875
0.7061269808464211 9e-05 0.2797055709792875
0.8190364044437219 9e-05 0.2797055709792875
0.95 9e-05 0.2797055709792875
0.25 0.0001 0.2797055709792875
0.2899749006410853 0.0001 0.2797055709792875
0.33634177200722903 0.0001 0.2797055709792875
0.39012268767697117 0.0001 0.2797055709792875
0.45250315038785144 0.0001 0.2797055709792875
0.5248582242939811 0.0001 0.2797055709792875
0.6087828457612144 0.0001 0.2797055709792875
0.7061269808464211 0.0001 0.2797055709792875
0.8190364044437219 0.0001 0.2797055709792875
0.95 0.0001 0.2797055709792875
0.25 0.0002 0.2797055709792875
0.2899749006410853 0.0002 0.2797055709792875
0.33634177200722903 0.0002 0.2797055709792875
0.39012268767697117 0.0002 0.2797055709792875
0.45250315038785144 0.0002 0.2797055709792875
0.5248582242939811 0.0002 0.2797055709792875
0.6087828457612144 0.0002 0.2797055709792875
0.7061269808464211 0.0002 0.2797055709792875
0.8190364044437219 0.0002 0.2797055709792875
0.95 0.0002 0.2797055709792875
0.25 0.0003 0.2797055709792875
0.2899749006410853 0.0003 0.2797055709792875
0.33634177200722903 0.0003 0.2797055709792875
0.39012268767697117 0.0003 0.2797055709792875
0.45250315038785144 0.0003 0.2797055709792875
0.5248582242939811 0.0003 0.2797055709792875
0.6087828457612144 0.0003 0.2797055709792875
0.7061269808464211 0.0003 0.2797055709792875
0.8190364044437219 0.0003 0.2797055709792875
0.95 0.0003 0.2797055709792875
0.25 0.0004 0.2797055709792875
0.2899749006410853 0.0004 0.2797055709792875
0.33634177200722903 0.0004 0.2797055709792875
0.39012268767697117 0.0004 0.2797055709792875
0.45250315038785144 0.0004 0.2797055709792875
0.5248582242939811 0.0004 0.2797055709792875
0.6087828457612144 0.0004 0.2797055709792875
0.7061269808464211 0.0004 0.2797055709792875
0.8190364044437219 0.0004 0.2797055709792875
0.95 0.0004 0.2797055709792875
0.25 0.0005 0.2797055709792875
0.2899749006410853 0.0005 0.2797055709792875
0.33634177200722903 0.0005 0.2797055709792875
0.39012268767697117 0.0005 0.2797055709792875
0.45250315038785144 0.0005 0.2797055709792875
0.5248582242939811 0.0005 0.2797055709792875
0.6087828457612144 0.0005 0.2797055709792875
0.7061269808464211 0.0005 0.2797055709792875
0.8190364044437219 0.0005 0.2797055709792875
0.95 0.0005 0.2797055709792875
1.0 3.15693e-05 0.4800853098760243
1.3556352626674741 3.15693e-05 0.21107566689877583
1.837746965387512 3.15693e-05 0.22101221581193792
2.4913145901394538 3.15693e-05 0.16118207193039188
3.3773139087910096 3.15693e-05 0.2966493167892054
4.578405827854414 3.15693e-05 0.4175327124778234
6.2066483870417155 3.15693e-05 0.4407390643381376
8.413951416451951 3.15693e-05 0.4578270083765604
11.40624923851321 3.15693e-05 0.2848489892162706
15.462713682502532 3.15693e-05 0.34693720938816675
20.961799924531267 3.15693e-05 0.32038580465841465
28.416555146674987 3.15693e-05 0.27980769988064785
38.52248420036753 3.15693e-05 0.2822477267168383
52.22243798756887 3.15693e-05 0.2910121026437926
70.79457843841381 3.15693e-05 0.2779799581011914
1.0 5e-05 0.21578251233078935
1.3556352626674741 5e-05 0.6407172160121801
1.837746965387512 5e-05 0.5207506599893063
2.4913145901394538 5e-05 0.23002731593208645
3.3773139087910096 5e-05 0.2722941188539844
4.578405827854414 5e-05 0.5653537064600992
6.2066483870417155 5e-05 0.5687630079145282
8.413951416451951 5e-05 0.5498288502908254
11.40624923851321 5e-05 0.17170160620275665
15.462713682502532 5e-05 0.359170430094069
20.961799924531267 5e-05 0.33909707984472276
28.416555146674987 5e-05 0.2567467756977728
38.52248420036753 5e-05 0.28244719391097656
52.22243798756887 5e-05 0.3062635065545973
70.79457843841381 5e-05 0.2755312818652067
1.0 6e-05 0.21495733390443877
1.3556352626674741 6e-05 1.4983126667689133
1.837746965387512 6e-05 1.306796245174652
2.4913145901394538 6e-05 0.6300057204363032
3.3773139087910096 6e-05 0.2211984258962883
4.578405827854414 6e-05 0.6333056228069818
6.2066483870417155 6e-05 0.584875996547663
8.413951416451951 6e-05 0.5019423799005186
11.40624923851321 6e-05 0.012555942637920994
15.462713682502532 6e-05 0.3069394526678452
20.961799924531267 6e-05 0.3230445749385373
28.416555146674987 6e-05 0.22366257188266833
38.52248420036753 6e-05 0.280113448118319
52.22243798756887 6e-05 0.31655144183580647
70.79457843841381 6e-05 0.27372530056888555
1.0 7e-05 0.8458087382950704
1.3556352626674741 7e-05 2.5787120052169707
1.837746965387512 7e-05 2.3420688946726615
2.4913145901394538 7e-05 1.1832625891074369
3.3773139087910096 7e-05 0.12575258960499855
4.578405827854414 7e-05 0.6731313378284646
6.2066483870417155 7e-05 0.5352906534626183
8.413951416451951 7e-05 0.33662084251575125
11.40624923851321 7e-05 0.23579617268090378
15.462713682502532 7e-05 0.18164228553639652
20.961799924531267 7e-05 0.2787486458016126
28.416555146674987 7e-05 0.23494762884413964
38.52248420036753 7e-05 0.27239334474068977
52.22243798756887 7e-05 0.3189495163183298
70.79457843841381 7e-05 0.2748656597107635
1.0 8e-05 1.6384457177163334
1.3556352626674741 8e-05 3.8085932258772837
1.837746965387512 8e-05 3.5468681268999025
2.4913145901394538 8e-05 1.8772043771739062
3.3773139087910096 8e-05 0.022626355264650667
4.578405827854414 8e-05 0.6764263410627442
6.2066483870417155 8e-05 0.3948311667132819
8.413951416451951 8e-05 0.038783273902786686
11.40624923851321 8e-05 0.5915270066065175
15.462713682502532 8e-05 0.02533282865208898
20.961799924531267 8e-05 0.18631954436840353
28.416555146674987 8e-05 0.19048620007078906
38.52248420036753 8e-05 0.26373086778196414
52.22243798756887 8e-05 0.32964195068521984
70.79457843841381 8e-05 0.27339001823750664
1.0 9e-05 2.5567972133710826
1.3556352626674741 9e-05 5.149370465719992
1.837746965387512 9e-05 4.879200453417176
2.4913145901394538 9e-05 2.7016254203555565
3.3773139087910096 9e-05 0.23453763687382342
4.578405827854414 9e-05 0.6284357272157417
6.2066483870417155 9e-05 0.1494180463463776
8.413951416451951 9e-05 0.40121244202203815
11.40624923851321 9e-05 1.0576828644239151
15.462713682502532 9e-05 0.3314150087291757
20.961799924531267 9e-05 0.03922713894310978
28.416555146674987 9e-05 0.12507193225904575
38.52248420036753 9e-05 0.25065419889257534
52.22243798756887 9e-05 0.34100200628544036
70.79457843841381 9e-05 0.27171155261910573
1.0 0.0001 3.549394577234617
1.3556352626674741 0.0001 6.541684357187188
1.837746965387512 0.0001 6.28769120636775
2.4913145901394538 0.0001 3.6243790695142275
3.3773139087910096 0.0001 0.5123958526780619
4.578405827854414 0.0001 0.5213953737708458
6.2066483870417155 0.0001 0.2012830062192777
8.413951416451951 0.0001 0.9683306706758269
11.40624923851321 0.0001 1.624288737609528
15.462713682502532 0.0001 0.7368430651460087
20.961799924531267 0.0001 0.17134699718161422
28.416555146674987 0.0001 0.03395477764395362
38.52248420036753 0.0001 0.23194258960398864
52.22243798756887 0.0001 0.3529119446579761
70.79457843841381 0.0001 0.269816400068814
1.0 0.0002 99
1.3556352626674741 0.0002 99
1.837746965387512 0.0002 99
2.4913145901394538 0.0002 99
3.3773139087910096 0.0002 6.353374412940786
4.578405827854414 0.0002 3.574826935030825
6.2066483870417155 0.0002 7.347132121212589
8.413951416451951 0.0002 99
11.40624923851321 0.0002 99
15.462713682502532 0.0002 99
20.961799924531267 0.0002 5.52455476677432
28.416555146674987 0.0002 2.677097275432912
38.52248420036753 0.0002 0.5165600381503463
52.22243798756887 0.0002 0.42878145601381434
70.79457843841381 0.0002 0.23829472372769497
1.0 0.0003 0.2924594282881923
1.3556352626674741 0.0003 0.2346535036568527
1.837746965387512 0.0003 0.2797055709792875
2.4913145901394538 0.0003 6.372855126892343
3.3773139087910096 0.0003 99
4.578405827854414 0.0003 2.643203000681838
6.2066483870417155 0.0003 4.858803914635817
8.413951416451951 0.0003 8.209536151601387
11.40624923851321 0.0003 99
15.462713682502532 0.0003 99
20.961799924531267 0.0003 99
28.416555146674987 0.0003 7.886466703805941
38.52248420036753 0.0003 2.692677306263203
52.22243798756887 0.0003 0.17599692586734267
70.79457843841381 0.0003 0.17807725597581028
1.0 0.0004 0.2797055709792875
1.3556352626674741 0.0004 0.2797055709792875
1.837746965387512 0.0004 0.2797055709792875
2.4913145901394538 0.0004 0.2797055709792875
3.3773139087910096 0.0004 0.2797055709792875
4.578405827854414 0.0004 0.2797055709792875
6.2066483870417155 0.0004 0.2797055709792875
8.413951416451951 0.0004 0.2797055709792875
11.40624923851321 0.0004 0.4660780034115962
15.462713682502532 0.0004 2.3071286613711446
20.961799924531267 0.0004 3.4178527143640896
28.416555146674987 0.0004 2.4465754756807203
38.52248420036753 0.0004 1.979277471776639
52.22243798756887 0.0004 0.1044571055900511
70.79457843841381 0.0004 0.07925512791843523
1.0 0.0005 0.2797055709792875
1.3556352626674741 0.0005 0.2797055709792875
1.837746965387512 0.0005 0.2797055709792875
2.4913145901394538 0.0005 0.2797055709792875
3.3773139087910096 0.0005 0.2797055709792875
4.578405827854414 0.0005 0.2797055709792875
6.2066483870417155 0.0005 0.2797055709792875
8.413951416451951 0.0005 0.2797055709792875
11.40624923851321 0.0005 0.29439858804356267
15.462713682502532 0.0005 0.7950926462455847
20.961799924531267 0.0005 2.4116374488710055
28.416555146674987 0.0005 1.6505503290111552
38.52248420036753 0.0005 0.025987336983430764
52.22243798756887 0.0005 0.40854464764525744
70.79457843841381 0.0005 0.09700418004023141
