# m_a[MeV] g_a Z
0.25 3.15693e-05 0.2797055709792875
0.2899749006410853 3.15693e-05 0.2797055709792875
0.33634177200722903 3.15693e-05 0.2797055709792875
0.39012268767697117 3.15693e-05 0.2797055709792875
0.45250315038785144 3.15693e-05 0.2797055709792875
0.5248582242939811 3.15693e-05 0.2797055709792875
0.6087828457612144 3.15693e-05 0.2797055709792875
0.7061269808464211 3.15693e-05 0.28057923905602944
0.8190364044437219 3.15693e-05 0.33817281689830514
0.95 3.15693e-05 0.40521738532863955
0.25 5e-05 0.2797055709792875
0.2899749006410853 5e-05 0.2797055709792875
0.33634177200722903 5e-05 0.2797055709792875
0.39012268767697117 5e-05 0.2797055709792875
0.45250315038785144 5e-05 0.2797055709792875
0.5248582242939811 5e-05 0.2797055709792875
0.6087828457612144 5e-05 0.2797055709792875
0.7061269808464211 5e-05 0.28184527169120865
0.8190364044437219 5e-05 0.38872791284864966
0.95 5e-05 0.45837627233320727
0.25 6e-05 0.2797055709792875
0.2899749006410853 6e-05 0.2797055709792875
0.33634177200722903 6e-05 0.2797055709792875
0.39012268767697117 6e-05 0.2797055709792875
0.45250315038785144 6e-05 0.2797055709792875
0.5248582242939811 6e-05 0.2797055709792875
0.6087828457612144 6e-05 0.2797055709792875
0.7061269808464211 6e-05 0.28273620509243674
0.8190364044437219 6e-05 0.4008007405629895
0.95 6e-05 0.416659248078429
0.25 7e-05 0.2797055709792875
0.2899749006410853 7e-05 0.2797055709792875
0.33634177200722903 7e-05 0.2797055709792875
0.39012268767697117 7e-05 0.2797055709792875
0.45250315038785144 7e-05 0.2797055709792875
0.5248582242939811 7e-05 0.2797055709792875
0.6087828457612144 7e-05 0.2797055709792875
0.7061269808464211 7e-05 0.2837415222873279
0.8190364044437219 7e-05 0.39150259698982487
0.95 7e-05 0.30005011942037624
0.25 8e-05 0.2797055709792875
0.2899749006410853 8e-05 0.2797055709792875
0.33634177200722903 8e-05 0.2797055709792875
0.39012268767697117 8e-05 0.2797055709792875
0.45250315038785144 8e-05 0.2797055709792875
0.5248582242939811 8e-05 0.2797055709792875
0.6087828457612144 8e-05 0.2797055709792875
0.7061269808464211 8e-05 0.284864092471169
0.8190364044437219 8e-05 0.35298829398551973
0.95 8e-05 0.09855928808284277
0.25 9e-05 0.2797055709792875
0.2899749006410853 9e-05 0.2797055709792875
0.33634177200722903 9e-05 0.2797055709792875
0.39012268767697117 9e-05 0.2797055709792875
0.45250315038785144 9e-05 0.2797055709792875
0.5248582242939811 9e-05 0.2797055709792875
0.6087828457612144 9e-05 0.2797055709792875
0.7061269808464211 9e-05 0.28607866472828397
0.8190364044437219 9e-05 0.2786271800092251
0.95 9e-05 0.19343082372411674
0.25 0.0001 0.2797055709792875
0.2899749006410853 0.0001 0.2797055709792875
0.33634177200722903 0.0001 0.2797055709792875
0.39012268767697117 0.0001 0.2797055709792875
0.45250315038785144 0.0001 0.2797055709792875
0.5248582242939811 0.0001 0.2797055709792875
0.6087828457612144 0.0001 0.2797055709792875
0.7061269808464211 0.0001 0.2873472824354642
0.8190364044437219 0.0001 0.1649868278277333
0.95 0.0001 0.5669693233098086
0.25 0.0002 0.2797055709792875
0.2899749006410853 0.0002 0.2797055709792875
0.33634177200722903 0.0002 0.2797055709792875
0.39012268767697117 0.0002 0.2797055709792875
0.45250315038785144 0.0002 0.2797055709792875
0.5248582242939811 0.0002 0.2797055709792875
0.6087828457612144 0.0002 0.2797055709792875
0.7061269808464211 0.0002 0.2972203746120543
0.8190364044437219 0.0002 3.02800605100638
0.95 0.0002 6.840686197187456
0.25 0.0003 0.2797055709792875
0.2899749006410853 0.0003 0.2797055709792875
0.33634177200722903 0.0003 0.2797055709792875
0.39012268767697117 0.0003 0.2797055709792875
0.45250315038785144 0.0003 0.2797055709792875
0.5248582242939811 0.0003 0.2797055709792875
0.6087828457612144 0.0003 0.2797055709792875
0.7061269808464211 0.0003 0.28529195850751266
0.8190364044437219 0.0003 0.2952878295829139
0.95 0.0003 0.2807304547632333
0.25 0.0004 0.2797055709792875
0.2899749006410853 0.0004 0.2797055709792875
0.33634177200722903 0.0004 0.2797055709792875
0.39012268767697117 0.0004 0.2797055709792875
0.45250315038785144 0.0004 0.2797055709792875
0.5248582242939811 0.0004 0.2797055709792875
0.6087828457612144 0.0004 0.2797055709792875
0.7061269808464211 0.0004 0.2797055709792875
0.8190364044437219 0.0004 0.2797055709792875
0.95 0.0004 0.2797055709792875
0.25 0.0005 0.2797055709792875
0.2899749006410853 0.0005 0.2797055709792875
0.33634177200722903 0.0005 0.2797055709792875
0.39012268767697117 0.0005 0.2797055709792875
0.45250315038785144 0.0005 0.2797055709792875
0.5248582242939811 0.0005 0.2797055709792875
0.6087828457612144 0.0005 0.2797055709792875
0.7061269808464211 0.0005 0.2797055709792875
0.8190364044437219 0.0005 0.2797055709792875
0.95 0.0005 0.2797055709792875
1.0 3.15693e-05 0.40594987820003303
1.3556352626674741 3.15693e-05 0.34525086524244514
1.837746965387512 3.15693e-05 0.2672152683772254
2.4913145901394538 3.15693e-05 0.5131128209236675
3.3773139087910096 3.15693e-05 0.2579053871291089
4.578405827854414 3.15693e-05 0.30427298392588875
6.2066483870417155 3.15693e-05 0.4523866694329572
8.413951416451951 3.15693e-05 0.4054053606438122
11.40624923851321 3.15693e-05 0.3935262716683076
15.462713682502532 3.15693e-05 0.38149453731809985
20.961799924531267 3.15693e-05 0.33532571270666833
28.416555146674987 3.15693e-05 0.2932107393700086
38.52248420036753 3.15693e-05 0.28362310172738786
52.22243798756887 3.15693e-05 0.291604912470331
70.79457843841381 3.15693e-05 0.2776083924633599
1.0 5e-05 0.44642946235238135
1.3556352626674741 5e-05 0.2909582062414564
1.837746965387512 5e-05 0.08649990781866872
2.4913145901394538 5e-05 0.606101912457715
3.3773139087910096 5e-05 0.0564432922074932
4.578405827854414 5e-05 0.15169982017903064
6.2066483870417155 5e-05 0.4481919869237031
8.413951416451951 5e-05 0.25453610364378926
11.40624923851321 5e-05 0.28090665275315063
15.462713682502532 5e-05 0.4047662179345518
20.961799924531267 5e-05 0.3672199693380343
28.416555146674987 5e-05 0.2882037270104208
38.52248420036753 5e-05 0.28450361256436807
52.22243798756887 5e-05 0.30742553754965724
70.79457843841381 5e-05 0.27463056118982615
1.0 6e-05 0.3892412276000674
1.3556352626674741 6e-05 0.1604755253098625
1.837746965387512 6e-05 0.13825451111372533
2.4913145901394538 6e-05 0.5196688195690097
3.3773139087910096 6e-05 0.18723842823259496
4.578405827854414 6e-05 0.07102592796570463
6.2066483870417155 6e-05 0.2833000605234197
8.413951416451951 6e-05 0.03509206642950498
11.40624923851321 6e-05 0.03845293857449372
15.462713682502532 6e-05 0.33404051023681974
20.961799924531267 6e-05 0.35442357624505355
28.416555146674987 6e-05 0.26670982114372854
38.52248420036753 6e-05 0.28163762751379484
52.22243798756887 6e-05 0.3179948965387934
70.79457843841381 6e-05 0.2724372401083904
1.0 7e-05 0.25085390016827913
1.3556352626674741 7e-05 0.0680877038695209
1.837746965387512 7e-05 0.47865316474069963
2.4913145901394538 7e-05 0.29315347264407854
3.3773139087910096 7e-05 0.5455159984679063
4.578405827854414 7e-05 0.41471966784619413
6.2066483870417155 7e-05 0.02624474900727125
8.413951416451951 7e-05 0.5169473366745277
11.40624923851321 7e-05 0.35921498740833613
15.462713682502532 7e-05 0.1659587772254092
20.961799924531267 7e-05 0.3085605575959314
28.416555146674987 7e-05 0.28289528635153594
38.52248420036753 7e-05 0.2758022328093803
52.22243798756887 7e-05 0.31493092272312995
70.79457843841381 7e-05 0.2737587702822202
1.0 8e-05 0.02323282367157716
1.3556352626674741 8e-05 0.4010792666849847
1.837746965387512 8e-05 0.9329146051239836
2.4913145901394538 8e-05 0.08702160027893661
3.3773139087910096 8e-05 1.0259776440585888
4.578405827854414 8e-05 0.8926564525190065
6.2066483870417155 8e-05 0.5138427510163057
8.413951416451951 8e-05 1.1613904678112599
11.40624923851321 8e-05 0.9201183384044099
15.462713682502532 8e-05 0.11408787362444661
20.961799924531267 8e-05 0.20457401696412106
28.416555146674987 8e-05 0.2474587723296958
38.52248420036753 8e-05 0.26667772234806947
52.22243798756887 8e-05 0.3243047719927015
70.79457843841381 8e-05 0.27195304095233463
1.0 9e-05 0.29789376888895736
1.3556352626674741 9e-05 0.8411377987932023
1.837746965387512 9e-05 1.4988416941840301
2.4913145901394538 9e-05 0.6187277920144084
3.3773139087910096 9e-05 1.6233236857308702
4.578405827854414 9e-05 1.4974156028992214
6.2066483870417155 9e-05 1.165005527220601
8.413951416451951 9e-05 1.9586426397663725
11.40624923851321 9e-05 1.6319460160028245
15.462713682502532 9e-05 0.5205589721878092
20.961799924531267 9e-05 0.035782360688403375
28.416555146674987 9e-05 0.1892292208772591
38.52248420036753 9e-05 0.2522252676290202
52.22243798756887 9e-05 0.33413553634297743
70.79457843841381 9e-05 0.26989753454564624
1.0 0.0001 0.701037468960568
1.3556352626674741 0.0001 1.371254424730907
1.837746965387512 0.0001 2.159283357189622
2.4913145901394538 0.0001 1.2745308624963816
3.3773139087910096 0.0001 2.3167823664756773
4.578405827854414 0.0001 2.208124427673584
6.2066483870417155 0.0001 1.947935700440499
8.413951416451951 0.0001 2.8682884416077887
11.40624923851321 0.0001 2.4610106319006144
15.462713682502532 0.0001 1.0470403962938555
20.961799924531267 0.0001 0.20718578446038044
28.416555146674987 0.0001 0.1027383290686081
38.52248420036753 0.0001 0.2310377132518724
52.22243798756887 0.0001 0.3442734928770018
70.79457843841381 0.0001 0.26758312825447883
1.0 0.0002 7.203396657813303
1.3556352626674741 0.0002 99
1.837746965387512 0.0002 99
2.4913145901394538 0.0002 99
3.3773139087910096 0.0002 99
4.578405827854414 0.0002 99
6.2066483870417155 0.0002 99
8.413951416451951 0.0002 99
11.40624923851321 0.0002 99
15.462713682502532 0.0002 99
20.961799924531267 0.0002 6.131898800336396
28.416555146674987 0.0002 2.7834784790397977
38.52248420036753 0.0002 0.6455235098559484
52.22243798756887 0.0002 0.38604340992988917
70.79457843841381 0.0002 0.22969915465040433
1.0 0.0003 0.2797055709792875
1.3556352626674741 0.0003 0.2854089065446572
1.837746965387512 0.0003 0.10734545385174489
2.4913145901394538 0.0003 4.398028699353164
3.3773139087910096 0.0003 1.9156155830262502
4.578405827854414 0.0003 6.205884821662767
6.2066483870417155 0.0003 99
8.413951416451951 0.0003 99
11.40624923851321 0.0003 99
15.462713682502532 0.0003 99
20.961799924531267 0.0003 99
28.416555146674987 0.0003 99
38.52248420036753 0.0003 3.129494858464956
52.22243798756887 0.0003 0.0602808538930546
70.79457843841381 0.0003 0.15951554327632936
1.0 0.0004 0.2797055709792875
1.3556352626674741 0.0004 0.2797055709792875
1.837746965387512 0.0004 0.2797055709792875
2.4913145901394538 0.0004 0.2797055709792875
3.3773139087910096 0.0004 0.2797055709792875
4.578405827854414 0.0004 0.2797055709792875
6.2066483870417155 0.0004 0.2797055709792875
8.413951416451951 0.0004 0.2797055709792875
11.40624923851321 0.0004 0.3007939627544166
15.462713682502532 0.0004 2.2638704544699193
20.961799924531267 0.0004 4.024018294448171
28.416555146674987 0.0004 1.9012848959775202
38.52248420036753 0.0004 2.7414122621707735
52.22243798756887 0.0004 0.18359857178803463
70.79457843841381 0.0004 0.048380791732833536
1.0 0.0005 0.2797055709792875
1.3556352626674741 0.0005 0.2797055709792875
1.837746965387512 0.0005 0.2797055709792875
2.4913145901394538 0.0005 0.2797055709792875
3.3773139087910096 0.0005 0.2797055709792875
4.578405827854414 0.0005 0.2797055709792875
6.2066483870417155 0.0005 0.2797055709792875
8.413951416451951 0.0005 0.2797055709792875
11.40624923851321 0.0005 0.2951107271019867
15.462713682502532 0.0005 0.7390440065815048
20.961799924531267 0.0005 2.676231839034389
28.416555146674987 0.0005 1.443971952306703
38.52248420036753 0.0005 0.09841505135921033
52.22243798756887 0.0005 0.308771923778902
70.79457843841381 0.0005 0.08225173897131388
