# m_a[MeV] g_a Z
0.25 3.15693e-05 0.2797055709792875
0.2899749006410853 3.15693e-05 0.2797055709792875
0.33634177200722903 3.15693e-05 0.2797055709792875
0.39012268767697117 3.15693e-05 0.2797055709792875
0.45250315038785144 3.15693e-05 0.2894950024143176
0.5248582242939811 3.15693e-05 0.43219210898761756
0.6087828457612144 3.15693e-05 0.42749352881553576
0.7061269808464211 3.15693e-05 0.3288483113412169
0.8190364044437219 3.15693e-05 0.48530612828299613
0.95 3.15693e-05 0.43098362506670373
0.25 5e-05 0.2797055709792875
0.2899749006410853 5e-05 0.2797055709792875
0.33634177200722903 5e-05 0.2797055709792875
0.39012268767697117 5e-05 0.2797055709792875
0.45250315038785144 5e-05 0.2966951456991994
0.5248582242939811 5e-05 0.49907054837885784
0.6087828457612144 5e-05 0.2498010553248269
0.7061269808464211 5e-05 0.18181545798322563
0.8190364044437219 5e-05 0.041514502118453804
0.95 5e-05 0.19961877207342585
0.25 6e-05 0.2797055709792875
0.2899749006410853 6e-05 0.2797055709792875
0.33634177200722903 6e-05 0.2797055709792875
0.39012268767697117 6e-05 0.2797055709792875
0.45250315038785144 6e-05 0.29670718200921414
0.5248582242939811 6e-05 0.4521761121267181
0.6087828457612144 6e-05 0.06886621638313407
0.7061269808464211 6e-05 0.7908196522465681
0.8190364044437219 6e-05 0.7718215022371179
0.95 6e-05 1.0069289549849691
0.25 7e-05 0.2797055709792875
0.2899749006410853 7e-05 0.2797055709792875
0.33634177200722903 7e-05 0.2797055709792875
0.39012268767697117 7e-05 0.2797055709792875
0.45250315038785144 7e-05 0.29150648155288694
0.5248582242939811 7e-05 0.3189112778317506
0.6087828457612144 7e-05 0.5597946863523195
0.7061269808464211 7e-05 1.6198934482786007
0.8190364044437219 7e-05 1.7882105201175205
0.95 7e-05 2.111778604176443
0.25 8e-05 0.2797055709792875
0.2899749006410853 8e-05 0.2797055709792875
0.33634177200722903 8e-05 0.2797055709792875
0.39012268767697117 8e-05 0.2797055709792875
0.45250315038785144 8e-05 0.27900617294579394
0.5248582242939811 8e-05 0.08834256643298041
0.6087828457612144 8e-05 1.2014299125340997
0.7061269808464211 8e-05 2.612973838457395
0.8190364044437219 8e-05 3.0040825634086166
0.95 8e-05 3.415828085483633
0.25 9e-05 0.2797055709792875
0.2899749006410853 9e-05 0.2797055709792875
0.33634177200722903 9e-05 0.2797055709792875
0.39012268767697117 9e-05 0.2797055709792875
0.45250315038785144 9e-05 0.25711400109797483
0.5248582242939811 9e-05 0.24182299222702464
0.6087828457612144 9e-05 1.9704055351966987
0.7061269808464211 9e-05 3.733744650548326
0.8190364044437219 9e-05 4.366889458046483
0.95 9e-05 4.866689717432788
0.25 0.0001 0.2797055709792875
0.2899749006410853 0.0001 0.2797055709792875
0.33634177200722903 0.0001 0.2797055709792875
0.39012268767697117 0.0001 0.2797055709792875
0.45250315038785144 0.0001 0.22431624670894096
0.5248582242939811 0.0001 0.6589698803270919
0.6087828457612144 0.0001 2.823477117742037
0.7061269808464211 0.0001 4.924877859702594
0.8190364044437219 0.0001 5.804163910884755
0.95 0.0001 6.393264930814018
0.25 0.0002 0.2797055709792875
0.2899749006410853 0.0002 0.2797055709792875
0.33634177200722903 0.0002 0.2797055709792875
0.39012268767697117 0.0002 0.2797055709792875
0.45250315038785144 0.0002 0.9309931974611381
0.5248582242939811 0.0002 7.274063425382255
0.6087828457612144 0.0002 99
0.7061269808464211 0.0002 99
0.8190364044437219 0.0002 99
0.95 0.0002 99
0.25 0.0003 0.2797055709792875
0.2899749006410853 0.0003 0.2797055709792875
0.33634177200722903 0.0003 0.2797055709792875
0.39012268767697117 0.0003 0.2797055709792875
0.45250315038785144 0.0003 0.2970689134041646
0.5248582242939811 0.0003 0.29706830883311713
0.6087828457612144 0.0003 0.29706749321469395
0.7061269808464211 0.0003 0.29706639183134637
0.8190364044437219 0.0003 0.2902820850665878
0.95 0.0003 0.2797055709792875
0.25 0.0004 0.2797055709792875
0.2899749006410853 0.0004 0.2797055709792875
0.33634177200722903 0.0004 0.2797055709792875
0.39012268767697117 0.0004 0.2797055709792875
0.45250315038785144 0.0004 0.2797055709792875
0.5248582242939811 0.0004 0.2797055709792875
0.6087828457612144 0.0004 0.2797055709792875
0.7061269808464211 0.0004 0.2797055709792875
0.8190364044437219 0.0004 0.2797055709792875
0.95 0.0004 0.2797055709792875
0.25 0.0005 0.2797055709792875
0.2899749006410853 0.0005 0.2797055709792875
0.33634177200722903 0.0005 0.2797055709792875
0.39012268767697117 0.0005 0.2797055709792875
0.45250315038785144 0.0005 0.2797055709792875
0.5248582242939811 0.0005 0.2797055709792875
0.6087828457612144 0.0005 0.2797055709792875
0.7061269808464211 0.0005 0.2797055709792875
0.8190364044437219 0.0005 0.2797055709792875
0.95 0.0005 0.2797055709792875
1.0 3.15693e-05 0.2687495568147434
1.3556352626674741 3.15693e-05 0.41333441276682364
1.837746965387512 3.15693e-05 0.3898241477630749
2.4913145901394538 3.15693e-05 0.25081052156512984
3.3773139087910096 3.15693e-05 0.31835257006773443
4.578405827854414 3.15693e-05 0.3204887057117315
6.2066483870417155 3.15693e-05 0.36960321339349234
8.413951416451951 3.15693e-05 0.4004303334485103
11.40624923851321 3.15693e-05 0.33573612260788666
15.462713682502532 3.15693e-05 0.3268186427564373
20.961799924531267 3.15693e-05 0.3452582768651331
28.416555146674987 3.15693e-05 0.28414849968798916
38.52248420036753 3.15693e-05 0.2846252404252432
52.22243798756887 3.15693e-05 0.29247665472651135
70.79457843841381 3.15693e-05 0.2779047122191669
1.0 5e-05 0.5110202932714019
1.3556352626674741 5e-05 0.03366723551746105
1.837746965387512 5e-05 0.24561686601939714
2.4913145901394538 5e-05 0.09919802681829178
3.3773139087910096 5e-05 0.31768734020664563
4.578405827854414 5e-05 0.32191221585273355
6.2066483870417155 5e-05 0.43834034781020786
8.413951416451951 5e-05 0.49091582030039027
11.40624923851321 5e-05 0.34094187630308315
15.462713682502532 5e-05 0.3327521220631362
20.961799924531267 5e-05 0.40664127183666
28.416555146674987 5e-05 0.2697497129925131
38.52248420036753 5e-05 0.28807904160113224
52.22243798756887 5e-05 0.3097179896582662
70.79457843841381 5e-05 0.27534873131402376
1.0 6e-05 1.3659424058746934
1.3556352626674741 6e-05 0.5316545902664273
1.837746965387512 6e-05 0.038856752223151846
2.4913145901394538 6e-05 0.07780082979970833
3.3773139087910096 6e-05 0.27820121878298193
4.578405827854414 6e-05 0.28289483211717376
6.2066483870417155 6e-05 0.4426775011683459
8.413951416451951 6e-05 0.49426077703058574
11.40624923851321 6e-05 0.2922979065663872
15.462713682502532 6e-05 0.2933891938576913
20.961799924531267 6e-05 0.42555110495666043
28.416555146674987 6e-05 0.24444592434610937
38.52248420036753 6e-05 0.28791859090139016
52.22243798756887 6e-05 0.32147161415196474
70.79457843841381 6e-05 0.2734651206915911
1.0 7e-05 2.4946754773044217
1.3556352626674741 7e-05 1.3781283563564382
1.837746965387512 7e-05 0.5120680989515186
2.4913145901394538 7e-05 0.3420229575386304
3.3773139087910096 7e-05 0.1891182102965178
4.578405827854414 7e-05 0.20101099252461907
6.2066483870417155 7e-05 0.40523947934326066
8.413951416451951 7e-05 0.4365407992805957
11.40624923851321 7e-05 0.18945930508553077
15.462713682502532 7e-05 0.20128312116286362
20.961799924531267 7e-05 0.43316043497895135
28.416555146674987 7e-05 0.2494290689122692
38.52248420036753 7e-05 0.2852176601255289
52.22243798756887 7e-05 0.31913178966785294
70.79457843841381 7e-05 0.2746228951035075
1.0 8e-05 3.8031845641803934
1.3556352626674741 8e-05 2.4412533159062155
1.837746965387512 8e-05 1.1650281830283389
2.4913145901394538 8e-05 0.7025313975543536
3.3773139087910096 8e-05 0.044583210607880557
4.578405827854414 8e-05 0.06244024781588203
6.2066483870417155 8e-05 0.3087189098729014
8.413951416451951 8e-05 0.3001294074759044
11.40624923851321 8e-05 0.013563167897968723
15.462713682502532 8e-05 0.050099417120604416
20.961799924531267 8e-05 0.3943045149250217
28.416555146674987 8e-05 0.21272340959526861
38.52248420036753 8e-05 0.2806858603215667
52.22243798756887 8e-05 0.32992889760458616
70.79457843841381 8e-05 0.27307797593873484
1.0 9e-05 5.247690623482308
1.3556352626674741 9e-05 3.6783528379898867
1.837746965387512 9e-05 1.9850117467492219
2.4913145901394538 9e-05 1.1637787444040644
3.3773139087910096 9e-05 0.16651201540884383
4.578405827854414 9e-05 0.14247788642691075
6.2066483870417155 9e-05 0.14049944147893284
8.413951416451951 9e-05 0.07049476239241936
11.40624923851321 9e-05 0.24372261166100112
15.462713682502532 9e-05 0.17411221161349433
20.961799924531267 9e-05 0.3090102137577822
28.416555146674987 9e-05 0.15760338299221768
38.52248420036753 9e-05 0.27237012043558323
52.22243798756887 9e-05 0.34143716149466374
70.79457843841381 9e-05 0.2713186614216058
1.0 0.0001 6.766186703958485
1.3556352626674741 0.0001 5.029365779290879
1.837746965387512 0.0001 2.930549770250642
2.4913145901394538 0.0001 1.7135463592388116
3.3773139087910096 0.0001 0.45004603610751676
4.578405827854414 0.0001 0.41561117563931177
6.2066483870417155 0.0001 0.10482222444309701
8.413951416451951 0.0001 0.25396010297244764
11.40624923851321 0.0001 0.584258620966817
15.462713682502532 0.0001 0.47401173061351537
20.961799924531267 0.0001 0.16747114744984382
28.416555146674987 0.0001 0.07965817648873331
38.52248420036753 0.0001 0.25910369423050006
52.22243798756887 0.0001 0.353557894366581
70.79457843841381 0.0001 0.2693363468881579
1.0 0.0002 99
1.3556352626674741 0.0002 99
1.837746965387512 0.0002 99
2.4913145901394538 0.0002 99
3.3773139087910096 0.0002 6.396270376092092
4.578405827854414 0.0002 6.209875800093078
6.2066483870417155 0.0002 5.9677143995636674
8.413951416451951 0.0002 7.097188473290262
11.40624923851321 0.0002 7.263959172533376
15.462713682502532 0.0002 6.7656310579358
20.961799924531267 0.0002 4.34841426428664
28.416555146674987 0.0002 2.3572593423237675
38.52248420036753 0.0002 0.39511928164911053
52.22243798756887 0.0002 0.43761799732329776
70.79457843841381 0.0002 0.2366503815820385
1.0 0.0003 0.2797055709792875
1.3556352626674741 0.0003 0.6748059058780475
1.837746965387512 0.0003 99
2.4913145901394538 0.0003 99
3.3773139087910096 0.0003 0.6054699283361028
4.578405827854414 0.0003 4.272160605287127
6.2066483870417155 0.0003 2.9173576090916082
8.413951416451951 0.0003 6.497900528819721
11.40624923851321 0.0003 7.650730905155642
15.462713682502532 0.0003 99
20.961799924531267 0.0003 99
28.416555146674987 0.0003 7.217257545032322
38.52248420036753 0.0003 2.4365857766193866
52.22243798756887 0.0003 0.21079783303000257
70.79457843841381 0.0003 0.17551153835797256
1.0 0.0004 0.2797055709792875
1.3556352626674741 0.0004 0.2797055709792875
1.837746965387512 0.0004 0.2797055709792875
2.4913145901394538 0.0004 0.2797055709792875
3.3773139087910096 0.0004 0.2797055709792875
4.578405827854414 0.0004 0.2797055709792875
6.2066483870417155 0.0004 0.2797055709792875
8.413951416451951 0.0004 0.2797055709792875
11.40624923851321 0.0004 0.4176230328930391
15.462713682502532 0.0004 1.6828075551575774
20.961799924531267 0.0004 3.6732401711415736
28.416555146674987 0.0004 2.2468367847861233
38.52248420036753 0.0004 2.276989646339855
52.22243798756887 0.0004 0.05478709683667887
70.79457843841381 0.0004 0.07697084480622804
1.0 0.0005 0.2797055709792875
1.3556352626674741 0.0005 0.2797055709792875
1.837746965387512 0.0005 0.2797055709792875
2.4913145901394538 0.0005 0.2797055709792875
3.3773139087910096 0.0005 0.2797055709792875
4.578405827854414 0.0005 0.2797055709792875
6.2066483870417155 0.0005 0.2797055709792875
8.413951416451951 0.0005 0.2797055709792875
11.40624923851321 0.0005 0.2964031975238973
15.462713682502532 0.0005 0.44421987990299605
20.961799924531267 0.0005 2.786039914254317
28.416555146674987 0.0005 1.493926598881942
38.52248420036753 0.0005 0.18219336022915505
52.22243798756887 0.0005 0.34211063739688086
70.79457843841381 0.0005 0.09852805489088523
