# m_a[MeV] g_a Z
0.25 3.15693e-05 0.2797055709792875
0.2899749006410853 3.15693e-05 0.2797055709792875
0.33634177200722903 3.15693e-05 0.2797055709792875
0.39012268767697117 3.15693e-05 0.2797055709792875
0.45250315038785144 3.15693e-05 0.2797055709792875
0.5248582242939811 3.15693e-05 0.2864949964144974
0.6087828457612144 3.15693e-05 0.3748440091900642
0.7061269808464211 3.15693e-05 0.38824320885340313
0.8190364044437219 3.15693e-05 0.33265783857912257
0.95 3.15693e-05 0.38646645628052134
0.25 5e-05 0.2797055709792875
0.2899749006410853 5e-05 0.2797055709792875
0.33634177200722903 5e-05 0.2797055709792875
0.39012268767697117 5e-05 0.2797055709792875
0.45250315038785144 5e-05 0.2797055709792875
0.5248582242939811 5e-05 0.2934808590348048
0.6087828457612144 5e-05 0.4713384098216468
0.7061269808464211 5e-05 0.4522269088778133
0.8190364044437219 5e-05 0.2745354111934203
0.95 5e-05 0.3978644736665264
0.25 6e-05 0.2797055709792875
0.2899749006410853 6e-05 0.2797055709792875
0.33634177200722903 6e-05 0.2797055709792875
0.39012268767697117 6e-05 0.2797055709792875
0.45250315038785144 6e-05 0.2797055709792875
0.5248582242939811 6e-05 0.2962803913962221
0.6087828457612144 6e-05 0.5110336478852279
0.7061269808464211 6e-05 0.4363166212709888
0.8190364044437219 6e-05 0.14991652746318757
0.95 6e-05 0.3114060025663065
0.25 7e-05 0.2797055709792875
0.2899749006410853 7e-05 0.2797055709792875
0.33634177200722903 7e-05 0.2797055709792875
0.39012268767697117 7e-05 0.2797055709792875
0.45250315038785144 7e-05 0.2797055709792875
0.5248582242939811 7e-05 0.29721148306876316
0.6087828457612144 7e-05 0.5286508734651544
0.7061269808464211 7e-05 0.36158296851048727
0.8190364044437219 7e-05 0.06550191282347036
0.95 7e-05 0.12565775679934446
0.25 8e-05 0.2797055709792875
0.2899749006410853 8e-05 0.2797055709792875
0.33634177200722903 8e-05 0.2797055709792875
0.39012268767697117 8e-05 0.2797055709792875
0.45250315038785144 8e-05 0.2797055709792875
0.5248582242939811 8e-05 0.29526272681895405
0.6087828457612144 8e-05 0.514656160287173
0.7061269808464211 8e-05 0.21606655551045825
0.8190364044437219 8e-05 0.37659848602187945
0.95 8e-05 0.17134986339151534
0.25 9e-05 0.2797055709792875
0.2899749006410853 9e-05 0.2797055709792875
0.33634177200722903 9e-05 0.2797055709792875
0.39012268767697117 9e-05 0.2797055709792875
0.45250315038785144 9e-05 0.2797055709792875
0.5248582242939811 9e-05 0.2893404024198475
0.6087828457612144 9e-05 0.46088967927887287
0.7061269808464211 9e-05 0.009284651874632262
0.8190364044437219 9e-05 0.78739628879115
0.95 9e-05 0.587255277184563
0.25 0.0001 0.2797055709792875
0.2899749006410853 0.0001 0.2797055709792875
0.33634177200722903 0.0001 0.2797055709792875
0.39012268767697117 0.0001 0.2797055709792875
0.45250315038785144 0.0001 0.2797055709792875
0.5248582242939811 0.0001 0.27848917962518444
0.6087828457612144 0.0001 0.3626098710966275
0.7061269808464211 0.0001 0.3114949755988037
0.8190364044437219 0.0001 1.282985827004672
0.95 0.0001 1.107917780339174
0.25 0.0002 0.2797055709792875
0.2899749006410853 0.0002 0.2797055709792875
0.33634177200722903 0.0002 0.2797055709792875
0.39012268767697117 0.0002 0.2797055709792875
0.45250315038785144 0.0002 0.2797055709792875
0.5248582242939811 0.0002 0.2883061360920013
0.6087828457612144 0.0002 2.9106990575017515
0.7061269808464211 0.0002 6.077758447515336
0.8190364044437219 0.0002 99
0.95 0.0002 99
0.25 0.0003 0.2797055709792875
0.2899749006410853 0.0003 0.2797055709792875
0.33634177200722903 0.0003 0.2797055709792875
0.39012268767697117 0.0003 0.2797055709792875
0.45250315038785144 0.0003 0.2797055709792875
0.5248582242939811 0.0003 0.2926565649189945
0.6087828457612144 0.0003 0.2926585325712453
0.7061269808464211 0.0003 0.29266118120555584
0.8190364044437219 0.0003 0.2851845213968028
0.95 0.0003 0.29631943288066515
0.25 0.0004 0.2797055709792875
0.2899749006410853 0.0004 0.2797055709792875
0.33634177200722903 0.0004 0.2797055709792875
0.39012268767697117 0.0004 0.2797055709792875
0.45250315038785144 0.0004 0.2797055709792875
0.5248582242939811 0.0004 0.2797055709792875
0.6087828457612144 0.0004 0.2797055709792875
0.7061269808464211 0.0004 0.2797055709792875
0.8190364044437219 0.0004 0.2797055709792875
0.95 0.0004 0.2797055709792875
0.25 0.0005 0.2797055709792875
0.2899749006410853 0.0005 0.2797055709792875
0.33634177200722903 0.0005 0.2797055709792875
0.39012268767697117 0.0005 0.2797055709792875
0.45250315038785144 0.0005 0.2797055709792875
0.5248582242939811 0.0005 0.2797055709792875
0.6087828457612144 0.0005 0.2797055709792875
0.7061269808464211 0.0005 0.2797055709792875
0.8190364044437219 0.0005 0.2797055709792875
0.95 0.0005 0.2797055709792875
1.0 3.15693e-05 0.4258205259633935
1.3556352626674741 3.15693e-05 0.4786355718605909
1.837746965387512 3.15693e-05 0.37038547447427267
2.4913145901394538 3.15693e-05 0.42784805048937863
3.3773139087910096 3.15693e-05 0.24381032377530867
4.578405827854414 3.15693e-05 0.4089299276627507
6.2066483870417155 3.15693e-05 0.39326462006936497
8.413951416451951 3.15693e-05 0.3865196102595761
11.40624923851321 3.15693e-05 0.39972296140001695
15.462713682502532 3.15693e-05 0.45748630533802703
20.961799924531267 3.15693e-05 0.3800184945908166
28.416555146674987 3.15693e-05 0.20686313590586605
38.52248420036753 3.15693e-05 0.24804940972538822
52.22243798756887 3.15693e-05 0.3056258037406908
70.79457843841381 3.15693e-05 0.27790672441052744
1.0 5e-05 0.4782523374441074
1.3556352626674741 5e-05 0.4443684812398148
1.837746965387512 5e-05 0.20742154068539598
2.4913145901394538 5e-05 0.38982033007909933
3.3773139087910096 5e-05 0.08964905808516616
4.578405827854414 5e-05 0.1593795985871719
6.2066483870417155 5e-05 0.25860725462776923
8.413951416451951 5e-05 0.4108347880689515
11.40624923851321 5e-05 0.5113408156391402
15.462713682502532 5e-05 0.5886563990924009
20.961799924531267 5e-05 0.41291835709474844
28.416555146674987 5e-05 0.029017182100712306
38.52248420036753 5e-05 0.19225798658625026
52.22243798756887 5e-05 0.34061653249982
70.79457843841381 5e-05 0.2753486011219877
1.0 6e-05 0.40757876133682214
1.3556352626674741 6e-05 0.22351482073415424
1.837746965387512 6e-05 0.07897799834485206
2.4913145901394538 6e-05 0.20325283762968768
3.3773139087910096 6e-05 0.47860217316645215
4.578405827854414 6e-05 0.23659740062322637
6.2066483870417155 6e-05 0.00885544672920194
8.413951416451951 6e-05 0.3373589381026843
11.40624923851321 6e-05 0.5437973971603479
15.462713682502532 6e-05 0.6004426450213504
20.961799924531267 6e-05 0.3676814288140307
28.416555146674987 6e-05 0.14094949036380158
38.52248420036753 6e-05 0.14508871648997482
52.22243798756887 6e-05 0.36439404047949464
70.79457843841381 6e-05 0.2734664763578513
1.0 7e-05 0.2263508126538765
1.3556352626674741 7e-05 0.18832371153679234
1.837746965387512 7e-05 0.5400027331415737
2.4913145901394538 7e-05 0.1486433082344732
3.3773139087910096 7e-05 1.0205534251273891
4.578405827854414 7e-05 0.8134463472390319
6.2066483870417155 7e-05 0.4414507385968795
8.413951416451951 7e-05 0.1615419190166458
11.40624923851321 7e-05 0.5336127833173744
15.462713682502532 7e-05 0.542325258173658
20.961799924531267 7e-05 0.26938196995351893
28.416555146674987 7e-05 0.10743019984549541
38.52248420036753 7e-05 0.06445883794965307
52.22243798756887 7e-05 0.3846860392032972
70.79457843841381 7e-05 0.2745153628021201
1.0 8e-05 0.0815146533159711
1.3556352626674741 8e-05 0.7883498082868231
1.837746965387512 8e-05 1.1694184124243905
2.4913145901394538 8e-05 0.667806456472966
3.3773139087910096 8e-05 1.726977146202157
4.578405827854414 8e-05 1.579255794774539
6.2066483870417155 8e-05 1.0432585790567748
8.413951416451951 8e-05 0.13094072706518559
11.40624923851321 8e-05 0.4608837361570129
15.462713682502532 8e-05 0.39661398420354216
20.961799924531267 8e-05 0.08677581877992281
28.416555146674987 8e-05 0.2881322443631055
38.52248420036753 8e-05 0.019662511482617613
52.22243798756887 8e-05 0.41169715738335116
70.79457843841381 8e-05 0.27293791665527595
1.0 9e-05 0.5244190488937723
1.3556352626674741 9e-05 1.560912686444312
1.837746965387512 9e-05 1.953410280239991
2.4913145901394538 9e-05 1.3475846003859466
3.3773139087910096 9e-05 2.5735881151844247
4.578405827854414 9e-05 2.4935563814452446
6.2066483870417155 9e-05 1.7999058112649586
8.413951416451951 9e-05 0.552548804283865
11.40624923851321 9e-05 0.3082041951153132
15.462713682502532 9e-05 0.15122208279513166
20.961799924531267 9e-05 0.17669630197731562
28.416555146674987 9e-05 0.5137448106858704
38.52248420036753 9e-05 0.12288430828145437
52.22243798756887 9e-05 0.4394663920168371
70.79457843841381 9e-05 0.27114497895440687
1.0 0.0001 1.086364155208396
1.3556352626674741 0.0001 2.4649329077734192
1.837746965387512 0.0001 2.8515577893148505
2.4913145901394538 0.0001 2.158401055586149
3.3773139087910096 0.0001 3.521401419812365
4.578405827854414 0.0001 3.5053261194180565
6.2066483870417155 0.0001 2.67384398855877
8.413951416451951 0.0001 1.094124056957578
11.40624923851321 0.0001 0.06669223256265759
15.462713682502532 0.0001 0.19435993289039474
20.961799924531267 0.0001 0.5217047865922558
28.416555146674987 0.0001 0.7871782288064094
38.52248420036753 0.0001 0.24698987243272635
52.22243798756887 0.0001 0.46745943632342796
70.79457843841381 0.0001 0.2691256665169395
1.0 0.0002 99
1.3556352626674741 0.0002 99
1.837746965387512 0.0002 99
2.4913145901394538 0.0002 99
3.3773139087910096 0.0002 99
4.578405827854414 0.0002 99
6.2066483870417155 0.0002 99
8.413951416451951 0.0002 99
11.40624923851321 0.0002 6.394713491632679
15.462713682502532 0.0002 7.22741532134939
20.961799924531267 0.0002 6.798286351273584
28.416555146674987 0.0002 5.525627162918331
38.52248420036753 0.0002 2.7393803823801273
52.22243798756887 0.0002 0.5368103831784842
70.79457843841381 0.0002 0.23614106309020225
1.0 0.0003 0.2966072873013763
1.3556352626674741 0.0003 0.4117322498518804
1.837746965387512 0.0003 3.263999050353232
2.4913145901394538 0.0003 2.962046108924982
3.3773139087910096 0.0003 99
4.578405827854414 0.0003 4.400165825971763
6.2066483870417155 0.0003 2.837544124342681
8.413951416451951 0.0003 99
11.40624923851321 0.0003 8.076571004130123
15.462713682502532 0.0003 99
20.961799924531267 0.0003 99
28.416555146674987 0.0003 99
38.52248420036753 0.0003 6.853601514071659
52.22243798756887 0.0003 0.2850124997791875
70.79457843841381 0.0003 0.17574446177349623
1.0 0.0004 0.2797055709792875
1.3556352626674741 0.0004 0.2797055709792875
1.837746965387512 0.0004 0.2797055709792875
2.4913145901394538 0.0004 0.2797055709792875
3.3773139087910096 0.0004 0.2797055709792875
4.578405827854414 0.0004 0.2797055709792875
6.2066483870417155 0.0004 0.2797055709792875
8.413951416451951 0.0004 0.2797055709792875
11.40624923851321 0.0004 0.4194359087234704
15.462713682502532 0.0004 2.0808187913096763
20.961799924531267 0.0004 3.2059101460097525
28.416555146674987 0.0004 1.757123170554042
38.52248420036753 0.0004 2.6934940550765383
52.22243798756887 0.0004 1.0531919061849029
70.79457843841381 0.0004 0.08115851005002143
1.0 0.0005 0.2797055709792875
1.3556352626674741 0.0005 0.2797055709792875
1.837746965387512 0.0005 0.2797055709792875
2.4913145901394538 0.0005 0.2797055709792875
3.3773139087910096 0.0005 0.2797055709792875
4.578405827854414 0.0005 0.2797055709792875
6.2066483870417155 0.0005 0.2797055709792875
8.413951416451951 0.0005 0.2797055709792875
11.40624923851321 0.0005 0.29622736682009987
15.462713682502532 0.0005 0.3107086734379633
20.961799924531267 0.0005 1.9390408957479481
28.416555146674987 0.0005 1.6470383132509248
38.52248420036753 0.0005 0.16818142274691034
52.22243798756887 0.0005 0.4566473954111562
70.79457843841381 0.0005 0.15443989039419778
