# m_a[MeV] g_a Z
0.25 3.15693e-05 0.2797055709792875
0.2899749006410853 3.15693e-05 0.2797055709792875
0.33634177200722903 3.15693e-05 0.2797055709792875
0.39012268767697117 3.15693e-05 0.2797055709792875
0.45250315038785144 3.15693e-05 0.2797055709792875
0.5248582242939811 3.15693e-05 0.2797055709792875
0.6087828457612144 3.15693e-05 0.2797055709792875
0.7061269808464211 3.15693e-05 0.2797055709792875
0.8190364044437219 3.15693e-05 0.2797055709792875
0.95 3.15693e-05 0.2797055709792875
0.25 5e-05 0.2797055709792875
0.2899749006410853 5e-05 0.2797055709792875
0.33634177200722903 5e-05 0.2797055709792875
0.39012268767697117 5e-05 0.2797055709792875
0.45250315038785144 5e-05 0.2797055709792875
0.5248582242939811 5e-05 0.2797055709792875
0.6087828457612144 5e-05 0.2797055709792875
0.7061269808464211 5e-05 0.2797055709792875
0.8190364044437219 5e-05 0.2797055709792875
0.95 5e-05 0.2797055709792875
0.25 6e-05 0.2797055709792875
0.2899749006410853 6e-05 0.2797055709792875
0.33634177200722903 6e-05 0.2797055709792875
0.39012268767697117 6e-05 0.2797055709792875
0.45250315038785144 6e-05 0.2797055709792875
0.5248582242939811 6e-05 0.2797055709792875
0.6087828457612144 6e-05 0.2797055709792875
0.7061269808464211 6e-05 0.2797055709792875
0.8190364044437219 6e-05 0.2797055709792875
0.95 6e-05 0.2797055709792875
0.25 7e-05 0.2797055709792875
0.2899749006410853 7e-05 0.2797055709792875
0.33634177200722903 7e-05 0.2797055709792875
0.39012268767697117 7e-05 0.2797055709792875
0.45250315038785144 7e-05 0.2797055709792875
0.5248582242939811 7e-05 0.2797055709792875
0.6087828457612144 7e-05 0.2797055709792875
0.7061269808464211 7e-05 0.2797055709792875
0.8190364044437219 7e-05 0.2797055709792875
0.95 7e-05 0.2797055709792875
0.25 8e-05 0.2797055709792875
0.2899749006410853 8e-05 0.2797055709792875
0.33634177200722903 8e-05 0.2797055709792875
0.39012268767697117 8e-05 0.2797055709792875
0.45250315038785144 8e-05 0.2797055709792875
0.5248582242939811 8e-05 0.2797055709792875
0.6087828457612144 8e-05 0.2797055709792875
0.7061269808464211 8e-05 0.2797055709792875
0.8190364044437219 8e-05 0.2797055709792875
0.95 8e-05 0.2797055709792875
0.25 9e-05 0.2797055709792875
0.2899749006410853 9e-05 0.2797055709792875
0.33634177200722903 9e-05 0.2797055709792875
0.39012268767697117 9e-05 0.2797055709792875
0.45250315038785144 9e-05 0.2797055709792875
0.5248582242939811 9e-05 0.2797055709792875
0.6087828457612144 9e-05 0.2797055709792875
0.7061269808464211 9e-05 0.2797055709792875
0.8190364044437219 9e-05 0.2797055709792875
0.95 9e-05 0.2797055709792875
0.25 0.0001 0.2797055709792875
0.2899749006410853 0.0001 0.2797055709792875
0.33634177200722903 0.0001 0.2797055709792875
0.39012268767697117 0.0001 0.2797055709792875
0.45250315038785144 0.0001 0.2797055709792875
0.5248582242939811 0.0001 0.2797055709792875
0.6087828457612144 0.0001 0.2797055709792875
0.7061269808464211 0.0001 0.2797055709792875
0.8190364044437219 0.0001 0.2797055709792875
0.95 0.0001 0.2797055709792875
0.25 0.0002 0.2797055709792875
0.2899749006410853 0.0002 0.2797055709792875
0.33634177200722903 0.0002 0.2797055709792875
0.39012268767697117 0.0002 0.2797055709792875
0.45250315038785144 0.0002 0.2797055709792875
0.5248582242939811 0.0002 0.2797055709792875
0.6087828457612144 0.0002 0.2797055709792875
0.7061269808464211 0.0002 0.2797055709792875
0.8190364044437219 0.0002 0.2797055709792875
0.95 0.0002 0.2797055709792875
0.25 0.0003 0.2797055709792875
0.2899749006410853 0.0003 0.2797055709792875
0.33634177200722903 0.0003 0.2797055709792875
0.39012268767697117 0.0003 0.2797055709792875
0.45250315038785144 0.0003 0.2797055709792875
0.5248582242939811 0.0003 0.2797055709792875
0.6087828457612144 0.0003 0.2797055709792875
0.7061269808464211 0.0003 0.2797055709792875
0.8190364044437219 0.0003 0.2797055709792875
0.95 0.0003 0.2797055709792875
0.25 0.0004 0.2797055709792875
0.2899749006410853 0.0004 0.2797055709792875
0.33634177200722903 0.0004 0.2797055709792875
0.39012268767697117 0.0004 0.2797055709792875
0.45250315038785144 0.0004 0.2797055709792875
0.5248582242939811 0.0004 0.2797055709792875
0.6087828457612144 0.0004 0.2797055709792875
0.7061269808464211 0.0004 0.2797055709792875
0.8190364044437219 0.0004 0.2797055709792875
0.95 0.0004 0.2797055709792875
0.25 0.0005 0.2797055709792875
0.2899749006410853 0.0005 0.2797055709792875
0.33634177200722903 0.0005 0.2797055709792875
0.39012268767697117 0.0005 0.2797055709792875
0.45250315038785144 0.0005 0.2797055709792875
0.5248582242939811 0.0005 0.2797055709792875
0.6087828457612144 0.0005 0.2797055709792875
0.7061269808464211 0.0005 0.2797055709792875
0.8190364044437219 0.0005 0.2797055709792875
0.95 0.0005 0.2797055709792875
1.0 3.15693e-05 0.2797055709792875
1.3556352626674741 3.15693e-05 0.27971046408377986
1.837746965387512 3.15693e-05 0.3308881801221888
2.4913145901394538 3.15693e-05 0.4218103149476972
3.3773139087910096 3.15693e-05 0.22095030472207905
4.578405827854414 3.15693e-05 0.2731497791098902
6.2066483870417155 3.15693e-05 0.35116762956267417
8.413951416451951 3.15693e-05 0.42279474188877325
11.40624923851321 3.15693e-05 0.35010757982350904
15.462713682502532 3.15693e-05 0.3304847920332639
20.961799924531267 3.15693e-05 0.2879353393466753
28.416555146674987 3.15693e-05 0.277145762047075
38.52248420036753 3.15693e-05 0.28766529079180175
52.22243798756887 3.15693e-05 0.29007314560810227
70.79457843841381 3.15693e-05 0.27778379076231113
1.0 5e-05 0.2797055709792875
1.3556352626674741 5e-05 0.2797178029518136
1.837746965387512 5e-05 0.35282748430380895
2.4913145901394538 5e-05 0.5278381011586358
3.3773139087910096 5e-05 0.08643978136899319
4.578405827854414 5e-05 0.19924866134825256
6.2066483870417155 5e-05 0.3603633685761109
8.413951416451951 5e-05 0.504064599483254
11.40624923851321 5e-05 0.34189468806914813
15.462713682502532 5e-05 0.3033187194638396
20.961799924531267 5e-05 0.24712629427460067
28.416555146674987 5e-05 0.24602122062007895
38.52248420036753 5e-05 0.2933685195495945
52.22243798756887 5e-05 0.3037940983963848
70.79457843841381 5e-05 0.2750564474975951
1.0 6e-05 0.2797055709792875
1.3556352626674741 6e-05 0.27972315695747146
1.837746965387512 6e-05 0.334272464545042
2.4913145901394538 6e-05 0.5401651408066753
3.3773139087910096 6e-05 0.04139230502032126
4.578405827854414 6e-05 0.1036083452086571
6.2066483870417155 6e-05 0.30242617143316125
8.413951416451951 6e-05 0.47334037275061414
11.40624923851321 6e-05 0.2597013555865827
15.462713682502532 6e-05 0.21484266001431107
20.961799924531267 6e-05 0.1809528343615847
28.416555146674987 6e-05 0.204232789270894
38.52248420036753 6e-05 0.29414810746935294
52.22243798756887 6e-05 0.31290159452940286
70.79457843841381 6e-05 0.27304678195544924
1.0 7e-05 0.2797055709792875
1.3556352626674741 7e-05 0.2797293105265964
1.837746965387512 7e-05 0.2819824330455857
2.4913145901394538 7e-05 0.4985339078435203
3.3773139087910096 7e-05 0.21914644756124313
4.578405827854414 7e-05 0.047064504027726155
6.2066483870417155 7e-05 0.18318209433952495
8.413951416451951 7e-05 0.3487162269761001
11.40624923851321 7e-05 0.09835804419325958
15.462713682502532 7e-05 0.04564475263881342
20.961799924531267 7e-05 0.06981016772853388
28.416555146674987 7e-05 0.21035926756104853
38.52248420036753 7e-05 0.29323105087940166
52.22243798756887 7e-05 0.30811044244472374
70.79457843841381 7e-05 0.2742898563615589
1.0 8e-05 0.2797055709792875
1.3556352626674741 8e-05 0.279736564207422
1.837746965387512 8e-05 0.18837536993062873
2.4913145901394538 8e-05 0.3912499403605556
3.3773139087910096 8e-05 0.45030748353761474
4.578405827854414 8e-05 0.258774924901442
6.2066483870417155 8e-05 0.02360754232880225
8.413951416451951 8e-05 0.11477593583472662
11.40624923851321 8e-05 0.16569157177148336
15.462713682502532 8e-05 0.21493115234925714
20.961799924531267 8e-05 0.10083493195442698
28.416555146674987 8e-05 0.14997316052396364
38.52248420036753 8e-05 0.28655726552679506
52.22243798756887 8e-05 0.3153398130222694
70.79457843841381 8e-05 0.27264348559133184
1.0 9e-05 0.2797055709792875
1.3556352626674741 9e-05 0.2797448118985561
1.837746965387512 9e-05 0.047170236483549476
2.4913145901394538 9e-05 0.2096931280017499
3.3773139087910096 9e-05 0.7396345224140168
4.578405827854414 9e-05 0.5397959447294444
6.2066483870417155 9e-05 0.32459166088471775
8.413951416451951 9e-05 0.24322426316066997
11.40624923851321 9e-05 0.5410815674423718
15.462713682502532 9e-05 0.5781060371335837
20.961799924531267 9e-05 0.3377835690767033
28.416555146674987 9e-05 0.06257991748507678
38.52248420036753 9e-05 0.273342666836265
52.22243798756887 9e-05 0.32271725427628245
70.79457843841381 9e-05 0.27076628944513675
1.0 0.0001 0.2797055709792875
1.3556352626674741 0.0001 0.27975395217984383
1.837746965387512 0.0001 0.14138103433569577
2.4913145901394538 0.0001 0.044097582207763504
3.3773139087910096 0.0001 1.0849144769715697
4.578405827854414 0.0001 0.8875924446639016
6.2066483870417155 0.0001 0.7164162134517261
8.413951416451951 0.0001 0.7183145408511251
11.40624923851321 0.0001 1.0232608866905906
15.462713682502532 0.0001 1.0417916939743521
20.961799924531267 0.0001 0.6467656512575777
28.416555146674987 0.0001 0.05727032731533416
38.52248420036753 0.0001 0.2517025440985296
52.22243798756887 0.0001 0.3300599279432561
70.79457843841381 0.0001 0.268653628140971
1.0 0.0002 0.2797055709792875
1.3556352626674741 0.0002 0.27989971478354525
1.837746965387512 0.0002 4.0347518545568875
2.4913145901394538 0.0002 5.205010833204175
3.3773139087910096 0.0002 6.7195794666346815
4.578405827854414 0.0002 6.990781551995671
6.2066483870417155 0.0002 7.941444487415979
8.413951416451951 0.0002 99
11.40624923851321 0.0002 99
15.462713682502532 0.0002 99
20.961799924531267 0.0002 6.827224820037458
28.416555146674987 0.0002 3.3427141127513433
38.52248420036753 0.0002 0.7991916480143688
52.22243798756887 0.0002 0.3241048322100203
70.79457843841381 0.0002 0.23375516485939876
1.0 0.0003 0.2797055709792875
1.3556352626674741 0.0003 0.279769142076371
1.837746965387512 0.0003 0.15634832595768441
2.4913145901394538 0.0003 0.5660400482446107
3.3773139087910096 0.0003 0.13257263810560743
4.578405827854414 0.0003 4.977996774787141
6.2066483870417155 0.0003 3.098424309839463
8.413951416451951 0.0003 6.94468013037898
11.40624923851321 0.0003 99
15.462713682502532 0.0003 99
20.961799924531267 0.0003 99
28.416555146674987 0.0003 99
38.52248420036753 0.0003 3.699813629843833
52.22243798756887 0.0003 0.08073726594217441
70.79457843841381 0.0003 0.16824379815782606
1.0 0.0004 0.2797055709792875
1.3556352626674741 0.0004 0.2797055709792875
1.837746965387512 0.0004 0.2797055709792875
2.4913145901394538 0.0004 0.2797055709792875
3.3773139087910096 0.0004 0.2797055709792875
4.578405827854414 0.0004 0.2797055709792875
6.2066483870417155 0.0004 0.2797055709792875
8.413951416451951 0.0004 0.2797055709792875
11.40624923851321 0.0004 0.25932936547677177
15.462713682502532 0.0004 3.077285722394264
20.961799924531267 0.0004 4.350130731097141
28.416555146674987 0.0004 2.396230546245769
38.52248420036753 0.0004 2.817837511950052
52.22243798756887 0.0004 0.34367322330720285
70.79457843841381 0.0004 0.06235669688457094
1.0 0.0005 0.2797055709792875
1.3556352626674741 0.0005 0.2797055709792875
1.837746965387512 0.0005 0.2797055709792875
2.4913145901394538 0.0005 0.2797055709792875
3.3773139087910096 0.0005 0.2797055709792875
4.578405827854414 0.0005 0.2797055709792875
6.2066483870417155 0.0005 0.2797055709792875
8.413951416451951 0.0005 0.2797055709792875
11.40624923851321 0.0005 0.2906997989451091
15.462713682502532 0.0005 1.104603497957561
20.961799924531267 0.0005 2.8237515958906814
28.416555146674987 0.0005 0.8902977434969978
38.52248420036753 0.0005 0.032908819294354075
52.22243798756887 0.0005 0.3435200496026102
70.79457843841381 0.0005 0.06351352362506647
