# log10(y)    mass[MeV]    Nhits
-13.3  5  3.831966e-19
-13.7  5  1.081891e-14
-14  5  4.829187e-11
-14.3  5  3.694190e-08
-14.7  5  5.942011e-06
-15  5  3.444487e-04
-15.3  5  8.387439e-03
-15.7  5  7.656449e-02
-16  5  3.785797e-01
-16.3  5  1.598121e+00
-16.7  5  2.365315e+00
-17  5  4.285260e+00
-17.3  5  4.513196e+00
-17.7  5  6.544809e+00
-18  5  6.528753e+00
-18.3  5  5.410560e+00
-18.7  5  3.494719e+00
-19  5  2.413163e+00
-19.3  5  1.542095e+00
-19.7  5  6.950210e-01
-20  5  4.099001e-01
-20.3  5  2.339628e-01
-20.7  5  1.145964e-01
-21  5  6.428952e-02
-21.3  5  2.171851e-02
-21.7  5  3.320574e-03
-2.200000e+01  5.000000e+00  0.0
-13.3  6  5.454131e-15
-13.7  6  3.266421e-11
-14  6  2.150813e-08
-14.3  6  6.831788e-06
-14.7  6  3.698808e-04
-15  6  6.293049e-03
-15.3  6  6.963377e-02
-15.7  6  2.647965e-01
-16  6  9.634897e-01
-16.3  6  2.270934e+00
-16.7  6  3.609360e+00
-17  6  4.320567e+00
-17.3  6  1.043776e+01
-17.7  6  1.041191e+01
-18  6  9.945086e+00
-18.3  6  7.284703e+00
-18.7  6  4.445966e+00
-19  6  3.013700e+00
-19.3  6  1.831208e+00
-19.7  6  7.834330e-01
-20  6  4.912758e-01
-20.3  6  3.424965e-01
-20.7  6  1.537083e-01
-21  6  4.939726e-02
-21.3  6  1.010414e-02
-2.170000e+01  6.000000e+00  0.0
-2.200000e+01  6.000000e+00  0.0
-13.3  8  2.542472e-11
-13.7  8  1.507086e-08
-14  8  2.075180e-06
-14.3  8  1.480279e-04
-14.7  8  2.811750e-03
-15  8  3.941597e-02
-15.3  8  2.160377e-01
-15.7  8  6.238250e-01
-16  8  1.407751e+00
-16.3  8  2.540807e+00
-16.7  8  2.475781e+00
-17  8  5.763630e+00
-17.3  8  8.939713e+00
-17.7  8  9.611186e+00
-18  8  8.405502e+00
-18.3  8  7.139849e+00
-18.7  8  4.032897e+00
-19  8  2.679455e+00
-19.3  8  1.661446e+00
-19.7  8  8.087310e-01
-20  8  6.313467e-01
-20.3  8  3.678577e-01
-20.7  8  9.814108e-02
-21  8  2.044182e-02
-2.130000e+01  8.000000e+00  0.0
-2.170000e+01  8.000000e+00  0.0
-2.200000e+01  8.000000e+00  0.0
-13.3  9  3.419972e-09
-13.7  9  8.014068e-07
-14  9  5.477579e-05
-14.3  9  1.998123e-03
-14.7  9  1.991501e-02
-15  9  1.658359e-01
-15.3  9  8.054080e-01
-15.7  9  1.557964e+00
-16  9  2.544368e+00
-16.3  9  2.966363e+00
-16.7  9  5.310110e+00
-17  9  1.034201e+01
-17.3  9  1.224096e+01
-17.7  9  1.082901e+01
-18  9  1.002998e+01
-18.3  9  7.728055e+00
-18.7  9  4.222998e+00
-19  9  2.762928e+00
-19.3  9  1.836788e+00
-19.7  9  1.092095e+00
-20  9  6.082823e-01
-20.3  9  2.048607e-01
-20.7  9  3.572506e-02
-2.100000e+01  9.000000e+00  0.0
-2.130000e+01  9.000000e+00  0.0
-2.170000e+01  9.000000e+00  0.0
-2.200000e+01  9.000000e+00  0.0
-13.3  11  3.727880e-07
-13.7  11  2.407708e-05
-14  11  7.875952e-04
-14.3  11  1.022895e-02
-14.7  11  8.889723e-02
-15  11  6.035293e-01
-15.3  11  1.833723e+00
-15.7  11  2.420327e+00
-16  11  2.716833e+00
-16.3  11  5.427705e+00
-16.7  11  5.681818e+00
-17  11  9.585752e+00
-17.3  11  1.005109e+01
-17.7  11  8.479256e+00
-18  11  7.593219e+00
-18.3  11  5.770615e+00
-18.7  11  3.652296e+00
-19  11  2.587734e+00
-19.3  11  1.709742e+00
-19.7  11  8.292436e-01
-20  11  2.659763e-01
-20.3  11  6.373236e-02
-2.070000e+01  1.100000e+01  0.0
-2.100000e+01  1.100000e+01  0.0
-2.130000e+01  1.100000e+01  0.0
-2.170000e+01  1.100000e+01  0.0
-2.200000e+01  1.100000e+01  0.0
-13.3  14  3.154801e-05
-13.7  14  7.030224e-04
-14  14  6.773204e-03
-14.3  14  5.801542e-02
-14.7  14  4.398755e-01
-15  14  1.336298e+00
-15.3  14  3.229075e+00
-15.7  14  2.344898e+00
-16  14  5.257561e+00
-16.3  14  7.017717e+00
-16.7  14  7.901543e+00
-17  14  7.236093e+00
-17.3  14  8.282494e+00
-17.7  14  5.584620e+00
-18  14  4.333104e+00
-18.3  14  3.669848e+00
-18.7  14  2.093078e+00
-19  14  1.578267e+00
-19.3  14  9.218302e-01
-19.7  14  2.567897e-01
-20  14  6.213079e-02
-2.030000e+01  1.400000e+01  0.0
-2.070000e+01  1.400000e+01  0.0
-2.100000e+01  1.400000e+01  0.0
-2.130000e+01  1.400000e+01  0.0
-2.170000e+01  1.400000e+01  0.0
-2.200000e+01  1.400000e+01  0.0
-13.3  17  2.280867e-04
-13.7  17  2.990257e-03
-14  17  3.476278e-02
-14.3  17  1.806831e-01
-14.7  17  5.990365e-01
-15  17  2.164339e+00
-15.3  17  3.841238e+00
-15.7  17  4.253017e+00
-16  17  6.139662e+00
-16.3  17  9.477895e+00
-16.7  17  7.748202e+00
-17  17  7.183290e+00
-17.3  17  6.092424e+00
-17.7  17  3.629755e+00
-18  17  2.632230e+00
-18.3  17  1.857822e+00
-18.7  17  1.168528e+00
-19  17  7.238050e-01
-19.3  17  2.252685e-01
-19.7  17  4.378930e-02
-2.000000e+01  1.700000e+01  0.0
-2.030000e+01  1.700000e+01  0.0
-2.070000e+01  1.700000e+01  0.0
-2.100000e+01  1.700000e+01  0.0
-2.130000e+01  1.700000e+01  0.0
-2.170000e+01  1.700000e+01  0.0
-2.200000e+01  1.700000e+01  0.0
-13.3  21  1.511396e-03
-13.7  21  9.199405e-03
-14  21  5.408623e-02
-14.3  21  2.320921e-01
-14.7  21  4.576059e-01
-15  21  2.248454e+00
-15.3  21  4.508090e+00
-15.7  21  5.517898e+00
-16  21  7.846737e+00
-16.3  21  7.332172e+00
-16.7  21  6.198145e+00
-17  21  5.367160e+00
-17.3  21  3.965628e+00
-17.7  21  2.226188e+00
-18  21  1.666080e+00
-18.3  21  1.363622e+00
-18.7  21  6.766231e-01
-19  21  2.219357e-01
-19.3  21  5.113910e-02
-1.970000e+01  2.100000e+01  0.0
-2.000000e+01  2.100000e+01  0.0
-2.030000e+01  2.100000e+01  0.0
-2.070000e+01  2.100000e+01  0.0
-2.100000e+01  2.100000e+01  0.0
-2.130000e+01  2.100000e+01  0.0
-2.170000e+01  2.100000e+01  0.0
-2.200000e+01  2.100000e+01  0.0
-13.3  26  6.813414e-03
-13.7  26  2.417258e-02
-14  26  1.033042e-01
-14.3  26  6.979547e-01
-14.7  26  1.124931e+00
-15  26  1.963468e+00
-15.3  26  5.211993e+00
-15.7  26  5.402127e+00
-16  26  7.150851e+00
-16.3  26  6.651616e+00
-16.7  26  5.084054e+00
-17  26  3.943158e+00
-17.3  26  2.622193e+00
-17.7  26  1.543145e+00
-18  26  1.284140e+00
-18.3  26  7.532689e-01
-18.7  26  2.133574e-01
-19  26  4.793686e-02
-1.930000e+01  2.600000e+01  0.0
-1.970000e+01  2.600000e+01  0.0
-2.000000e+01  2.600000e+01  0.0
-2.030000e+01  2.600000e+01  0.0
-2.070000e+01  2.600000e+01  0.0
-2.100000e+01  2.600000e+01  0.0
-2.130000e+01  2.600000e+01  0.0
-2.170000e+01  2.600000e+01  0.0
-2.200000e+01  2.600000e+01  0.0
-13.3  32  1.546680e-02
-13.7  32  2.569880e-02
-14  32  2.949345e-01
-14.3  32  4.388131e-01
-14.7  32  1.304582e+00
-15  32  1.917572e+00
-15.3  32  5.224273e+00
-15.7  32  4.251953e+00
-16  32  5.367131e+00
-16.3  32  5.216663e+00
-16.7  32  3.277096e+00
-17  32  2.569019e+00
-17.3  32  1.946286e+00
-17.7  32  1.127993e+00
-18  32  6.893129e-01
-18.3  32  2.465209e-01
-18.7  32  4.425120e-02
-1.900000e+01  3.200000e+01  0.0
-1.930000e+01  3.200000e+01  0.0
-1.970000e+01  3.200000e+01  0.0
-2.000000e+01  3.200000e+01  0.0
-2.030000e+01  3.200000e+01  0.0
-2.070000e+01  3.200000e+01  0.0
-2.100000e+01  3.200000e+01  0.0
-2.130000e+01  3.200000e+01  0.0
-2.170000e+01  3.200000e+01  0.0
-2.200000e+01  3.200000e+01  0.0
-13.3  39  2.363638e-02
-13.7  39  1.788870e-01
-14  39  4.223721e-01
-14.3  39  8.475398e-01
-14.7  39  1.548053e+00
-15  39  2.365445e+00
-15.3  39  4.777198e+00
-15.7  39  4.014664e+00
-16  39  4.286589e+00
-16.3  39  3.476813e+00
-16.7  39  2.146665e+00
-17  39  1.591148e+00
-17.3  39  1.184346e+00
-17.7  39  6.248587e-01
-18  39  2.137998e-01
-1.830000e+01  3.900000e+01  0.0
-1.870000e+01  3.900000e+01  0.0
-1.900000e+01  3.900000e+01  0.0
-1.930000e+01  3.900000e+01  0.0
-1.970000e+01  3.900000e+01  0.0
-2.000000e+01  3.900000e+01  0.0
-2.030000e+01  3.900000e+01  0.0
-2.070000e+01  3.900000e+01  0.0
-2.100000e+01  3.900000e+01  0.0
-2.130000e+01  3.900000e+01  0.0
-2.170000e+01  3.900000e+01  0.0
-2.200000e+01  3.900000e+01  0.0
-13.3  48  5.681506e-02
-13.7  48  9.628203e-02
-14  48  2.641612e-01
-14.3  48  1.696350e+00
-14.7  48  8.000902e-01
-15  48  2.484905e+00
-15.3  48  2.412682e+00
-15.7  48  2.641176e+00
-16  48  2.318725e+00
-16.3  48  1.974992e+00
-16.7  48  1.168016e+00
-17  48  8.520841e-01
-17.3  48  5.867553e-01
-17.7  48  1.783836e-01
-1.800000e+01  4.800000e+01  0.0
-1.830000e+01  4.800000e+01  0.0
-1.870000e+01  4.800000e+01  0.0
-1.900000e+01  4.800000e+01  0.0
-1.930000e+01  4.800000e+01  0.0
-1.970000e+01  4.800000e+01  0.0
-2.000000e+01  4.800000e+01  0.0
-2.030000e+01  4.800000e+01  0.0
-2.070000e+01  4.800000e+01  0.0
-2.100000e+01  4.800000e+01  0.0
-2.130000e+01  4.800000e+01  0.0
-2.170000e+01  4.800000e+01  0.0
-2.200000e+01  4.800000e+01  0.0
-13.3  58  3.362784e-02
-13.7  58  1.176608e-01
-14  58  4.416837e-01
-14.3  58  7.719985e-01
-14.7  58  6.794795e-01
-15  58  1.091372e+00
-15.3  58  1.876099e+00
-15.7  58  1.575157e+00
-16  58  1.290999e+00
-16.3  58  9.956179e-01
-16.7  58  6.296505e-01
-17  58  4.378432e-01
-17.3  58  1.829374e-01
-1.770000e+01  5.800000e+01  0.0
-1.800000e+01  5.800000e+01  0.0
-1.830000e+01  5.800000e+01  0.0
-1.870000e+01  5.800000e+01  0.0
-1.900000e+01  5.800000e+01  0.0
-1.930000e+01  5.800000e+01  0.0
-1.970000e+01  5.800000e+01  0.0
-2.000000e+01  5.800000e+01  0.0
-2.030000e+01  5.800000e+01  0.0
-2.070000e+01  5.800000e+01  0.0
-2.100000e+01  5.800000e+01  0.0
-2.130000e+01  5.800000e+01  0.0
-2.170000e+01  5.800000e+01  0.0
-2.200000e+01  5.800000e+01  0.0
-13.3  88  1.999251e-02
-13.7  88  2.720144e-02
-14  88  4.340273e-02
-14.3  88  1.081369e-01
-14.7  88  1.452035e-01
-15  88  1.782851e-01
-15.3  88  2.010650e-01
-15.7  88  1.275501e-01
-16  88  1.305358e-01
-16.3  88  1.160887e-01
-16.7  88  5.276398e-02
-17  88  1.418323e-02
-1.730000e+01  8.800000e+01  0.0
-1.770000e+01  8.800000e+01  0.0
-1.800000e+01  8.800000e+01  0.0
-1.830000e+01  8.800000e+01  0.0
-1.870000e+01  8.800000e+01  0.0
-1.900000e+01  8.800000e+01  0.0
-1.930000e+01  8.800000e+01  0.0
-1.970000e+01  8.800000e+01  0.0
-2.000000e+01  8.800000e+01  0.0
-2.030000e+01  8.800000e+01  0.0
-2.070000e+01  8.800000e+01  0.0
-2.100000e+01  8.800000e+01  0.0
-2.130000e+01  8.800000e+01  0.0
-2.170000e+01  8.800000e+01  0.0
-2.200000e+01  8.800000e+01  0.0
-13.3  108  0.000000e+00
-13.7  108  0.000000e+00
-14  108  0.000000e+00
-14.3  108  0.000000e+00
-14.7  108  0.000000e+00
-15  108  0.000000e+00
-15.3  108  0.000000e+00
-15.7  108  0.000000e+00
-16  108  0.000000e+00
-16.3  108  0.000000e+00
-16.7  108  0.000000e+00
-1.700000e+01  1.080000e+02  0.0
-1.730000e+01  1.080000e+02  0.0
-1.770000e+01  1.080000e+02  0.0
-1.800000e+01  1.080000e+02  0.0
-1.830000e+01  1.080000e+02  0.0
-1.870000e+01  1.080000e+02  0.0
-1.900000e+01  1.080000e+02  0.0
-1.930000e+01  1.080000e+02  0.0
-1.970000e+01  1.080000e+02  0.0
-2.000000e+01  1.080000e+02  0.0
-2.030000e+01  1.080000e+02  0.0
-2.070000e+01  1.080000e+02  0.0
-2.100000e+01  1.080000e+02  0.0
-2.130000e+01  1.080000e+02  0.0
-2.170000e+01  1.080000e+02  0.0
-2.200000e+01  1.080000e+02  0.0
-13.3  132  0.000000e+00
-13.7  132  0.000000e+00
-14  132  0.000000e+00
-14.3  132  0.000000e+00
-14.7  132  0.000000e+00
-15  132  0.000000e+00
-15.3  132  0.000000e+00
-15.7  132  0.000000e+00
-16  132  0.000000e+00
-16.3  132  0.000000e+00
-1.670000e+01  1.320000e+02  0.0
-1.700000e+01  1.320000e+02  0.0
-1.730000e+01  1.320000e+02  0.0
-1.770000e+01  1.320000e+02  0.0
-1.800000e+01  1.320000e+02  0.0
-1.830000e+01  1.320000e+02  0.0
-1.870000e+01  1.320000e+02  0.0
-1.900000e+01  1.320000e+02  0.0
-1.930000e+01  1.320000e+02  0.0
-1.970000e+01  1.320000e+02  0.0
-2.000000e+01  1.320000e+02  0.0
-2.030000e+01  1.320000e+02  0.0
-2.070000e+01  1.320000e+02  0.0
-2.100000e+01  1.320000e+02  0.0
-2.130000e+01  1.320000e+02  0.0
-2.170000e+01  1.320000e+02  0.0
-2.200000e+01  1.320000e+02  0.0
-13.3  162  0.000000e+00
-13.7  162  0.000000e+00
-14  162  0.000000e+00
-14.3  162  0.000000e+00
-14.7  162  0.000000e+00
-15  162  0.000000e+00
-15.3  162  0.000000e+00
-15.7  162  0.000000e+00
-16  162  0.000000e+00
-1.630000e+01  1.620000e+02  0.0
-1.670000e+01  1.620000e+02  0.0
-1.700000e+01  1.620000e+02  0.0
-1.730000e+01  1.620000e+02  0.0
-1.770000e+01  1.620000e+02  0.0
-1.800000e+01  1.620000e+02  0.0
-1.830000e+01  1.620000e+02  0.0
-1.870000e+01  1.620000e+02  0.0
-1.900000e+01  1.620000e+02  0.0
-1.930000e+01  1.620000e+02  0.0
-1.970000e+01  1.620000e+02  0.0
-2.000000e+01  1.620000e+02  0.0
-2.030000e+01  1.620000e+02  0.0
-2.070000e+01  1.620000e+02  0.0
-2.100000e+01  1.620000e+02  0.0
-2.130000e+01  1.620000e+02  0.0
-2.170000e+01  1.620000e+02  0.0
-2.200000e+01  1.620000e+02  0.0
-13.3  199  0.000000e+00
-13.7  199  0.000000e+00
-14  199  0.000000e+00
-14.3  199  0.000000e+00
-14.7  199  0.000000e+00
-15  199  0.000000e+00
-15.3  199  0.000000e+00
-15.7  199  0.000000e+00
-1.600000e+01  1.990000e+02  0.0
-1.630000e+01  1.990000e+02  0.0
-1.670000e+01  1.990000e+02  0.0
-1.700000e+01  1.990000e+02  0.0
-1.730000e+01  1.990000e+02  0.0
-1.770000e+01  1.990000e+02  0.0
-1.800000e+01  1.990000e+02  0.0
-1.830000e+01  1.990000e+02  0.0
-1.870000e+01  1.990000e+02  0.0
-1.900000e+01  1.990000e+02  0.0
-1.930000e+01  1.990000e+02  0.0
-1.970000e+01  1.990000e+02  0.0
-2.000000e+01  1.990000e+02  0.0
-2.030000e+01  1.990000e+02  0.0
-2.070000e+01  1.990000e+02  0.0
-2.100000e+01  1.990000e+02  0.0
-2.130000e+01  1.990000e+02  0.0
-2.170000e+01  1.990000e+02  0.0
-2.200000e+01  1.990000e+02  0.0
-13.3  244  0.000000e+00
-13.7  244  0.000000e+00
-14  244  0.000000e+00
-14.3  244  0.000000e+00
-14.7  244  0.000000e+00
-15  244  0.000000e+00
-15.3  244  0.000000e+00
-15.7  244  0.000000e+00
-1.600000e+01  2.440000e+02  0.0
-1.630000e+01  2.440000e+02  0.0
-1.670000e+01  2.440000e+02  0.0
-1.700000e+01  2.440000e+02  0.0
-1.730000e+01  2.440000e+02  0.0
-1.770000e+01  2.440000e+02  0.0
-1.800000e+01  2.440000e+02  0.0
-1.830000e+01  2.440000e+02  0.0
-1.870000e+01  2.440000e+02  0.0
-1.900000e+01  2.440000e+02  0.0
-1.930000e+01  2.440000e+02  0.0
-1.970000e+01  2.440000e+02  0.0
-2.000000e+01  2.440000e+02  0.0
-2.030000e+01  2.440000e+02  0.0
-2.070000e+01  2.440000e+02  0.0
-2.100000e+01  2.440000e+02  0.0
-2.130000e+01  2.440000e+02  0.0
-2.170000e+01  2.440000e+02  0.0
-2.200000e+01  2.440000e+02  0.0
-13.3  300  0.000000e+00
-13.7  300  0.000000e+00
-14  300  0.000000e+00
-14.3  300  0.000000e+00
-14.7  300  0.000000e+00
-15  300  0.000000e+00
-15.3  300  0.000000e+00
-1.570000e+01  3.000000e+02  0.0
-1.600000e+01  3.000000e+02  0.0
-1.630000e+01  3.000000e+02  0.0
-1.670000e+01  3.000000e+02  0.0
-1.700000e+01  3.000000e+02  0.0
-1.730000e+01  3.000000e+02  0.0
-1.770000e+01  3.000000e+02  0.0
-1.800000e+01  3.000000e+02  0.0
-1.830000e+01  3.000000e+02  0.0
-1.870000e+01  3.000000e+02  0.0
-1.900000e+01  3.000000e+02  0.0
-1.930000e+01  3.000000e+02  0.0
-1.970000e+01  3.000000e+02  0.0
-2.000000e+01  3.000000e+02  0.0
-2.030000e+01  3.000000e+02  0.0
-2.070000e+01  3.000000e+02  0.0
-2.100000e+01  3.000000e+02  0.0
-2.130000e+01  3.000000e+02  0.0
-2.170000e+01  3.000000e+02  0.0
-2.200000e+01  3.000000e+02  0.0
