# log10(y)    mass[MeV]    Nhits
-13.3  5  2.210198e-19
-13.7  5  1.110594e-14
-14  5  7.762609e-11
-14.3  5  7.763578e-08
-14.7  5  1.323848e-05
-15  5  6.969873e-04
-15.3  5  1.416309e-02
-15.7  5  1.051581e-01
-16  5  4.430357e-01
-16.3  5  1.758311e+00
-16.7  5  2.694673e+00
-17  5  5.324624e+00
-17.3  5  5.945614e+00
-17.7  5  1.063426e+01
-18  5  1.228532e+01
-18.3  5  1.155912e+01
-18.7  5  8.455496e+00
-19  5  6.576934e+00
-19.3  5  4.617180e+00
-19.7  5  2.273040e+00
-20  5  1.455486e+00
-20.3  5  9.090795e-01
-20.7  5  4.670302e-01
-21  5  2.686848e-01
-21.3  5  9.497382e-02
-21.7  5  1.542981e-02
-2.200000e+01  5.000000e+00  0.0
-13.3  6  2.301526e-15
-13.7  6  1.271430e-11
-14  6  7.701902e-09
-14.3  6  2.637359e-06
-14.7  6  1.852447e-04
-15  6  4.393304e-03
-15.3  6  6.402277e-02
-15.7  6  2.805957e-01
-16  6  1.044160e+00
-16.3  6  2.428725e+00
-16.7  6  3.915405e+00
-17  6  4.787489e+00
-17.3  6  1.317101e+01
-17.7  6  1.476100e+01
-18  6  1.577143e+01
-18.3  6  1.299706e+01
-18.7  6  8.933145e+00
-19  6  6.675192e+00
-19.3  6  4.456543e+00
-19.7  6  2.122490e+00
-20  6  1.446932e+00
-20.3  6  1.065218e+00
-20.7  6  4.939631e-01
-21  6  1.673933e-01
-21.3  6  3.680708e-02
-2.170000e+01  6.000000e+00  0.0
-2.200000e+01  6.000000e+00  0.0
-13.3  8  3.927031e-11
-13.7  8  2.261685e-08
-14  8  3.058111e-06
-14.3  8  2.112446e-04
-14.7  8  3.704435e-03
-15  8  4.592560e-02
-15.3  8  2.240774e-01
-15.7  8  6.151817e-01
-16  8  1.397719e+00
-16.3  8  2.577060e+00
-16.7  8  2.535224e+00
-17  8  6.111481e+00
-17.3  8  1.002096e+01
-17.7  8  1.146791e+01
-18  8  1.083916e+01
-18.3  8  1.005835e+01
-18.7  8  6.148259e+00
-19  8  4.430538e+00
-19.3  8  3.030074e+00
-19.7  8  1.598131e+00
-20  8  1.317060e+00
-20.3  8  7.933646e-01
-20.7  8  2.245841e-01
-21  8  5.058084e-02
-2.130000e+01  8.000000e+00  0.0
-2.170000e+01  8.000000e+00  0.0
-2.200000e+01  8.000000e+00  0.0
-13.3  9  3.229692e-09
-13.7  9  8.255352e-07
-14  9  6.218983e-05
-14.3  9  2.413474e-03
-14.7  9  2.420027e-02
-15  9  1.928633e-01
-15.3  9  8.797914e-01
-15.7  9  1.630132e+00
-16  9  2.627496e+00
-16.3  9  3.061283e+00
-16.7  9  5.521524e+00
-17  9  1.102176e+01
-17.3  9  1.354420e+01
-17.7  9  1.266045e+01
-18  9  1.257506e+01
-18.3  9  1.035797e+01
-18.7  9  6.081559e+00
-19  9  4.353532e+00
-19.3  9  3.122534e+00
-19.7  9  1.963128e+00
-20  9  1.129811e+00
-20.3  9  4.019666e-01
-20.7  9  7.618625e-02
-2.100000e+01  9.000000e+00  0.0
-2.130000e+01  9.000000e+00  0.0
-2.170000e+01  9.000000e+00  0.0
-2.200000e+01  9.000000e+00  0.0
-13.3  11  3.922216e-07
-13.7  11  2.408861e-05
-14  11  7.607391e-04
-14.3  11  9.825322e-03
-14.7  11  8.695374e-02
-15  11  6.007892e-01
-15.3  11  1.831708e+00
-15.7  11  2.410254e+00
-16  11  2.705860e+00
-16.3  11  5.445777e+00
-16.7  11  5.753352e+00
-17  11  9.811106e+00
-17.3  11  1.044766e+01
-17.7  11  8.982870e+00
-18  11  8.285699e+00
-18.3  11  6.478562e+00
-18.7  11  4.250879e+00
-19  11  3.102954e+00
-19.3  11  2.094090e+00
-19.7  11  1.027998e+00
-20  11  3.362565e-01
-20.3  11  8.299359e-02
-2.070000e+01  1.100000e+01  0.0
-2.100000e+01  1.100000e+01  0.0
-2.130000e+01  1.100000e+01  0.0
-2.170000e+01  1.100000e+01  0.0
-2.200000e+01  1.100000e+01  0.0
-13.3  14  2.368381e-05
-13.7  14  5.273864e-04
-14  14  5.078149e-03
-14.3  14  4.455735e-02
-14.7  14  3.554965e-01
-15  14  1.151119e+00
-15.3  14  2.943393e+00
-15.7  14  2.185153e+00
-16  14  5.066618e+00
-16.3  14  6.929784e+00
-16.7  14  7.902928e+00
-17  14  7.298551e+00
-17.3  14  8.381911e+00
-17.7  14  5.651012e+00
-18  14  4.382056e+00
-18.3  14  3.715064e+00
-18.7  14  2.125842e+00
-19  14  1.609443e+00
-19.3  14  9.428736e-01
-19.7  14  2.643977e-01
-20  14  6.474354e-02
-2.030000e+01  1.400000e+01  0.0
-2.070000e+01  1.400000e+01  0.0
-2.100000e+01  1.400000e+01  0.0
-2.130000e+01  1.400000e+01  0.0
-2.170000e+01  1.400000e+01  0.0
-2.200000e+01  1.400000e+01  0.0
-13.3  17  2.564734e-04
-13.7  17  2.899865e-03
-14  17  3.061822e-02
-14.3  17  1.515359e-01
-14.7  17  4.976836e-01
-15  17  1.837124e+00
-15.3  17  3.325299e+00
-15.7  17  3.809174e+00
-16  17  5.673503e+00
-16.3  17  8.950388e+00
-16.7  17  7.466061e+00
-17  17  7.082351e+00
-17.3  17  6.157490e+00
-17.7  17  3.743827e+00
-18  17  2.775341e+00
-18.3  17  1.988930e+00
-18.7  17  1.262546e+00
-19  17  7.856044e-01
-19.3  17  2.461764e-01
-19.7  17  4.817956e-02
-2.000000e+01  1.700000e+01  0.0
-2.030000e+01  1.700000e+01  0.0
-2.070000e+01  1.700000e+01  0.0
-2.100000e+01  1.700000e+01  0.0
-2.130000e+01  1.700000e+01  0.0
-2.170000e+01  1.700000e+01  0.0
-2.200000e+01  1.700000e+01  0.0
-13.3  21  2.239802e-03
-13.7  21  1.259962e-02
-14  21  6.556393e-02
-14.3  21  2.500233e-01
-14.7  21  4.505862e-01
-15  21  2.136064e+00
-15.3  21  4.189825e+00
-15.7  21  5.129910e+00
-16  21  7.356344e+00
-16.3  21  6.931750e+00
-16.7  21  5.885376e+00
-17  21  5.112833e+00
-17.3  21  3.782707e+00
-17.7  21  2.123374e+00
-18  21  1.587254e+00
-18.3  21  1.297498e+00
-18.7  21  6.432363e-01
-19  21  2.105824e-01
-19.3  21  4.834925e-02
-1.970000e+01  2.100000e+01  0.0
-2.000000e+01  2.100000e+01  0.0
-2.030000e+01  2.100000e+01  0.0
-2.070000e+01  2.100000e+01  0.0
-2.100000e+01  2.100000e+01  0.0
-2.130000e+01  2.100000e+01  0.0
-2.170000e+01  2.100000e+01  0.0
-2.200000e+01  2.100000e+01  0.0
-13.3  26  7.251720e-03
-13.7  26  2.732467e-02
-14  26  1.183293e-01
-14.3  26  7.727147e-01
-14.7  26  1.192007e+00
-15  26  1.995458e+00
-15.3  26  5.029878e+00
-15.7  26  5.115619e+00
-16  26  6.718761e+00
-16.3  26  6.230945e+00
-16.7  26  4.744845e+00
-17  26  3.660313e+00
-17.3  26  2.409853e+00
-17.7  26  1.398916e+00
-18  26  1.153387e+00
-18.3  26  6.719567e-01
-18.7  26  1.882191e-01
-19  26  4.146787e-02
-1.930000e+01  2.600000e+01  0.0
-1.970000e+01  2.600000e+01  0.0
-2.000000e+01  2.600000e+01  0.0
-2.030000e+01  2.600000e+01  0.0
-2.070000e+01  2.600000e+01  0.0
-2.100000e+01  2.600000e+01  0.0
-2.130000e+01  2.600000e+01  0.0
-2.170000e+01  2.600000e+01  0.0
-2.200000e+01  2.600000e+01  0.0
-13.3  32  1.461185e-02
-13.7  32  2.572139e-02
-14  32  3.091361e-01
-14.3  32  4.663855e-01
-14.7  32  1.380567e+00
-15  32  1.958660e+00
-15.3  32  5.166368e+00
-15.7  32  4.128645e+00
-16  32  5.161977e+00
-16.3  32  5.015419e+00
-16.7  32  3.174099e+00
-17  32  2.520831e+00
-17.3  32  1.935754e+00
-17.7  32  1.136784e+00
-18  32  6.992111e-01
-18.3  32  2.530723e-01
-18.7  32  4.627343e-02
-1.900000e+01  3.200000e+01  0.0
-1.930000e+01  3.200000e+01  0.0
-1.970000e+01  3.200000e+01  0.0
-2.000000e+01  3.200000e+01  0.0
-2.030000e+01  3.200000e+01  0.0
-2.070000e+01  3.200000e+01  0.0
-2.100000e+01  3.200000e+01  0.0
-2.130000e+01  3.200000e+01  0.0
-2.170000e+01  3.200000e+01  0.0
-2.200000e+01  3.200000e+01  0.0
-13.3  39  2.165556e-02
-13.7  39  1.729177e-01
-14  39  4.165685e-01
-14.3  39  8.631579e-01
-14.7  39  1.574874e+00
-15  39  2.369153e+00
-15.3  39  4.674669e+00
-15.7  39  3.844367e+00
-16  39  4.021423e+00
-16.3  39  3.203311e+00
-16.7  39  1.952651e+00
-17  39  1.431200e+00
-17.3  39  1.061431e+00
-17.7  39  5.569015e-01
-18  39  1.890797e-01
-1.830000e+01  3.900000e+01  0.0
-1.870000e+01  3.900000e+01  0.0
-1.900000e+01  3.900000e+01  0.0
-1.930000e+01  3.900000e+01  0.0
-1.970000e+01  3.900000e+01  0.0
-2.000000e+01  3.900000e+01  0.0
-2.030000e+01  3.900000e+01  0.0
-2.070000e+01  3.900000e+01  0.0
-2.100000e+01  3.900000e+01  0.0
-2.130000e+01  3.900000e+01  0.0
-2.170000e+01  3.900000e+01  0.0
-2.200000e+01  3.900000e+01  0.0
-13.3  48  4.940560e-02
-13.7  48  8.591500e-02
-14  48  2.462645e-01
-14.3  48  1.655342e+00
-14.7  48  7.964329e-01
-15  48  2.492165e+00
-15.3  48  2.413760e+00
-15.7  48  2.619766e+00
-16  48  2.271352e+00
-16.3  48  1.906774e+00
-16.7  48  1.112886e+00
-17  48  8.081993e-01
-17.3  48  5.518594e-01
-17.7  48  1.656624e-01
-1.800000e+01  4.800000e+01  0.0
-1.830000e+01  4.800000e+01  0.0
-1.870000e+01  4.800000e+01  0.0
-1.900000e+01  4.800000e+01  0.0
-1.930000e+01  4.800000e+01  0.0
-1.970000e+01  4.800000e+01  0.0
-2.000000e+01  4.800000e+01  0.0
-2.030000e+01  4.800000e+01  0.0
-2.070000e+01  4.800000e+01  0.0
-2.100000e+01  4.800000e+01  0.0
-2.130000e+01  4.800000e+01  0.0
-2.170000e+01  4.800000e+01  0.0
-2.200000e+01  4.800000e+01  0.0
-13.3  58  2.783255e-02
-13.7  58  1.004304e-01
-14  58  3.961609e-01
-14.3  58  7.203494e-01
-14.7  58  6.536870e-01
-15  58  1.072774e+00
-15.3  58  1.875544e+00
-15.7  58  1.594451e+00
-16  58  1.318148e+00
-16.3  58  1.022198e+00
-16.7  58  6.467202e-01
-17  58  4.499381e-01
-17.3  58  1.880555e-01
-1.770000e+01  5.800000e+01  0.0
-1.800000e+01  5.800000e+01  0.0
-1.830000e+01  5.800000e+01  0.0
-1.870000e+01  5.800000e+01  0.0
-1.900000e+01  5.800000e+01  0.0
-1.930000e+01  5.800000e+01  0.0
-1.970000e+01  5.800000e+01  0.0
-2.000000e+01  5.800000e+01  0.0
-2.030000e+01  5.800000e+01  0.0
-2.070000e+01  5.800000e+01  0.0
-2.100000e+01  5.800000e+01  0.0
-2.130000e+01  5.800000e+01  0.0
-2.170000e+01  5.800000e+01  0.0
-2.200000e+01  5.800000e+01  0.0
-13.3  88  1.501483e-02
-13.7  88  2.048089e-02
-14  88  3.275730e-02
-14.3  88  8.175955e-02
-14.7  88  1.099388e-01
-15  88  1.351581e-01
-15.3  88  1.525995e-01
-15.7  88  9.690090e-02
-16  88  9.925508e-02
-16.3  88  8.828678e-02
-16.7  88  4.013378e-02
-17  88  1.079149e-02
-1.730000e+01  8.800000e+01  0.0
-1.770000e+01  8.800000e+01  0.0
-1.800000e+01  8.800000e+01  0.0
-1.830000e+01  8.800000e+01  0.0
-1.870000e+01  8.800000e+01  0.0
-1.900000e+01  8.800000e+01  0.0
-1.930000e+01  8.800000e+01  0.0
-1.970000e+01  8.800000e+01  0.0
-2.000000e+01  8.800000e+01  0.0
-2.030000e+01  8.800000e+01  0.0
-2.070000e+01  8.800000e+01  0.0
-2.100000e+01  8.800000e+01  0.0
-2.130000e+01  8.800000e+01  0.0
-2.170000e+01  8.800000e+01  0.0
-2.200000e+01  8.800000e+01  0.0
-13.3  108  0.000000e+00
-13.7  108  0.000000e+00
-14  108  0.000000e+00
-14.3  108  0.000000e+00
-14.7  108  0.000000e+00
-15  108  0.000000e+00
-15.3  108  0.000000e+00
-15.7  108  0.000000e+00
-16  108  0.000000e+00
-16.3  108  0.000000e+00
-16.7  108  0.000000e+00
-1.700000e+01  1.080000e+02  0.0
-1.730000e+01  1.080000e+02  0.0
-1.770000e+01  1.080000e+02  0.0
-1.800000e+01  1.080000e+02  0.0
-1.830000e+01  1.080000e+02  0.0
-1.870000e+01  1.080000e+02  0.0
-1.900000e+01  1.080000e+02  0.0
-1.930000e+01  1.080000e+02  0.0
-1.970000e+01  1.080000e+02  0.0
-2.000000e+01  1.080000e+02  0.0
-2.030000e+01  1.080000e+02  0.0
-2.070000e+01  1.080000e+02  0.0
-2.100000e+01  1.080000e+02  0.0
-2.130000e+01  1.080000e+02  0.0
-2.170000e+01  1.080000e+02  0.0
-2.200000e+01  1.080000e+02  0.0
-13.3  132  0.000000e+00
-13.7  132  0.000000e+00
-14  132  0.000000e+00
-14.3  132  0.000000e+00
-14.7  132  0.000000e+00
-15  132  0.000000e+00
-15.3  132  0.000000e+00
-15.7  132  0.000000e+00
-16  132  0.000000e+00
-16.3  132  0.000000e+00
-1.670000e+01  1.320000e+02  0.0
-1.700000e+01  1.320000e+02  0.0
-1.730000e+01  1.320000e+02  0.0
-1.770000e+01  1.320000e+02  0.0
-1.800000e+01  1.320000e+02  0.0
-1.830000e+01  1.320000e+02  0.0
-1.870000e+01  1.320000e+02  0.0
-1.900000e+01  1.320000e+02  0.0
-1.930000e+01  1.320000e+02  0.0
-1.970000e+01  1.320000e+02  0.0
-2.000000e+01  1.320000e+02  0.0
-2.030000e+01  1.320000e+02  0.0
-2.070000e+01  1.320000e+02  0.0
-2.100000e+01  1.320000e+02  0.0
-2.130000e+01  1.320000e+02  0.0
-2.170000e+01  1.320000e+02  0.0
-2.200000e+01  1.320000e+02  0.0
-13.3  162  0.000000e+00
-13.7  162  0.000000e+00
-14  162  0.000000e+00
-14.3  162  0.000000e+00
-14.7  162  0.000000e+00
-15  162  0.000000e+00
-15.3  162  0.000000e+00
-15.7  162  0.000000e+00
-16  162  0.000000e+00
-1.630000e+01  1.620000e+02  0.0
-1.670000e+01  1.620000e+02  0.0
-1.700000e+01  1.620000e+02  0.0
-1.730000e+01  1.620000e+02  0.0
-1.770000e+01  1.620000e+02  0.0
-1.800000e+01  1.620000e+02  0.0
-1.830000e+01  1.620000e+02  0.0
-1.870000e+01  1.620000e+02  0.0
-1.900000e+01  1.620000e+02  0.0
-1.930000e+01  1.620000e+02  0.0
-1.970000e+01  1.620000e+02  0.0
-2.000000e+01  1.620000e+02  0.0
-2.030000e+01  1.620000e+02  0.0
-2.070000e+01  1.620000e+02  0.0
-2.100000e+01  1.620000e+02  0.0
-2.130000e+01  1.620000e+02  0.0
-2.170000e+01  1.620000e+02  0.0
-2.200000e+01  1.620000e+02  0.0
-13.3  199  0.000000e+00
-13.7  199  0.000000e+00
-14  199  0.000000e+00
-14.3  199  0.000000e+00
-14.7  199  0.000000e+00
-15  199  0.000000e+00
-15.3  199  0.000000e+00
-15.7  199  0.000000e+00
-1.600000e+01  1.990000e+02  0.0
-1.630000e+01  1.990000e+02  0.0
-1.670000e+01  1.990000e+02  0.0
-1.700000e+01  1.990000e+02  0.0
-1.730000e+01  1.990000e+02  0.0
-1.770000e+01  1.990000e+02  0.0
-1.800000e+01  1.990000e+02  0.0
-1.830000e+01  1.990000e+02  0.0
-1.870000e+01  1.990000e+02  0.0
-1.900000e+01  1.990000e+02  0.0
-1.930000e+01  1.990000e+02  0.0
-1.970000e+01  1.990000e+02  0.0
-2.000000e+01  1.990000e+02  0.0
-2.030000e+01  1.990000e+02  0.0
-2.070000e+01  1.990000e+02  0.0
-2.100000e+01  1.990000e+02  0.0
-2.130000e+01  1.990000e+02  0.0
-2.170000e+01  1.990000e+02  0.0
-2.200000e+01  1.990000e+02  0.0
-13.3  244  0.000000e+00
-13.7  244  0.000000e+00
-14  244  0.000000e+00
-14.3  244  0.000000e+00
-14.7  244  0.000000e+00
-15  244  0.000000e+00
-15.3  244  0.000000e+00
-15.7  244  0.000000e+00
-1.600000e+01  2.440000e+02  0.0
-1.630000e+01  2.440000e+02  0.0
-1.670000e+01  2.440000e+02  0.0
-1.700000e+01  2.440000e+02  0.0
-1.730000e+01  2.440000e+02  0.0
-1.770000e+01  2.440000e+02  0.0
-1.800000e+01  2.440000e+02  0.0
-1.830000e+01  2.440000e+02  0.0
-1.870000e+01  2.440000e+02  0.0
-1.900000e+01  2.440000e+02  0.0
-1.930000e+01  2.440000e+02  0.0
-1.970000e+01  2.440000e+02  0.0
-2.000000e+01  2.440000e+02  0.0
-2.030000e+01  2.440000e+02  0.0
-2.070000e+01  2.440000e+02  0.0
-2.100000e+01  2.440000e+02  0.0
-2.130000e+01  2.440000e+02  0.0
-2.170000e+01  2.440000e+02  0.0
-2.200000e+01  2.440000e+02  0.0
-13.3  300  0.000000e+00
-13.7  300  0.000000e+00
-14  300  0.000000e+00
-14.3  300  0.000000e+00
-14.7  300  0.000000e+00
-15  300  0.000000e+00
-15.3  300  0.000000e+00
-1.570000e+01  3.000000e+02  0.0
-1.600000e+01  3.000000e+02  0.0
-1.630000e+01  3.000000e+02  0.0
-1.670000e+01  3.000000e+02  0.0
-1.700000e+01  3.000000e+02  0.0
-1.730000e+01  3.000000e+02  0.0
-1.770000e+01  3.000000e+02  0.0
-1.800000e+01  3.000000e+02  0.0
-1.830000e+01  3.000000e+02  0.0
-1.870000e+01  3.000000e+02  0.0
-1.900000e+01  3.000000e+02  0.0
-1.930000e+01  3.000000e+02  0.0
-1.970000e+01  3.000000e+02  0.0
-2.000000e+01  3.000000e+02  0.0
-2.030000e+01  3.000000e+02  0.0
-2.070000e+01  3.000000e+02  0.0
-2.100000e+01  3.000000e+02  0.0
-2.130000e+01  3.000000e+02  0.0
-2.170000e+01  3.000000e+02  0.0
-2.200000e+01  3.000000e+02  0.0
