# log10(y)    mass[MeV]    Nhits
-13.3  5  6.416561e-17
-13.7  5  1.538347e-12
-14  5  5.608471e-09
-14.3  5  3.114695e-06
-14.7  5  2.993475e-04
-15  5  8.740194e-03
-15.3  5  9.784078e-02
-15.7  5  4.022897e-01
-16  5  9.350751e-01
-16.3  5  2.046732e+00
-16.7  5  1.750167e+00
-17  5  2.123590e+00
-17.3  5  1.866748e+00
-17.7  5  1.844727e+00
-18  5  2.014322e+00
-18.3  5  2.590286e+00
-18.7  5  3.209812e+00
-19  5  4.406679e+00
-19.3  5  4.830296e+00
-19.7  5  3.563005e+00
-20  5  3.279546e+00
-20.3  5  3.007143e+00
-20.7  5  1.884877e+00
-21  5  1.203563e+00
-21.3  5  5.126612e-01
-21.7  5  1.068139e-01
-2.200000e+01  5.000000e+00  0.0
-13.3  6  1.775328e-15
-13.7  6  2.790199e-11
-14  6  4.820662e-08
-14.3  6  3.231930e-05
-14.7  6  2.825461e-03
-15  6  6.256236e-02
-15.3  6  7.243091e-01
-15.7  6  2.296048e+00
-16  6  5.844095e+00
-16.3  6  8.775721e+00
-16.7  6  9.084923e+00
-17  6  8.959261e+00
-17.3  6  1.198321e+01
-17.7  6  8.645858e+00
-18  6  6.576858e+00
-18.3  6  4.206186e+00
-18.7  6  2.636864e+00
-19  6  2.131579e+00
-19.3  6  1.729822e+00
-19.7  6  1.130126e+00
-20  6  1.021075e+00
-20.3  6  9.100580e-01
-20.7  6  4.741505e-01
-21  6  1.942459e-01
-21.3  6  5.534343e-02
-2.170000e+01  6.000000e+00  0.0
-2.200000e+01  6.000000e+00  0.0
-13.3  8  1.148163e-11
-13.7  8  5.918867e-09
-14  8  8.863317e-07
-14.3  8  8.864055e-05
-14.7  8  3.278071e-03
-15  8  9.790554e-02
-15.3  8  9.844732e-01
-15.7  8  4.096294e+00
-16  8  1.072907e+01
-16.3  8  1.867252e+01
-16.7  8  1.695348e+01
-17  8  2.873940e+01
-17.3  8  3.236944e+01
-17.7  8  2.706704e+01
-18  8  1.846051e+01
-18.3  8  1.235052e+01
-18.7  8  5.774849e+00
-19  8  3.211277e+00
-19.3  8  1.633250e+00
-19.7  8  6.832757e-01
-20  8  4.838741e-01
-20.3  8  2.661069e-01
-20.7  8  6.425252e-02
-21  8  1.179935e-02
-2.130000e+01  8.000000e+00  0.0
-2.170000e+01  8.000000e+00  0.0
-2.200000e+01  8.000000e+00  0.0
-13.3  9  2.563060e-09
-13.7  9  4.981132e-07
-14  9  2.904748e-05
-14.3  9  1.090154e-03
-14.7  9  1.677693e-02
-15  9  2.870973e-01
-15.3  9  2.661693e+00
-15.7  9  7.946925e+00
-16  9  1.594211e+01
-16.3  9  1.919226e+01
-16.7  9  3.099335e+01
-17  9  4.843230e+01
-17.3  9  4.656053e+01
-17.7  9  3.293577e+01
-18  9  2.433817e+01
-18.3  9  1.559488e+01
-18.7  9  7.137682e+00
-19  9  3.819805e+00
-19.3  9  2.172719e+00
-19.7  9  1.159491e+00
-20  9  6.077234e-01
-20.3  9  1.854621e-01
-20.7  9  2.805645e-02
-2.100000e+01  9.000000e+00  0.0
-2.130000e+01  9.000000e+00  0.0
-2.170000e+01  9.000000e+00  0.0
-2.200000e+01  9.000000e+00  0.0
-13.3  11  3.863490e-07
-13.7  11  2.295220e-05
-14  11  6.689871e-04
-14.3  11  7.711371e-03
-14.7  11  6.588377e-02
-15  11  6.004246e-01
-15.3  11  3.184327e+00
-15.7  11  7.245207e+00
-16  11  1.000005e+01
-16.3  11  2.762826e+01
-16.7  11  3.099440e+01
-17  11  4.893205e+01
-17.3  11  4.529007e+01
-17.7  11  3.341003e+01
-18  11  2.495836e+01
-18.3  11  1.619447e+01
-18.7  11  8.476153e+00
-19  11  5.148348e+00
-19.3  11  3.047947e+00
-19.7  11  1.388213e+00
-20  11  4.014990e-01
-20.3  11  8.189375e-02
-2.070000e+01  1.100000e+01  0.0
-2.100000e+01  1.100000e+01  0.0
-2.130000e+01  1.100000e+01  0.0
-2.170000e+01  1.100000e+01  0.0
-2.200000e+01  1.100000e+01  0.0
-13.3  14  2.810652e-05
-13.7  14  5.806848e-04
-14  14  5.166849e-03
-14.3  14  4.178883e-02
-14.7  14  3.068813e-01
-15  14  9.868056e-01
-15.3  14  3.193479e+00
-15.7  14  2.957493e+00
-16  14  1.159963e+01
-16.3  14  2.447867e+01
-16.7  14  3.361347e+01
-17  14  3.426420e+01
-17.3  14  4.019023e+01
-17.7  14  2.600006e+01
-18  14  1.879954e+01
-18.3  14  1.423381e+01
-18.7  14  7.301208e+00
-19  14  5.073220e+00
-19.3  14  2.822084e+00
-19.7  14  7.192077e-01
-20  14  1.531663e-01
-2.030000e+01  1.400000e+01  0.0
-2.070000e+01  1.400000e+01  0.0
-2.100000e+01  1.400000e+01  0.0
-2.130000e+01  1.400000e+01  0.0
-2.170000e+01  1.400000e+01  0.0
-2.200000e+01  1.400000e+01  0.0
-13.3  17  2.274977e-04
-13.7  17  2.775726e-03
-14  17  2.999439e-02
-14.3  17  1.458471e-01
-14.7  17  4.574422e-01
-15  17  1.637879e+00
-15.3  17  3.080819e+00
-15.7  17  4.493724e+00
-16  17  1.066087e+01
-16.3  17  2.437000e+01
-16.7  17  2.637682e+01
-17  17  3.027689e+01
-17.3  17  2.979852e+01
-17.7  17  1.923785e+01
-18  17  1.472083e+01
-18.3  17  1.056534e+01
-18.7  17  6.642945e+00
-19  17  4.096106e+00
-19.3  17  1.256491e+00
-19.7  17  2.364636e-01
-2.000000e+01  1.700000e+01  0.0
-2.030000e+01  1.700000e+01  0.0
-2.070000e+01  1.700000e+01  0.0
-2.100000e+01  1.700000e+01  0.0
-2.130000e+01  1.700000e+01  0.0
-2.170000e+01  1.700000e+01  0.0
-2.200000e+01  1.700000e+01  0.0
-13.3  21  1.582037e-03
-13.7  21  9.341512e-03
-14  21  5.229723e-02
-14.3  21  2.114047e-01
-14.7  21  3.909273e-01
-15  21  1.852491e+00
-15.3  21  3.669210e+00
-15.7  21  5.117686e+00
-16  21  9.443392e+00
-16.3  21  1.250284e+01
-16.7  21  1.362480e+01
-17  21  1.555824e+01
-17.3  21  1.447870e+01
-17.7  21  9.503180e+00
-18  21  8.246790e+00
-18.3  21  7.256438e+00
-18.7  21  3.734194e+00
-19  21  1.297031e+00
-19.3  21  3.200345e-01
-1.970000e+01  2.100000e+01  0.0
-2.000000e+01  2.100000e+01  0.0
-2.030000e+01  2.100000e+01  0.0
-2.070000e+01  2.100000e+01  0.0
-2.100000e+01  2.100000e+01  0.0
-2.130000e+01  2.100000e+01  0.0
-2.170000e+01  2.100000e+01  0.0
-2.200000e+01  2.100000e+01  0.0
-13.3  26  7.712058e-03
-13.7  26  2.664508e-02
-14  26  1.095491e-01
-14.3  26  7.005180e-01
-14.7  26  1.073377e+00
-15  26  1.781490e+00
-15.3  26  4.349836e+00
-15.7  26  4.261716e+00
-16  26  5.358720e+00
-16.3  26  4.794626e+00
-16.7  26  3.542916e+00
-17  26  2.681688e+00
-17.3  26  1.738695e+00
-17.7  26  1.001316e+00
-18  26  8.241377e-01
-18.3  26  4.801368e-01
-18.7  26  1.346560e-01
-19  26  2.980630e-02
-1.930000e+01  2.600000e+01  0.0
-1.970000e+01  2.600000e+01  0.0
-2.000000e+01  2.600000e+01  0.0
-2.030000e+01  2.600000e+01  0.0
-2.070000e+01  2.600000e+01  0.0
-2.100000e+01  2.600000e+01  0.0
-2.130000e+01  2.600000e+01  0.0
-2.170000e+01  2.600000e+01  0.0
-2.200000e+01  2.600000e+01  0.0
-13.3  32  1.932117e-02
-13.7  32  3.098324e-02
-14  32  3.412695e-01
-14.3  32  4.859011e-01
-14.7  32  1.396683e+00
-15  32  1.880365e+00
-15.3  32  4.782837e+00
-15.7  32  3.703394e+00
-16  32  4.465869e+00
-16.3  32  4.171977e+00
-16.7  32  2.537586e+00
-17  32  1.940739e+00
-17.3  32  1.448396e+00
-17.7  32  8.315422e-01
-18  32  5.066437e-01
-18.3  32  1.804814e-01
-18.7  32  3.230933e-02
-1.900000e+01  3.200000e+01  0.0
-1.930000e+01  3.200000e+01  0.0
-1.970000e+01  3.200000e+01  0.0
-2.000000e+01  3.200000e+01  0.0
-2.030000e+01  3.200000e+01  0.0
-2.070000e+01  3.200000e+01  0.0
-2.100000e+01  3.200000e+01  0.0
-2.130000e+01  3.200000e+01  0.0
-2.170000e+01  3.200000e+01  0.0
-2.200000e+01  3.200000e+01  0.0
-13.3  39  2.430606e-02
-13.7  39  1.874508e-01
-14  39  4.433708e-01
-14.3  39  8.774856e-01
-14.7  39  1.557238e+00
-15  39  2.298100e+00
-15.3  39  4.463118e+00
-15.7  39  3.626210e+00
-16  39  3.750019e+00
-16.3  39  2.953952e+00
-16.7  39  1.784324e+00
-17  39  1.295699e+00
-17.3  39  9.576474e-01
-17.7  39  4.995379e-01
-18  39  1.679990e-01
-1.830000e+01  3.900000e+01  0.0
-1.870000e+01  3.900000e+01  0.0
-1.900000e+01  3.900000e+01  0.0
-1.930000e+01  3.900000e+01  0.0
-1.970000e+01  3.900000e+01  0.0
-2.000000e+01  3.900000e+01  0.0
-2.030000e+01  3.900000e+01  0.0
-2.070000e+01  3.900000e+01  0.0
-2.100000e+01  3.900000e+01  0.0
-2.130000e+01  3.900000e+01  0.0
-2.170000e+01  3.900000e+01  0.0
-2.200000e+01  3.900000e+01  0.0
-13.3  48  5.347868e-02
-13.7  48  9.267560e-02
-14  48  2.614387e-01
-14.3  48  1.707183e+00
-14.7  48  8.045604e-01
-15  48  2.473151e+00
-15.3  48  2.366485e+00
-15.7  48  2.544781e+00
-16  48  2.191395e+00
-16.3  48  1.830840e+00
-16.7  48  1.065460e+00
-17  48  7.733455e-01
-17.3  48  5.275970e-01
-17.7  48  1.582111e-01
-1.800000e+01  4.800000e+01  0.0
-1.830000e+01  4.800000e+01  0.0
-1.870000e+01  4.800000e+01  0.0
-1.900000e+01  4.800000e+01  0.0
-1.930000e+01  4.800000e+01  0.0
-1.970000e+01  4.800000e+01  0.0
-2.000000e+01  4.800000e+01  0.0
-2.030000e+01  4.800000e+01  0.0
-2.070000e+01  4.800000e+01  0.0
-2.100000e+01  4.800000e+01  0.0
-2.130000e+01  4.800000e+01  0.0
-2.170000e+01  4.800000e+01  0.0
-2.200000e+01  4.800000e+01  0.0
-13.3  58  2.955109e-02
-13.7  58  1.073451e-01
-14  58  4.207231e-01
-14.3  58  7.527420e-01
-14.7  58  6.705738e-01
-15  58  1.082162e+00
-15.3  58  1.861204e+00
-15.7  58  1.558379e+00
-16  58  1.270839e+00
-16.3  58  9.737184e-01
-16.7  58  6.143748e-01
-17  58  4.255007e-01
-17.3  58  1.765844e-01
-1.770000e+01  5.800000e+01  0.0
-1.800000e+01  5.800000e+01  0.0
-1.830000e+01  5.800000e+01  0.0
-1.870000e+01  5.800000e+01  0.0
-1.900000e+01  5.800000e+01  0.0
-1.930000e+01  5.800000e+01  0.0
-1.970000e+01  5.800000e+01  0.0
-2.000000e+01  5.800000e+01  0.0
-2.030000e+01  5.800000e+01  0.0
-2.070000e+01  5.800000e+01  0.0
-2.100000e+01  5.800000e+01  0.0
-2.130000e+01  5.800000e+01  0.0
-2.170000e+01  5.800000e+01  0.0
-2.200000e+01  5.800000e+01  0.0
-13.3  88  1.554460e-02
-13.7  88  2.133387e-02
-14  88  3.425840e-02
-14.3  88  8.572679e-02
-14.7  88  1.154895e-01
-15  88  1.422113e-01
-15.3  88  1.607834e-01
-15.7  88  1.022172e-01
-16  88  1.048052e-01
-16.3  88  9.324058e-02
-16.7  88  4.239032e-02
-17  88  1.140136e-02
-1.730000e+01  8.800000e+01  0.0
-1.770000e+01  8.800000e+01  0.0
-1.800000e+01  8.800000e+01  0.0
-1.830000e+01  8.800000e+01  0.0
-1.870000e+01  8.800000e+01  0.0
-1.900000e+01  8.800000e+01  0.0
-1.930000e+01  8.800000e+01  0.0
-1.970000e+01  8.800000e+01  0.0
-2.000000e+01  8.800000e+01  0.0
-2.030000e+01  8.800000e+01  0.0
-2.070000e+01  8.800000e+01  0.0
-2.100000e+01  8.800000e+01  0.0
-2.130000e+01  8.800000e+01  0.0
-2.170000e+01  8.800000e+01  0.0
-2.200000e+01  8.800000e+01  0.0
-13.3  108  0.000000e+00
-13.7  108  0.000000e+00
-14  108  0.000000e+00
-14.3  108  0.000000e+00
-14.7  108  0.000000e+00
-15  108  0.000000e+00
-15.3  108  0.000000e+00
-15.7  108  0.000000e+00
-16  108  0.000000e+00
-16.3  108  0.000000e+00
-16.7  108  0.000000e+00
-1.700000e+01  1.080000e+02  0.0
-1.730000e+01  1.080000e+02  0.0
-1.770000e+01  1.080000e+02  0.0
-1.800000e+01  1.080000e+02  0.0
-1.830000e+01  1.080000e+02  0.0
-1.870000e+01  1.080000e+02  0.0
-1.900000e+01  1.080000e+02  0.0
-1.930000e+01  1.080000e+02  0.0
-1.970000e+01  1.080000e+02  0.0
-2.000000e+01  1.080000e+02  0.0
-2.030000e+01  1.080000e+02  0.0
-2.070000e+01  1.080000e+02  0.0
-2.100000e+01  1.080000e+02  0.0
-2.130000e+01  1.080000e+02  0.0
-2.170000e+01  1.080000e+02  0.0
-2.200000e+01  1.080000e+02  0.0
-13.3  132  0.000000e+00
-13.7  132  0.000000e+00
-14  132  0.000000e+00
-14.3  132  0.000000e+00
-14.7  132  0.000000e+00
-15  132  0.000000e+00
-15.3  132  0.000000e+00
-15.7  132  0.000000e+00
-16  132  0.000000e+00
-16.3  132  0.000000e+00
-1.670000e+01  1.320000e+02  0.0
-1.700000e+01  1.320000e+02  0.0
-1.730000e+01  1.320000e+02  0.0
-1.770000e+01  1.320000e+02  0.0
-1.800000e+01  1.320000e+02  0.0
-1.830000e+01  1.320000e+02  0.0
-1.870000e+01  1.320000e+02  0.0
-1.900000e+01  1.320000e+02  0.0
-1.930000e+01  1.320000e+02  0.0
-1.970000e+01  1.320000e+02  0.0
-2.000000e+01  1.320000e+02  0.0
-2.030000e+01  1.320000e+02  0.0
-2.070000e+01  1.320000e+02  0.0
-2.100000e+01  1.320000e+02  0.0
-2.130000e+01  1.320000e+02  0.0
-2.170000e+01  1.320000e+02  0.0
-2.200000e+01  1.320000e+02  0.0
-13.3  162  0.000000e+00
-13.7  162  0.000000e+00
-14  162  0.000000e+00
-14.3  162  0.000000e+00
-14.7  162  0.000000e+00
-15  162  0.000000e+00
-15.3  162  0.000000e+00
-15.7  162  0.000000e+00
-16  162  0.000000e+00
-1.630000e+01  1.620000e+02  0.0
-1.670000e+01  1.620000e+02  0.0
-1.700000e+01  1.620000e+02  0.0
-1.730000e+01  1.620000e+02  0.0
-1.770000e+01  1.620000e+02  0.0
-1.800000e+01  1.620000e+02  0.0
-1.830000e+01  1.620000e+02  0.0
-1.870000e+01  1.620000e+02  0.0
-1.900000e+01  1.620000e+02  0.0
-1.930000e+01  1.620000e+02  0.0
-1.970000e+01  1.620000e+02  0.0
-2.000000e+01  1.620000e+02  0.0
-2.030000e+01  1.620000e+02  0.0
-2.070000e+01  1.620000e+02  0.0
-2.100000e+01  1.620000e+02  0.0
-2.130000e+01  1.620000e+02  0.0
-2.170000e+01  1.620000e+02  0.0
-2.200000e+01  1.620000e+02  0.0
-13.3  199  0.000000e+00
-13.7  199  0.000000e+00
-14  199  0.000000e+00
-14.3  199  0.000000e+00
-14.7  199  0.000000e+00
-15  199  0.000000e+00
-15.3  199  0.000000e+00
-15.7  199  0.000000e+00
-1.600000e+01  1.990000e+02  0.0
-1.630000e+01  1.990000e+02  0.0
-1.670000e+01  1.990000e+02  0.0
-1.700000e+01  1.990000e+02  0.0
-1.730000e+01  1.990000e+02  0.0
-1.770000e+01  1.990000e+02  0.0
-1.800000e+01  1.990000e+02  0.0
-1.830000e+01  1.990000e+02  0.0
-1.870000e+01  1.990000e+02  0.0
-1.900000e+01  1.990000e+02  0.0
-1.930000e+01  1.990000e+02  0.0
-1.970000e+01  1.990000e+02  0.0
-2.000000e+01  1.990000e+02  0.0
-2.030000e+01  1.990000e+02  0.0
-2.070000e+01  1.990000e+02  0.0
-2.100000e+01  1.990000e+02  0.0
-2.130000e+01  1.990000e+02  0.0
-2.170000e+01  1.990000e+02  0.0
-2.200000e+01  1.990000e+02  0.0
-13.3  244  0.000000e+00
-13.7  244  0.000000e+00
-14  244  0.000000e+00
-14.3  244  0.000000e+00
-14.7  244  0.000000e+00
-15  244  0.000000e+00
-15.3  244  0.000000e+00
-15.7  244  0.000000e+00
-1.600000e+01  2.440000e+02  0.0
-1.630000e+01  2.440000e+02  0.0
-1.670000e+01  2.440000e+02  0.0
-1.700000e+01  2.440000e+02  0.0
-1.730000e+01  2.440000e+02  0.0
-1.770000e+01  2.440000e+02  0.0
-1.800000e+01  2.440000e+02  0.0
-1.830000e+01  2.440000e+02  0.0
-1.870000e+01  2.440000e+02  0.0
-1.900000e+01  2.440000e+02  0.0
-1.930000e+01  2.440000e+02  0.0
-1.970000e+01  2.440000e+02  0.0
-2.000000e+01  2.440000e+02  0.0
-2.030000e+01  2.440000e+02  0.0
-2.070000e+01  2.440000e+02  0.0
-2.100000e+01  2.440000e+02  0.0
-2.130000e+01  2.440000e+02  0.0
-2.170000e+01  2.440000e+02  0.0
-2.200000e+01  2.440000e+02  0.0
-13.3  300  0.000000e+00
-13.7  300  0.000000e+00
-14  300  0.000000e+00
-14.3  300  0.000000e+00
-14.7  300  0.000000e+00
-15  300  0.000000e+00
-15.3  300  0.000000e+00
-1.570000e+01  3.000000e+02  0.0
-1.600000e+01  3.000000e+02  0.0
-1.630000e+01  3.000000e+02  0.0
-1.670000e+01  3.000000e+02  0.0
-1.700000e+01  3.000000e+02  0.0
-1.730000e+01  3.000000e+02  0.0
-1.770000e+01  3.000000e+02  0.0
-1.800000e+01  3.000000e+02  0.0
-1.830000e+01  3.000000e+02  0.0
-1.870000e+01  3.000000e+02  0.0
-1.900000e+01  3.000000e+02  0.0
-1.930000e+01  3.000000e+02  0.0
-1.970000e+01  3.000000e+02  0.0
-2.000000e+01  3.000000e+02  0.0
-2.030000e+01  3.000000e+02  0.0
-2.070000e+01  3.000000e+02  0.0
-2.100000e+01  3.000000e+02  0.0
-2.130000e+01  3.000000e+02  0.0
-2.170000e+01  3.000000e+02  0.0
-2.200000e+01  3.000000e+02  0.0
