# log10(y)    mass[MeV]    Nhits
-13.3  5  1.216842e-20
-13.7  5  9.582017e-16
-14  5  9.392333e-12
-14.3  5  1.207260e-08
-14.7  5  2.465327e-06
-15  5  1.503101e-04
-15.3  5  3.558961e-03
-15.7  5  3.093379e-02
-16  5  1.494505e-01
-16.3  5  6.512606e-01
-16.7  5  1.044575e+00
-17  5  2.088710e+00
-17.3  5  2.341359e+00
-17.7  5  4.469473e+00
-18  5  5.871001e+00
-18.3  5  6.540131e+00
-18.7  5  5.869032e+00
-19  5  5.672495e+00
-19.3  5  4.762107e+00
-19.7  5  2.779228e+00
-20  5  2.085743e+00
-20.3  5  1.549183e+00
-20.7  5  8.721205e-01
-21  5  5.265647e-01
-21.3  5  2.030237e-01
-21.7  5  3.706089e-02
-2.200000e+01  5.000000e+00  0.0
-13.3  6  2.044924e-15
-13.7  6  1.384591e-11
-14  6  9.558459e-09
-14.3  6  3.106092e-06
-14.7  6  1.708432e-04
-15  6  2.914500e-03
-15.3  6  3.141826e-02
-15.7  6  1.126526e-01
-16  6  3.860171e-01
-16.3  6  8.932581e-01
-16.7  6  1.468813e+00
-17  6  1.811729e+00
-17.3  6  5.092712e+00
-17.7  6  5.898756e+00
-18  6  6.735783e+00
-18.3  6  6.216502e+00
-18.7  6  4.989824e+00
-19  6  4.334630e+00
-19.3  6  3.392408e+00
-19.7  6  1.954977e+00
-20  6  1.551906e+00
-20.3  6  1.262967e+00
-20.7  6  6.222331e-01
-21  6  2.326671e-01
-21.3  6  5.852679e-02
-2.170000e+01  6.000000e+00  0.0
-2.200000e+01  6.000000e+00  0.0
-13.3  8  1.844834e-11
-13.7  8  9.196393e-09
-14  8  1.115794e-06
-14.3  8  7.352135e-05
-14.7  8  1.354089e-03
-15  8  1.909191e-02
-15.3  8  1.068065e-01
-15.7  8  3.115056e-01
-16  8  6.904561e-01
-16.3  8  1.194734e+00
-16.7  8  1.138221e+00
-17  8  2.565144e+00
-17.3  8  4.078549e+00
-17.7  8  4.599186e+00
-18  8  4.316793e+00
-18.3  8  4.028647e+00
-18.7  8  2.508862e+00
-19  8  1.869433e+00
-19.3  8  1.356869e+00
-19.7  8  7.622120e-01
-20  8  6.597266e-01
-20.3  8  4.105236e-01
-20.7  8  1.236031e-01
-21  8  3.039327e-02
-2.130000e+01  8.000000e+00  0.0
-2.170000e+01  8.000000e+00  0.0
-2.200000e+01  8.000000e+00  0.0
-13.3  9  3.973128e-09
-13.7  9  7.096390e-07
-14  9  3.844903e-05
-14.3  9  1.173421e-03
-14.7  9  1.050283e-02
-15  9  8.317839e-02
-15.3  9  3.983874e-01
-15.7  9  7.660095e-01
-16  9  1.226239e+00
-16.3  9  1.406568e+00
-16.7  9  2.390356e+00
-17  9  4.590511e+00
-17.3  9  5.508494e+00
-17.7  9  5.022404e+00
-18  9  4.836785e+00
-18.3  9  3.857328e+00
-18.7  9  2.179213e+00
-19  9  1.478588e+00
-19.3  9  1.009287e+00
-19.7  9  6.104560e-01
-20  9  3.431491e-01
-20.3  9  1.172006e-01
-20.7  9  2.081426e-02
-2.100000e+01  9.000000e+00  0.0
-2.130000e+01  9.000000e+00  0.0
-2.170000e+01  9.000000e+00  0.0
-2.200000e+01  9.000000e+00  0.0
-13.3  11  3.704551e-07
-13.7  11  2.692545e-05
-14  11  8.796660e-04
-14.3  11  1.044569e-02
-14.7  11  7.915248e-02
-15  11  4.650920e-01
-15.3  11  1.244509e+00
-15.7  11  1.482228e+00
-16  11  1.595633e+00
-16.3  11  2.899498e+00
-16.7  11  2.820104e+00
-17  11  4.524841e+00
-17.3  11  4.636885e+00
-17.7  11  3.899583e+00
-18  11  3.535490e+00
-18.3  11  2.739646e+00
-18.7  11  1.785090e+00
-19  11  1.297762e+00
-19.3  11  8.736775e-01
-19.7  11  4.283289e-01
-20  11  1.398090e-01
-20.3  11  3.439099e-02
-2.070000e+01  1.100000e+01  0.0
-2.100000e+01  1.100000e+01  0.0
-2.130000e+01  1.100000e+01  0.0
-2.170000e+01  1.100000e+01  0.0
-2.200000e+01  1.100000e+01  0.0
-13.3  14  2.151787e-05
-13.7  14  4.556417e-04
-14  14  4.434770e-03
-14.3  14  4.061523e-02
-14.7  14  3.294413e-01
-15  14  1.027287e+00
-15.3  14  2.431264e+00
-15.7  14  1.722816e+00
-16  14  3.600205e+00
-16.3  14  4.395818e+00
-16.7  14  4.624874e+00
-17  14  3.938238e+00
-17.3  14  4.191593e+00
-17.7  14  2.646049e+00
-18  14  1.962569e+00
-18.3  14  1.597514e+00
-18.7  14  8.922134e-01
-19  14  6.666404e-01
-19.3  14  3.881649e-01
-19.7  14  1.079104e-01
-20  14  2.621530e-02
-2.030000e+01  1.400000e+01  0.0
-2.070000e+01  1.400000e+01  0.0
-2.100000e+01  1.400000e+01  0.0
-2.130000e+01  1.400000e+01  0.0
-2.170000e+01  1.400000e+01  0.0
-2.200000e+01  1.400000e+01  0.0
-13.3  17  2.307202e-04
-13.7  17  2.611443e-03
-14  17  2.696273e-02
-14.3  17  1.327436e-01
-14.7  17  4.389107e-01
-15  17  1.601859e+00
-15.3  17  2.839921e+00
-15.7  17  3.081062e+00
-16  17  4.243527e+00
-16.3  17  6.241164e+00
-16.7  17  4.879624e+00
-17  17  4.331853e+00
-17.3  17  3.532997e+00
-17.7  17  2.047186e+00
-18  17  1.445169e+00
-18.3  17  1.002659e+00
-18.7  17  6.244573e-01
-19  17  3.849625e-01
-19.3  17  1.189570e-01
-19.7  17  2.295133e-02
-2.000000e+01  1.700000e+01  0.0
-2.030000e+01  1.700000e+01  0.0
-2.070000e+01  1.700000e+01  0.0
-2.100000e+01  1.700000e+01  0.0
-2.130000e+01  1.700000e+01  0.0
-2.170000e+01  1.700000e+01  0.0
-2.200000e+01  1.700000e+01  0.0
-13.3  21  1.596868e-03
-13.7  21  9.309027e-03
-14  21  5.075292e-02
-14.3  21  2.023164e-01
-14.7  21  3.798957e-01
-15  21  1.832673e+00
-15.3  21  3.602850e+00
-15.7  21  4.276434e+00
-16  21  5.870455e+00
-16.3  21  5.245113e+00
-16.7  21  4.276089e+00
-17  21  3.535024e+00
-17.3  21  2.490544e+00
-17.7  21  1.343834e+00
-18  21  9.601898e-01
-18.3  21  7.645734e-01
-18.7  21  3.735134e-01
-19  21  1.191576e-01
-19.3  21  2.634983e-02
-1.970000e+01  2.100000e+01  0.0
-2.000000e+01  2.100000e+01  0.0
-2.030000e+01  2.100000e+01  0.0
-2.070000e+01  2.100000e+01  0.0
-2.100000e+01  2.100000e+01  0.0
-2.130000e+01  2.100000e+01  0.0
-2.170000e+01  2.100000e+01  0.0
-2.200000e+01  2.100000e+01  0.0
-13.3  26  6.313090e-03
-13.7  26  2.278762e-02
-14  26  9.680026e-02
-14.3  26  6.333407e-01
-14.7  26  9.896338e-01
-15  26  1.683513e+00
-15.3  26  4.324680e+00
-15.7  26  4.387490e+00
-16  26  5.664684e+00
-16.3  26  5.138111e+00
-16.7  26  3.819652e+00
-17  26  2.893048e+00
-17.3  26  1.871464e+00
-17.7  26  1.073941e+00
-18  26  8.821343e-01
-18.3  26  5.132778e-01
-18.7  26  1.437356e-01
-19  26  3.178096e-02
-1.930000e+01  2.600000e+01  0.0
-1.970000e+01  2.600000e+01  0.0
-2.000000e+01  2.600000e+01  0.0
-2.030000e+01  2.600000e+01  0.0
-2.070000e+01  2.600000e+01  0.0
-2.100000e+01  2.600000e+01  0.0
-2.130000e+01  2.600000e+01  0.0
-2.170000e+01  2.600000e+01  0.0
-2.200000e+01  2.600000e+01  0.0
-13.3  32  1.342348e-02
-13.7  32  2.293083e-02
-14  32  2.675016e-01
-14.3  32  3.968565e-01
-14.7  32  1.168634e+00
-15  32  1.664095e+00
-15.3  32  4.432164e+00
-15.7  32  3.555734e+00
-16  32  4.430410e+00
-16.3  32  4.251873e+00
-16.7  32  2.636453e+00
-17  32  2.039084e+00
-17.3  32  1.527273e+00
-17.7  32  8.762425e-01
-18  32  5.329835e-01
-18.3  32  1.890148e-01
-18.7  32  3.350076e-02
-1.900000e+01  3.200000e+01  0.0
-1.930000e+01  3.200000e+01  0.0
-1.970000e+01  3.200000e+01  0.0
-2.000000e+01  3.200000e+01  0.0
-2.030000e+01  3.200000e+01  0.0
-2.070000e+01  3.200000e+01  0.0
-2.100000e+01  3.200000e+01  0.0
-2.130000e+01  3.200000e+01  0.0
-2.170000e+01  3.200000e+01  0.0
-2.200000e+01  3.200000e+01  0.0
-13.3  39  1.908008e-02
-13.7  39  1.495526e-01
-14  39  3.574819e-01
-14.3  39  7.299578e-01
-14.7  39  1.330635e+00
-15  39  2.018572e+00
-15.3  39  4.048222e+00
-15.7  39  3.390205e+00
-16  39  3.617090e+00
-16.3  39  2.937999e+00
-16.7  39  1.818149e+00
-17  39  1.351658e+00
-17.3  39  1.007377e+00
-17.7  39  5.326537e-01
-18  39  1.828919e-01
-1.830000e+01  3.900000e+01  0.0
-1.870000e+01  3.900000e+01  0.0
-1.900000e+01  3.900000e+01  0.0
-1.930000e+01  3.900000e+01  0.0
-1.970000e+01  3.900000e+01  0.0
-2.000000e+01  3.900000e+01  0.0
-2.030000e+01  3.900000e+01  0.0
-2.070000e+01  3.900000e+01  0.0
-2.100000e+01  3.900000e+01  0.0
-2.130000e+01  3.900000e+01  0.0
-2.170000e+01  3.900000e+01  0.0
-2.200000e+01  3.900000e+01  0.0
-13.3  48  4.734679e-02
-13.7  48  8.057425e-02
-14  48  2.235072e-01
-14.3  48  1.451425e+00
-14.7  48  6.839229e-01
-15  48  2.100264e+00
-15.3  48  2.004002e+00
-15.7  48  2.144392e+00
-16  48  1.834204e+00
-16.3  48  1.520176e+00
-16.7  48  8.779543e-01
-17  48  6.355963e-01
-17.3  48  4.314512e-01
-17.7  48  1.283553e-01
-1.800000e+01  4.800000e+01  0.0
-1.830000e+01  4.800000e+01  0.0
-1.870000e+01  4.800000e+01  0.0
-1.900000e+01  4.800000e+01  0.0
-1.930000e+01  4.800000e+01  0.0
-1.970000e+01  4.800000e+01  0.0
-2.000000e+01  4.800000e+01  0.0
-2.030000e+01  4.800000e+01  0.0
-2.070000e+01  4.800000e+01  0.0
-2.100000e+01  4.800000e+01  0.0
-2.130000e+01  4.800000e+01  0.0
-2.170000e+01  4.800000e+01  0.0
-2.200000e+01  4.800000e+01  0.0
-13.3  58  3.105327e-02
-13.7  58  1.068644e-01
-14  58  3.965770e-01
-14.3  58  6.925032e-01
-14.7  58  6.109992e-01
-15  58  9.843027e-01
-15.3  58  1.696955e+00
-15.7  58  1.428116e+00
-16  58  1.172409e+00
-16.3  58  9.049967e-01
-16.7  58  5.723977e-01
-17  58  3.980528e-01
-17.3  58  1.662790e-01
-1.770000e+01  5.800000e+01  0.0
-1.800000e+01  5.800000e+01  0.0
-1.830000e+01  5.800000e+01  0.0
-1.870000e+01  5.800000e+01  0.0
-1.900000e+01  5.800000e+01  0.0
-1.930000e+01  5.800000e+01  0.0
-1.970000e+01  5.800000e+01  0.0
-2.000000e+01  5.800000e+01  0.0
-2.030000e+01  5.800000e+01  0.0
-2.070000e+01  5.800000e+01  0.0
-2.100000e+01  5.800000e+01  0.0
-2.130000e+01  5.800000e+01  0.0
-2.170000e+01  5.800000e+01  0.0
-2.200000e+01  5.800000e+01  0.0
-13.3  88  2.187677e-02
-13.7  88  3.020561e-02
-14  88  4.864587e-02
-14.3  88  1.219088e-01
-14.7  88  1.643784e-01
-15  88  2.025424e-01
-15.3  88  2.290991e-01
-15.7  88  1.456972e-01
-16  88  1.494220e-01
-16.3  88  1.329326e-01
-16.7  88  6.043102e-02
-17  88  1.625258e-02
-1.730000e+01  8.800000e+01  0.0
-1.770000e+01  8.800000e+01  0.0
-1.800000e+01  8.800000e+01  0.0
-1.830000e+01  8.800000e+01  0.0
-1.870000e+01  8.800000e+01  0.0
-1.900000e+01  8.800000e+01  0.0
-1.930000e+01  8.800000e+01  0.0
-1.970000e+01  8.800000e+01  0.0
-2.000000e+01  8.800000e+01  0.0
-2.030000e+01  8.800000e+01  0.0
-2.070000e+01  8.800000e+01  0.0
-2.100000e+01  8.800000e+01  0.0
-2.130000e+01  8.800000e+01  0.0
-2.170000e+01  8.800000e+01  0.0
-2.200000e+01  8.800000e+01  0.0
-13.3  108  0.000000e+00
-13.7  108  0.000000e+00
-14  108  0.000000e+00
-14.3  108  0.000000e+00
-14.7  108  0.000000e+00
-15  108  0.000000e+00
-15.3  108  0.000000e+00
-15.7  108  0.000000e+00
-16  108  0.000000e+00
-16.3  108  0.000000e+00
-16.7  108  0.000000e+00
-1.700000e+01  1.080000e+02  0.0
-1.730000e+01  1.080000e+02  0.0
-1.770000e+01  1.080000e+02  0.0
-1.800000e+01  1.080000e+02  0.0
-1.830000e+01  1.080000e+02  0.0
-1.870000e+01  1.080000e+02  0.0
-1.900000e+01  1.080000e+02  0.0
-1.930000e+01  1.080000e+02  0.0
-1.970000e+01  1.080000e+02  0.0
-2.000000e+01  1.080000e+02  0.0
-2.030000e+01  1.080000e+02  0.0
-2.070000e+01  1.080000e+02  0.0
-2.100000e+01  1.080000e+02  0.0
-2.130000e+01  1.080000e+02  0.0
-2.170000e+01  1.080000e+02  0.0
-2.200000e+01  1.080000e+02  0.0
-13.3  132  0.000000e+00
-13.7  132  0.000000e+00
-14  132  0.000000e+00
-14.3  132  0.000000e+00
-14.7  132  0.000000e+00
-15  132  0.000000e+00
-15.3  132  0.000000e+00
-15.7  132  0.000000e+00
-16  132  0.000000e+00
-16.3  132  0.000000e+00
-1.670000e+01  1.320000e+02  0.0
-1.700000e+01  1.320000e+02  0.0
-1.730000e+01  1.320000e+02  0.0
-1.770000e+01  1.320000e+02  0.0
-1.800000e+01  1.320000e+02  0.0
-1.830000e+01  1.320000e+02  0.0
-1.870000e+01  1.320000e+02  0.0
-1.900000e+01  1.320000e+02  0.0
-1.930000e+01  1.320000e+02  0.0
-1.970000e+01  1.320000e+02  0.0
-2.000000e+01  1.320000e+02  0.0
-2.030000e+01  1.320000e+02  0.0
-2.070000e+01  1.320000e+02  0.0
-2.100000e+01  1.320000e+02  0.0
-2.130000e+01  1.320000e+02  0.0
-2.170000e+01  1.320000e+02  0.0
-2.200000e+01  1.320000e+02  0.0
-13.3  162  0.000000e+00
-13.7  162  0.000000e+00
-14  162  0.000000e+00
-14.3  162  0.000000e+00
-14.7  162  0.000000e+00
-15  162  0.000000e+00
-15.3  162  0.000000e+00
-15.7  162  0.000000e+00
-16  162  0.000000e+00
-1.630000e+01  1.620000e+02  0.0
-1.670000e+01  1.620000e+02  0.0
-1.700000e+01  1.620000e+02  0.0
-1.730000e+01  1.620000e+02  0.0
-1.770000e+01  1.620000e+02  0.0
-1.800000e+01  1.620000e+02  0.0
-1.830000e+01  1.620000e+02  0.0
-1.870000e+01  1.620000e+02  0.0
-1.900000e+01  1.620000e+02  0.0
-1.930000e+01  1.620000e+02  0.0
-1.970000e+01  1.620000e+02  0.0
-2.000000e+01  1.620000e+02  0.0
-2.030000e+01  1.620000e+02  0.0
-2.070000e+01  1.620000e+02  0.0
-2.100000e+01  1.620000e+02  0.0
-2.130000e+01  1.620000e+02  0.0
-2.170000e+01  1.620000e+02  0.0
-2.200000e+01  1.620000e+02  0.0
-13.3  199  0.000000e+00
-13.7  199  0.000000e+00
-14  199  0.000000e+00
-14.3  199  0.000000e+00
-14.7  199  0.000000e+00
-15  199  0.000000e+00
-15.3  199  0.000000e+00
-15.7  199  0.000000e+00
-1.600000e+01  1.990000e+02  0.0
-1.630000e+01  1.990000e+02  0.0
-1.670000e+01  1.990000e+02  0.0
-1.700000e+01  1.990000e+02  0.0
-1.730000e+01  1.990000e+02  0.0
-1.770000e+01  1.990000e+02  0.0
-1.800000e+01  1.990000e+02  0.0
-1.830000e+01  1.990000e+02  0.0
-1.870000e+01  1.990000e+02  0.0
-1.900000e+01  1.990000e+02  0.0
-1.930000e+01  1.990000e+02  0.0
-1.970000e+01  1.990000e+02  0.0
-2.000000e+01  1.990000e+02  0.0
-2.030000e+01  1.990000e+02  0.0
-2.070000e+01  1.990000e+02  0.0
-2.100000e+01  1.990000e+02  0.0
-2.130000e+01  1.990000e+02  0.0
-2.170000e+01  1.990000e+02  0.0
-2.200000e+01  1.990000e+02  0.0
-13.3  244  0.000000e+00
-13.7  244  0.000000e+00
-14  244  0.000000e+00
-14.3  244  0.000000e+00
-14.7  244  0.000000e+00
-15  244  0.000000e+00
-15.3  244  0.000000e+00
-15.7  244  0.000000e+00
-1.600000e+01  2.440000e+02  0.0
-1.630000e+01  2.440000e+02  0.0
-1.670000e+01  2.440000e+02  0.0
-1.700000e+01  2.440000e+02  0.0
-1.730000e+01  2.440000e+02  0.0
-1.770000e+01  2.440000e+02  0.0
-1.800000e+01  2.440000e+02  0.0
-1.830000e+01  2.440000e+02  0.0
-1.870000e+01  2.440000e+02  0.0
-1.900000e+01  2.440000e+02  0.0
-1.930000e+01  2.440000e+02  0.0
-1.970000e+01  2.440000e+02  0.0
-2.000000e+01  2.440000e+02  0.0
-2.030000e+01  2.440000e+02  0.0
-2.070000e+01  2.440000e+02  0.0
-2.100000e+01  2.440000e+02  0.0
-2.130000e+01  2.440000e+02  0.0
-2.170000e+01  2.440000e+02  0.0
-2.200000e+01  2.440000e+02  0.0
-13.3  300  0.000000e+00
-13.7  300  0.000000e+00
-14  300  0.000000e+00
-14.3  300  0.000000e+00
-14.7  300  0.000000e+00
-15  300  0.000000e+00
-15.3  300  0.000000e+00
-1.570000e+01  3.000000e+02  0.0
-1.600000e+01  3.000000e+02  0.0
-1.630000e+01  3.000000e+02  0.0
-1.670000e+01  3.000000e+02  0.0
-1.700000e+01  3.000000e+02  0.0
-1.730000e+01  3.000000e+02  0.0
-1.770000e+01  3.000000e+02  0.0
-1.800000e+01  3.000000e+02  0.0
-1.830000e+01  3.000000e+02  0.0
-1.870000e+01  3.000000e+02  0.0
-1.900000e+01  3.000000e+02  0.0
-1.930000e+01  3.000000e+02  0.0
-1.970000e+01  3.000000e+02  0.0
-2.000000e+01  3.000000e+02  0.0
-2.030000e+01  3.000000e+02  0.0
-2.070000e+01  3.000000e+02  0.0
-2.100000e+01  3.000000e+02  0.0
-2.130000e+01  3.000000e+02  0.0
-2.170000e+01  3.000000e+02  0.0
-2.200000e+01  3.000000e+02  0.0
