# log10(y)    mass[MeV]    Nhits
-13.3  5  3.180700e-20
-13.7  5  1.386421e-15
-14  5  1.358868e-11
-14.3  5  2.326837e-08
-14.7  5  6.393071e-06
-15  5  4.623590e-04
-15.3  5  1.094031e-02
-15.7  5  8.353163e-02
-16  5  3.337107e-01
-16.3  5  1.218926e+00
-16.7  5  1.764932e+00
-17  5  3.476208e+00
-17.3  5  3.944766e+00
-17.7  5  7.891764e+00
-18  5  1.019590e+01
-18.3  5  1.074096e+01
-18.7  5  8.875916e+00
-19  5  7.816069e+00
-19.3  5  6.073357e+00
-19.7  5  3.295498e+00
-20  5  2.313411e+00
-20.3  5  1.599943e+00
-20.7  5  8.679787e-01
-21  5  5.140163e-01
-21.3  5  1.914622e-01
-21.7  5  3.338878e-02
-2.200000e+01  5.000000e+00  0.0
-13.3  6  4.802741e-15
-13.7  6  3.112444e-11
-14  6  2.052779e-08
-14.3  6  6.414319e-06
-14.7  6  3.486732e-04
-15  6  6.240240e-03
-15.3  6  7.469729e-02
-15.7  6  2.916931e-01
-16  6  9.925225e-01
-16.3  6  2.091888e+00
-16.7  6  3.086447e+00
-17  6  3.649991e+00
-17.3  6  9.589951e+00
-17.7  6  1.104424e+01
-18  6  1.245965e+01
-18.3  6  1.109274e+01
-18.7  6  8.368667e+00
-19  6  6.807364e+00
-19.3  6  4.960045e+00
-19.7  6  2.622393e+00
-20  6  1.944614e+00
-20.3  6  1.514012e+00
-20.7  6  7.264089e-01
-21  6  2.602914e-01
-21.3  6  6.182874e-02
-2.170000e+01  6.000000e+00  0.0
-2.200000e+01  6.000000e+00  0.0
-13.3  8  3.175723e-11
-13.7  8  2.041943e-08
-14  8  3.287201e-06
-14.3  8  2.772177e-04
-14.7  8  5.780884e-03
-15  8  8.014904e-02
-15.3  8  4.022887e-01
-15.7  8  1.032567e+00
-16  8  2.049443e+00
-16.3  8  3.230142e+00
-16.7  8  2.935893e+00
-17  8  5.748951e+00
-17.3  8  8.290624e+00
-17.7  8  8.932416e+00
-18  8  8.234198e+00
-18.3  8  7.706523e+00
-18.7  8  4.849610e+00
-19  8  3.655282e+00
-19.3  8  2.679237e+00
-19.7  8  1.509614e+00
-20  8  1.305793e+00
-20.3  8  8.113917e-01
-20.7  8  2.432554e-01
-21  8  5.930503e-02
-2.130000e+01  8.000000e+00  0.0
-2.170000e+01  8.000000e+00  0.0
-2.200000e+01  8.000000e+00  0.0
-13.3  9  2.574643e-09
-13.7  9  7.208128e-07
-14  9  5.859105e-05
-14.3  9  2.589287e-03
-14.7  9  3.018447e-02
-15  9  2.737694e-01
-15.3  9  1.344085e+00
-15.7  9  2.486491e+00
-16  9  3.740340e+00
-16.3  9  4.141200e+00
-16.7  9  6.188839e+00
-17  9  1.056515e+01
-17.3  9  1.169892e+01
-17.7  9  1.006534e+01
-18  9  9.414789e+00
-18.3  9  7.482714e+00
-18.7  9  4.277969e+00
-19  9  2.987047e+00
-19.3  9  2.104336e+00
-19.7  9  1.306288e+00
-20  9  7.461728e-01
-20.3  9  2.620618e-01
-20.7  9  4.863610e-02
-2.100000e+01  9.000000e+00  0.0
-2.130000e+01  9.000000e+00  0.0
-2.170000e+01  9.000000e+00  0.0
-2.200000e+01  9.000000e+00  0.0
-13.3  11  6.061882e-07
-13.7  11  3.358372e-05
-14  11  9.439918e-04
-14.3  11  1.140701e-02
-14.7  11  1.027667e-01
-15  11  7.671098e-01
-15.3  11  2.541521e+00
-15.7  11  3.516731e+00
-16  11  3.969442e+00
-16.3  11  7.637361e+00
-16.7  11  7.326732e+00
-17  11  1.115448e+01
-17.3  11  1.072699e+01
-17.7  11  8.542878e+00
-18  11  7.331504e+00
-18.3  11  5.509281e+00
-18.7  11  3.530129e+00
-19  11  2.569598e+00
-19.3  11  1.744083e+00
-19.7  11  8.612658e-01
-20  11  2.855274e-01
-20.3  11  7.254705e-02
-2.070000e+01  1.100000e+01  0.0
-2.100000e+01  1.100000e+01  0.0
-2.130000e+01  1.100000e+01  0.0
-2.170000e+01  1.100000e+01  0.0
-2.200000e+01  1.100000e+01  0.0
-13.3  14  1.743221e-05
-13.7  14  3.757442e-04
-14  14  3.894070e-03
-14.3  14  3.772068e-02
-14.7  14  3.304721e-01
-15  14  1.175269e+00
-15.3  14  3.311838e+00
-15.7  14  2.575733e+00
-16  14  6.446337e+00
-16.3  14  9.086002e+00
-16.7  14  1.022705e+01
-17  14  9.076626e+00
-17.3  14  9.791195e+00
-17.7  14  6.096308e+00
-18  14  4.389490e+00
-18.3  14  3.390788e+00
-18.7  14  1.795961e+00
-19  14  1.286121e+00
-19.3  14  7.297644e-01
-19.7  14  1.933792e-01
-20  14  4.379382e-02
-2.030000e+01  1.400000e+01  0.0
-2.070000e+01  1.400000e+01  0.0
-2.100000e+01  1.400000e+01  0.0
-2.130000e+01  1.400000e+01  0.0
-2.170000e+01  1.400000e+01  0.0
-2.200000e+01  1.400000e+01  0.0
-13.3  17  2.735880e-04
-13.7  17  2.932808e-03
-14  17  2.876022e-02
-14.3  17  1.368799e-01
-14.7  17  4.532682e-01
-15  17  1.763078e+00
-15.3  17  3.340291e+00
-15.7  17  4.182750e+00
-16  17  6.831959e+00
-16.3  17  1.134035e+01
-16.7  17  9.668638e+00
-17  17  9.178122e+00
-17.3  17  7.840254e+00
-17.7  17  4.649054e+00
-18  17  3.318515e+00
-18.3  17  2.297060e+00
-18.7  17  1.420447e+00
-19  17  8.703746e-01
-19.3  17  2.652965e-01
-19.7  17  4.993914e-02
-2.000000e+01  1.700000e+01  0.0
-2.030000e+01  1.700000e+01  0.0
-2.070000e+01  1.700000e+01  0.0
-2.100000e+01  1.700000e+01  0.0
-2.130000e+01  1.700000e+01  0.0
-2.170000e+01  1.700000e+01  0.0
-2.200000e+01  1.700000e+01  0.0
-13.3  21  2.045375e-03
-13.7  21  1.161440e-02
-14  21  6.057737e-02
-14.3  21  2.297275e-01
-14.7  21  4.152760e-01
-15  21  1.998619e+00
-15.3  21  4.087088e+00
-15.7  21  5.405020e+00
-16  21  8.313072e+00
-16.3  21  8.365920e+00
-16.7  21  7.386565e+00
-17  21  6.650314e+00
-17.3  21  5.034910e+00
-17.7  21  2.856584e+00
-18  21  2.145189e+00
-18.3  21  1.752558e+00
-18.7  21  8.676519e-01
-19  21  2.829897e-01
-19.3  21  6.445579e-02
-1.970000e+01  2.100000e+01  0.0
-2.000000e+01  2.100000e+01  0.0
-2.030000e+01  2.100000e+01  0.0
-2.070000e+01  2.100000e+01  0.0
-2.100000e+01  2.100000e+01  0.0
-2.130000e+01  2.100000e+01  0.0
-2.170000e+01  2.100000e+01  0.0
-2.200000e+01  2.100000e+01  0.0
-13.3  26  7.136053e-03
-13.7  26  2.629997e-02
-14  26  1.122407e-01
-14.3  26  7.241135e-01
-14.7  26  1.110049e+00
-15  26  1.857867e+00
-15.3  26  4.781852e+00
-15.7  26  5.042957e+00
-16  26  6.988635e+00
-16.3  26  6.852110e+00
-16.7  26  5.539183e+00
-17  26  4.491422e+00
-17.3  26  3.132258e+00
-17.7  26  1.917948e+00
-18  26  1.627016e+00
-18.3  26  9.655040e-01
-18.7  26  2.778082e-01
-19  26  6.375449e-02
-1.930000e+01  2.600000e+01  0.0
-1.970000e+01  2.600000e+01  0.0
-2.000000e+01  2.600000e+01  0.0
-2.030000e+01  2.600000e+01  0.0
-2.070000e+01  2.600000e+01  0.0
-2.100000e+01  2.600000e+01  0.0
-2.130000e+01  2.600000e+01  0.0
-2.170000e+01  2.600000e+01  0.0
-2.200000e+01  2.600000e+01  0.0
-13.3  32  1.472003e-02
-13.7  32  2.554917e-02
-14  32  3.016172e-01
-14.3  32  4.481149e-01
-14.7  32  1.314278e+00
-15  32  1.838206e+00
-15.3  32  4.857250e+00
-15.7  32  3.926955e+00
-16  32  5.014991e+00
-16.3  32  5.018601e+00
-16.7  32  3.289677e+00
-17  32  2.713419e+00
-17.3  32  2.150778e+00
-17.7  32  1.298225e+00
-18  32  8.085637e-01
-18.3  32  2.992071e-01
-18.7  32  5.650684e-02
-1.900000e+01  3.200000e+01  0.0
-1.930000e+01  3.200000e+01  0.0
-1.970000e+01  3.200000e+01  0.0
-2.000000e+01  3.200000e+01  0.0
-2.030000e+01  3.200000e+01  0.0
-2.070000e+01  3.200000e+01  0.0
-2.100000e+01  3.200000e+01  0.0
-2.130000e+01  3.200000e+01  0.0
-2.170000e+01  3.200000e+01  0.0
-2.200000e+01  3.200000e+01  0.0
-13.3  39  2.097336e-02
-13.7  39  1.664512e-01
-14  39  3.995490e-01
-14.3  39  8.179705e-01
-14.7  39  1.477538e+00
-15  39  2.205941e+00
-15.3  39  4.330182e+00
-15.7  39  3.553039e+00
-16  39  3.714645e+00
-16.3  39  2.960881e+00
-16.7  39  1.806861e+00
-17  39  1.326228e+00
-17.3  39  9.842006e-01
-17.7  39  5.169230e-01
-18  39  1.757925e-01
-1.830000e+01  3.900000e+01  0.0
-1.870000e+01  3.900000e+01  0.0
-1.900000e+01  3.900000e+01  0.0
-1.930000e+01  3.900000e+01  0.0
-1.970000e+01  3.900000e+01  0.0
-2.000000e+01  3.900000e+01  0.0
-2.030000e+01  3.900000e+01  0.0
-2.070000e+01  3.900000e+01  0.0
-2.100000e+01  3.900000e+01  0.0
-2.130000e+01  3.900000e+01  0.0
-2.170000e+01  3.900000e+01  0.0
-2.200000e+01  3.900000e+01  0.0
-13.3  48  5.056604e-02
-13.7  48  8.680887e-02
-14  48  2.442542e-01
-14.3  48  1.609331e+00
-14.7  48  7.638143e-01
-15  48  2.357692e+00
-15.3  48  2.257605e+00
-15.7  48  2.424106e+00
-16  48  2.081386e+00
-16.3  48  1.732608e+00
-16.7  48  1.004935e+00
-17  48  7.285959e-01
-17.3  48  4.960463e-01
-17.7  48  1.483088e-01
-1.800000e+01  4.800000e+01  0.0
-1.830000e+01  4.800000e+01  0.0
-1.870000e+01  4.800000e+01  0.0
-1.900000e+01  4.800000e+01  0.0
-1.930000e+01  4.800000e+01  0.0
-1.970000e+01  4.800000e+01  0.0
-2.000000e+01  4.800000e+01  0.0
-2.030000e+01  4.800000e+01  0.0
-2.070000e+01  4.800000e+01  0.0
-2.100000e+01  4.800000e+01  0.0
-2.130000e+01  4.800000e+01  0.0
-2.170000e+01  4.800000e+01  0.0
-2.200000e+01  4.800000e+01  0.0
-13.3  58  3.124395e-02
-13.7  58  1.094219e-01
-14  58  4.168358e-01
-14.3  58  7.432089e-01
-14.7  58  6.670745e-01
-15  58  1.088997e+00
-15.3  58  1.899678e+00
-15.7  58  1.615089e+00
-16  58  1.337452e+00
-16.3  58  1.039978e+00
-16.7  58  6.587219e-01
-17  58  4.591974e-01
-17.3  58  1.925592e-01
-1.770000e+01  5.800000e+01  0.0
-1.800000e+01  5.800000e+01  0.0
-1.830000e+01  5.800000e+01  0.0
-1.870000e+01  5.800000e+01  0.0
-1.900000e+01  5.800000e+01  0.0
-1.930000e+01  5.800000e+01  0.0
-1.970000e+01  5.800000e+01  0.0
-2.000000e+01  5.800000e+01  0.0
-2.030000e+01  5.800000e+01  0.0
-2.070000e+01  5.800000e+01  0.0
-2.100000e+01  5.800000e+01  0.0
-2.130000e+01  5.800000e+01  0.0
-2.170000e+01  5.800000e+01  0.0
-2.200000e+01  5.800000e+01  0.0
-13.3  88  2.077043e-02
-13.7  88  2.861935e-02
-14  88  4.607871e-02
-14.3  88  1.155015e-01
-14.7  88  1.557933e-01
-15  88  1.920442e-01
-15.3  88  2.173196e-01
-15.7  88  1.382656e-01
-16  88  1.418585e-01
-16.3  88  1.262204e-01
-16.7  88  5.738825e-02
-17  88  1.543800e-02
-1.730000e+01  8.800000e+01  0.0
-1.770000e+01  8.800000e+01  0.0
-1.800000e+01  8.800000e+01  0.0
-1.830000e+01  8.800000e+01  0.0
-1.870000e+01  8.800000e+01  0.0
-1.900000e+01  8.800000e+01  0.0
-1.930000e+01  8.800000e+01  0.0
-1.970000e+01  8.800000e+01  0.0
-2.000000e+01  8.800000e+01  0.0
-2.030000e+01  8.800000e+01  0.0
-2.070000e+01  8.800000e+01  0.0
-2.100000e+01  8.800000e+01  0.0
-2.130000e+01  8.800000e+01  0.0
-2.170000e+01  8.800000e+01  0.0
-2.200000e+01  8.800000e+01  0.0
-13.3  108  0.000000e+00
-13.7  108  0.000000e+00
-14  108  0.000000e+00
-14.3  108  0.000000e+00
-14.7  108  0.000000e+00
-15  108  0.000000e+00
-15.3  108  0.000000e+00
-15.7  108  0.000000e+00
-16  108  0.000000e+00
-16.3  108  0.000000e+00
-16.7  108  0.000000e+00
-1.700000e+01  1.080000e+02  0.0
-1.730000e+01  1.080000e+02  0.0
-1.770000e+01  1.080000e+02  0.0
-1.800000e+01  1.080000e+02  0.0
-1.830000e+01  1.080000e+02  0.0
-1.870000e+01  1.080000e+02  0.0
-1.900000e+01  1.080000e+02  0.0
-1.930000e+01  1.080000e+02  0.0
-1.970000e+01  1.080000e+02  0.0
-2.000000e+01  1.080000e+02  0.0
-2.030000e+01  1.080000e+02  0.0
-2.070000e+01  1.080000e+02  0.0
-2.100000e+01  1.080000e+02  0.0
-2.130000e+01  1.080000e+02  0.0
-2.170000e+01  1.080000e+02  0.0
-2.200000e+01  1.080000e+02  0.0
-13.3  132  0.000000e+00
-13.7  132  0.000000e+00
-14  132  0.000000e+00
-14.3  132  0.000000e+00
-14.7  132  0.000000e+00
-15  132  0.000000e+00
-15.3  132  0.000000e+00
-15.7  132  0.000000e+00
-16  132  0.000000e+00
-16.3  132  0.000000e+00
-1.670000e+01  1.320000e+02  0.0
-1.700000e+01  1.320000e+02  0.0
-1.730000e+01  1.320000e+02  0.0
-1.770000e+01  1.320000e+02  0.0
-1.800000e+01  1.320000e+02  0.0
-1.830000e+01  1.320000e+02  0.0
-1.870000e+01  1.320000e+02  0.0
-1.900000e+01  1.320000e+02  0.0
-1.930000e+01  1.320000e+02  0.0
-1.970000e+01  1.320000e+02  0.0
-2.000000e+01  1.320000e+02  0.0
-2.030000e+01  1.320000e+02  0.0
-2.070000e+01  1.320000e+02  0.0
-2.100000e+01  1.320000e+02  0.0
-2.130000e+01  1.320000e+02  0.0
-2.170000e+01  1.320000e+02  0.0
-2.200000e+01  1.320000e+02  0.0
-13.3  162  0.000000e+00
-13.7  162  0.000000e+00
-14  162  0.000000e+00
-14.3  162  0.000000e+00
-14.7  162  0.000000e+00
-15  162  0.000000e+00
-15.3  162  0.000000e+00
-15.7  162  0.000000e+00
-16  162  0.000000e+00
-1.630000e+01  1.620000e+02  0.0
-1.670000e+01  1.620000e+02  0.0
-1.700000e+01  1.620000e+02  0.0
-1.730000e+01  1.620000e+02  0.0
-1.770000e+01  1.620000e+02  0.0
-1.800000e+01  1.620000e+02  0.0
-1.830000e+01  1.620000e+02  0.0
-1.870000e+01  1.620000e+02  0.0
-1.900000e+01  1.620000e+02  0.0
-1.930000e+01  1.620000e+02  0.0
-1.970000e+01  1.620000e+02  0.0
-2.000000e+01  1.620000e+02  0.0
-2.030000e+01  1.620000e+02  0.0
-2.070000e+01  1.620000e+02  0.0
-2.100000e+01  1.620000e+02  0.0
-2.130000e+01  1.620000e+02  0.0
-2.170000e+01  1.620000e+02  0.0
-2.200000e+01  1.620000e+02  0.0
-13.3  199  0.000000e+00
-13.7  199  0.000000e+00
-14  199  0.000000e+00
-14.3  199  0.000000e+00
-14.7  199  0.000000e+00
-15  199  0.000000e+00
-15.3  199  0.000000e+00
-15.7  199  0.000000e+00
-1.600000e+01  1.990000e+02  0.0
-1.630000e+01  1.990000e+02  0.0
-1.670000e+01  1.990000e+02  0.0
-1.700000e+01  1.990000e+02  0.0
-1.730000e+01  1.990000e+02  0.0
-1.770000e+01  1.990000e+02  0.0
-1.800000e+01  1.990000e+02  0.0
-1.830000e+01  1.990000e+02  0.0
-1.870000e+01  1.990000e+02  0.0
-1.900000e+01  1.990000e+02  0.0
-1.930000e+01  1.990000e+02  0.0
-1.970000e+01  1.990000e+02  0.0
-2.000000e+01  1.990000e+02  0.0
-2.030000e+01  1.990000e+02  0.0
-2.070000e+01  1.990000e+02  0.0
-2.100000e+01  1.990000e+02  0.0
-2.130000e+01  1.990000e+02  0.0
-2.170000e+01  1.990000e+02  0.0
-2.200000e+01  1.990000e+02  0.0
-13.3  244  0.000000e+00
-13.7  244  0.000000e+00
-14  244  0.000000e+00
-14.3  244  0.000000e+00
-14.7  244  0.000000e+00
-15  244  0.000000e+00
-15.3  244  0.000000e+00
-15.7  244  0.000000e+00
-1.600000e+01  2.440000e+02  0.0
-1.630000e+01  2.440000e+02  0.0
-1.670000e+01  2.440000e+02  0.0
-1.700000e+01  2.440000e+02  0.0
-1.730000e+01  2.440000e+02  0.0
-1.770000e+01  2.440000e+02  0.0
-1.800000e+01  2.440000e+02  0.0
-1.830000e+01  2.440000e+02  0.0
-1.870000e+01  2.440000e+02  0.0
-1.900000e+01  2.440000e+02  0.0
-1.930000e+01  2.440000e+02  0.0
-1.970000e+01  2.440000e+02  0.0
-2.000000e+01  2.440000e+02  0.0
-2.030000e+01  2.440000e+02  0.0
-2.070000e+01  2.440000e+02  0.0
-2.100000e+01  2.440000e+02  0.0
-2.130000e+01  2.440000e+02  0.0
-2.170000e+01  2.440000e+02  0.0
-2.200000e+01  2.440000e+02  0.0
-13.3  300  0.000000e+00
-13.7  300  0.000000e+00
-14  300  0.000000e+00
-14.3  300  0.000000e+00
-14.7  300  0.000000e+00
-15  300  0.000000e+00
-15.3  300  0.000000e+00
-1.570000e+01  3.000000e+02  0.0
-1.600000e+01  3.000000e+02  0.0
-1.630000e+01  3.000000e+02  0.0
-1.670000e+01  3.000000e+02  0.0
-1.700000e+01  3.000000e+02  0.0
-1.730000e+01  3.000000e+02  0.0
-1.770000e+01  3.000000e+02  0.0
-1.800000e+01  3.000000e+02  0.0
-1.830000e+01  3.000000e+02  0.0
-1.870000e+01  3.000000e+02  0.0
-1.900000e+01  3.000000e+02  0.0
-1.930000e+01  3.000000e+02  0.0
-1.970000e+01  3.000000e+02  0.0
-2.000000e+01  3.000000e+02  0.0
-2.030000e+01  3.000000e+02  0.0
-2.070000e+01  3.000000e+02  0.0
-2.100000e+01  3.000000e+02  0.0
-2.130000e+01  3.000000e+02  0.0
-2.170000e+01  3.000000e+02  0.0
-2.200000e+01  3.000000e+02  0.0
