# log10(y)    mass[MeV]    Nhits
-13.3  5  8.062824e-19
-13.7  5  2.392494e-14
-14  5  1.098496e-10
-14.3  5  7.605608e-08
-14.7  5  8.935703e-06
-15  5  3.240634e-04
-15.3  5  5.376345e-03
-15.7  5  4.518046e-02
-16  5  2.504399e-01
-16.3  5  1.226347e+00
-16.7  5  2.094901e+00
-17  5  4.358905e+00
-17.3  5  5.000495e+00
-17.7  5  1.037979e+01
-18  5  1.427651e+01
-18.3  5  1.635242e+01
-18.7  5  1.502849e+01
-19  5  1.494952e+01
-19.3  5  1.295812e+01
-19.7  5  7.872975e+00
-20  5  6.198822e+00
-20.3  5  4.916963e+00
-20.7  5  2.883977e+00
-21  5  1.782893e+00
-21.3  5  7.198341e-01
-21.7  5  1.408844e-01
-2.200000e+01  5.000000e+00  0.0
-13.3  6  3.043173e-15
-13.7  6  1.715163e-11
-14  6  1.058484e-08
-14.3  6  3.438083e-06
-14.7  6  2.062145e-04
-15  6  3.871007e-03
-15.3  6  4.396069e-02
-15.7  6  1.632125e-01
-16  6  6.055850e-01
-16.3  6  1.563212e+00
-16.7  6  2.793292e+00
-17  6  3.553511e+00
-17.3  6  1.094412e+01
-17.7  6  1.345945e+01
-18  6  1.611181e+01
-18.3  6  1.541295e+01
-18.7  6  1.266510e+01
-19  6  1.115094e+01
-19.3  6  8.828612e+00
-19.7  6  5.164339e+00
-20  6  4.160333e+00
-20.3  6  3.425161e+00
-20.7  6  1.700771e+00
-21  6  6.450631e-01
-21.3  6  1.659895e-01
-2.170000e+01  6.000000e+00  0.0
-2.200000e+01  6.000000e+00  0.0
-13.3  8  2.389534e-11
-13.7  8  1.086643e-08
-14  8  1.256949e-06
-14.3  8  8.264766e-05
-14.7  8  1.553706e-03
-15  8  2.227309e-02
-15.3  8  1.259357e-01
-15.7  8  3.713358e-01
-16  8  8.465974e-01
-16.3  8  1.565763e+00
-16.7  8  1.564520e+00
-17  8  4.093492e+00
-17.3  8  7.226003e+00
-17.7  8  8.718428e+00
-18  8  8.711252e+00
-18.3  8  8.611975e+00
-18.7  8  5.591077e+00
-19  8  4.304187e+00
-19.3  8  3.202211e+00
-19.7  8  1.813913e+00
-20  8  1.569921e+00
-20.3  8  9.747719e-01
-20.7  8  2.912733e-01
-21  8  7.044999e-02
-2.130000e+01  8.000000e+00  0.0
-2.170000e+01  8.000000e+00  0.0
-2.200000e+01  8.000000e+00  0.0
-13.3  9  1.200317e-09
-13.7  9  3.567459e-07
-14  9  2.743778e-05
-14.3  9  1.045077e-03
-14.7  9  1.061546e-02
-15  9  9.050823e-02
-15.3  9  4.533237e-01
-15.7  9  9.007995e-01
-16  9  1.501662e+00
-16.3  9  1.773923e+00
-16.7  9  3.425616e+00
-17  9  7.369702e+00
-17.3  9  9.551145e+00
-17.7  9  9.343494e+00
-18  9  9.655051e+00
-18.3  9  8.206318e+00
-18.7  9  4.974396e+00
-19  9  3.707538e+00
-19.3  9  2.755026e+00
-19.7  9  1.779451e+00
-20  9  1.040838e+00
-20.3  9  3.807399e-01
-20.7  9  7.536667e-02
-2.100000e+01  9.000000e+00  0.0
-2.130000e+01  9.000000e+00  0.0
-2.170000e+01  9.000000e+00  0.0
-2.200000e+01  9.000000e+00  0.0
-13.3  11  4.024673e-07
-13.7  11  2.343964e-05
-14  11  6.590309e-04
-14.3  11  7.391036e-03
-14.7  11  5.737259e-02
-15  11  3.642062e-01
-15.3  11  1.075341e+00
-15.7  11  1.412590e+00
-16  11  1.588946e+00
-16.3  11  3.225249e+00
-16.7  11  3.507601e+00
-17  11  6.284194e+00
-17.3  11  7.039513e+00
-17.7  11  6.300126e+00
-18  11  6.052941e+00
-18.3  11  4.862827e+00
-18.7  11  3.274085e+00
-19  11  2.432078e+00
-19.3  11  1.660131e+00
-19.7  11  8.201260e-01
-20  11  2.710335e-01
-20.3  11  6.799809e-02
-2.070000e+01  1.100000e+01  0.0
-2.100000e+01  1.100000e+01  0.0
-2.130000e+01  1.100000e+01  0.0
-2.170000e+01  1.100000e+01  0.0
-2.200000e+01  1.100000e+01  0.0
-13.3  14  4.402262e-05
-13.7  14  8.217114e-04
-14  14  6.792230e-03
-14.3  14  5.150021e-02
-14.7  14  3.528201e-01
-15  14  9.825399e-01
-15.3  14  2.210310e+00
-15.7  14  1.558778e+00
-16  14  3.337171e+00
-16.3  14  4.326906e+00
-16.7  14  4.825103e+00
-17  14  4.423386e+00
-17.3  14  5.132538e+00
-17.7  14  3.546726e+00
-18  14  2.822840e+00
-18.3  14  2.469199e+00
-18.7  14  1.445189e+00
-19  14  1.109238e+00
-19.3  14  6.542742e-01
-19.7  14  1.853178e-01
-20  14  4.580609e-02
-2.030000e+01  1.400000e+01  0.0
-2.070000e+01  1.400000e+01  0.0
-2.100000e+01  1.400000e+01  0.0
-2.130000e+01  1.400000e+01  0.0
-2.170000e+01  1.400000e+01  0.0
-2.200000e+01  1.400000e+01  0.0
-13.3  17  2.725772e-04
-13.7  17  3.615861e-03
-14  17  3.985570e-02
-14.3  17  1.901277e-01
-14.7  17  5.708511e-01
-15  17  1.864576e+00
-15.3  17  3.129631e+00
-15.7  17  3.177588e+00
-16  17  4.235020e+00
-16.3  17  6.205989e+00
-16.7  17  4.865642e+00
-17  17  4.316884e+00
-17.3  17  3.483926e+00
-17.7  17  1.981399e+00
-18  17  1.351760e+00
-18.3  17  9.042777e-01
-18.7  17  5.463949e-01
-19  17  3.305864e-01
-19.3  17  9.859961e-02
-19.7  17  1.804171e-02
-2.000000e+01  1.700000e+01  0.0
-2.030000e+01  1.700000e+01  0.0
-2.070000e+01  1.700000e+01  0.0
-2.100000e+01  1.700000e+01  0.0
-2.130000e+01  1.700000e+01  0.0
-2.170000e+01  1.700000e+01  0.0
-2.200000e+01  1.700000e+01  0.0
-13.3  21  1.186460e-03
-13.7  21  8.476833e-03
-14  21  5.509126e-02
-14.3  21  2.420546e-01
-14.7  21  4.618870e-01
-15  21  2.176893e+00
-15.3  21  4.071594e+00
-15.7  21  4.555199e+00
-16  21  6.050498e+00
-16.3  21  5.318916e+00
-16.7  21  4.329260e+00
-17  21  3.603502e+00
-17.3  21  2.572549e+00
-17.7  21  1.406948e+00
-18  21  1.022339e+00
-18.3  21  8.221675e-01
-18.7  21  4.038601e-01
-19  21  1.300432e-01
-19.3  21  2.911459e-02
-1.970000e+01  2.100000e+01  0.0
-2.000000e+01  2.100000e+01  0.0
-2.030000e+01  2.100000e+01  0.0
-2.070000e+01  2.100000e+01  0.0
-2.100000e+01  2.100000e+01  0.0
-2.130000e+01  2.100000e+01  0.0
-2.170000e+01  2.100000e+01  0.0
-2.200000e+01  2.100000e+01  0.0
-13.3  26  5.269118e-03
-13.7  26  1.956465e-02
-14  26  9.000786e-02
-14.3  26  6.477724e-01
-14.7  26  1.067278e+00
-15  26  1.859261e+00
-15.3  26  4.734779e+00
-15.7  26  4.671392e+00
-16  26  5.835167e+00
-16.3  26  5.152874e+00
-16.7  26  3.742611e+00
-17  26  2.788577e+00
-17.3  26  1.773969e+00
-17.7  26  1.003599e+00
-18  26  8.183039e-01
-18.3  26  4.739170e-01
-18.7  26  1.317944e-01
-19  26  2.881973e-02
-1.930000e+01  2.600000e+01  0.0
-1.970000e+01  2.600000e+01  0.0
-2.000000e+01  2.600000e+01  0.0
-2.030000e+01  2.600000e+01  0.0
-2.070000e+01  2.600000e+01  0.0
-2.100000e+01  2.600000e+01  0.0
-2.130000e+01  2.600000e+01  0.0
-2.170000e+01  2.600000e+01  0.0
-2.200000e+01  2.600000e+01  0.0
-13.3  32  1.381768e-02
-13.7  32  2.201551e-02
-14  32  2.539690e-01
-14.3  32  3.886951e-01
-14.7  32  1.178755e+00
-15  32  1.776408e+00
-15.3  32  4.797852e+00
-15.7  32  3.824788e+00
-16  32  4.687743e+00
-16.3  32  4.401584e+00
-16.7  32  2.666569e+00
-17  32  2.017187e+00
-17.3  32  1.486010e+00
-17.7  32  8.415252e-01
-18  32  5.090906e-01
-18.3  32  1.789171e-01
-18.7  32  3.133652e-02
-1.900000e+01  3.200000e+01  0.0
-1.930000e+01  3.200000e+01  0.0
-1.970000e+01  3.200000e+01  0.0
-2.000000e+01  3.200000e+01  0.0
-2.030000e+01  3.200000e+01  0.0
-2.070000e+01  3.200000e+01  0.0
-2.100000e+01  3.200000e+01  0.0
-2.130000e+01  3.200000e+01  0.0
-2.170000e+01  3.200000e+01  0.0
-2.200000e+01  3.200000e+01  0.0
-13.3  39  2.218157e-02
-13.7  39  1.630923e-01
-14  39  3.839098e-01
-14.3  39  7.794738e-01
-14.7  39  1.446830e+00
-15  39  2.228373e+00
-15.3  39  4.490181e+00
-15.7  39  3.736586e+00
-16  39  3.929243e+00
-16.3  39  3.128007e+00
-16.7  39  1.899102e+00
-17  39  1.382669e+00
-17.3  39  1.022051e+00
-17.7  39  5.330100e-01
-18  39  1.790235e-01
-1.830000e+01  3.900000e+01  0.0
-1.870000e+01  3.900000e+01  0.0
-1.900000e+01  3.900000e+01  0.0
-1.930000e+01  3.900000e+01  0.0
-1.970000e+01  3.900000e+01  0.0
-2.000000e+01  3.900000e+01  0.0
-2.030000e+01  3.900000e+01  0.0
-2.070000e+01  3.900000e+01  0.0
-2.100000e+01  3.900000e+01  0.0
-2.130000e+01  3.900000e+01  0.0
-2.170000e+01  3.900000e+01  0.0
-2.200000e+01  3.900000e+01  0.0
-13.3  48  5.432758e-02
-13.7  48  9.066418e-02
-14  48  2.443582e-01
-14.3  48  1.561153e+00
-14.7  48  7.409211e-01
-15  48  2.324438e+00
-15.3  48  2.276309e+00
-15.7  48  2.508784e+00
-16  48  2.212052e+00
-16.3  48  1.887853e+00
-16.7  48  1.116608e+00
-17  48  8.142804e-01
-17.3  48  5.601731e-01
-17.7  48  1.699411e-01
-1.800000e+01  4.800000e+01  0.0
-1.830000e+01  4.800000e+01  0.0
-1.870000e+01  4.800000e+01  0.0
-1.900000e+01  4.800000e+01  0.0
-1.930000e+01  4.800000e+01  0.0
-1.970000e+01  4.800000e+01  0.0
-2.000000e+01  4.800000e+01  0.0
-2.030000e+01  4.800000e+01  0.0
-2.070000e+01  4.800000e+01  0.0
-2.100000e+01  4.800000e+01  0.0
-2.130000e+01  4.800000e+01  0.0
-2.170000e+01  4.800000e+01  0.0
-2.200000e+01  4.800000e+01  0.0
-13.3  58  3.112902e-02
-13.7  58  1.081926e-01
-14  58  4.007548e-01
-14.3  58  6.943675e-01
-14.7  58  6.090380e-01
-15  58  9.788216e-01
-15.3  58  1.688532e+00
-15.7  58  1.425776e+00
-16  58  1.176895e+00
-16.3  58  9.147477e-01
-16.7  58  5.798470e-01
-17  58  4.048289e-01
-17.3  58  1.702660e-01
-1.770000e+01  5.800000e+01  0.0
-1.800000e+01  5.800000e+01  0.0
-1.830000e+01  5.800000e+01  0.0
-1.870000e+01  5.800000e+01  0.0
-1.900000e+01  5.800000e+01  0.0
-1.930000e+01  5.800000e+01  0.0
-1.970000e+01  5.800000e+01  0.0
-2.000000e+01  5.800000e+01  0.0
-2.030000e+01  5.800000e+01  0.0
-2.070000e+01  5.800000e+01  0.0
-2.100000e+01  5.800000e+01  0.0
-2.130000e+01  5.800000e+01  0.0
-2.170000e+01  5.800000e+01  0.0
-2.200000e+01  5.800000e+01  0.0
-13.3  88  1.728688e-02
-13.7  88  2.356452e-02
-14  88  3.767586e-02
-14.3  88  9.401951e-02
-14.7  88  1.264126e-01
-15  88  1.554024e-01
-15.3  88  1.754519e-01
-15.7  88  1.114116e-01
-16  88  1.141193e-01
-16.3  88  1.015097e-01
-16.7  88  4.614568e-02
-17  88  1.240840e-02
-1.730000e+01  8.800000e+01  0.0
-1.770000e+01  8.800000e+01  0.0
-1.800000e+01  8.800000e+01  0.0
-1.830000e+01  8.800000e+01  0.0
-1.870000e+01  8.800000e+01  0.0
-1.900000e+01  8.800000e+01  0.0
-1.930000e+01  8.800000e+01  0.0
-1.970000e+01  8.800000e+01  0.0
-2.000000e+01  8.800000e+01  0.0
-2.030000e+01  8.800000e+01  0.0
-2.070000e+01  8.800000e+01  0.0
-2.100000e+01  8.800000e+01  0.0
-2.130000e+01  8.800000e+01  0.0
-2.170000e+01  8.800000e+01  0.0
-2.200000e+01  8.800000e+01  0.0
-13.3  108  0.000000e+00
-13.7  108  0.000000e+00
-14  108  0.000000e+00
-14.3  108  0.000000e+00
-14.7  108  0.000000e+00
-15  108  0.000000e+00
-15.3  108  0.000000e+00
-15.7  108  0.000000e+00
-16  108  0.000000e+00
-16.3  108  0.000000e+00
-16.7  108  0.000000e+00
-1.700000e+01  1.080000e+02  0.0
-1.730000e+01  1.080000e+02  0.0
-1.770000e+01  1.080000e+02  0.0
-1.800000e+01  1.080000e+02  0.0
-1.830000e+01  1.080000e+02  0.0
-1.870000e+01  1.080000e+02  0.0
-1.900000e+01  1.080000e+02  0.0
-1.930000e+01  1.080000e+02  0.0
-1.970000e+01  1.080000e+02  0.0
-2.000000e+01  1.080000e+02  0.0
-2.030000e+01  1.080000e+02  0.0
-2.070000e+01  1.080000e+02  0.0
-2.100000e+01  1.080000e+02  0.0
-2.130000e+01  1.080000e+02  0.0
-2.170000e+01  1.080000e+02  0.0
-2.200000e+01  1.080000e+02  0.0
-13.3  132  0.000000e+00
-13.7  132  0.000000e+00
-14  132  0.000000e+00
-14.3  132  0.000000e+00
-14.7  132  0.000000e+00
-15  132  0.000000e+00
-15.3  132  0.000000e+00
-15.7  132  0.000000e+00
-16  132  0.000000e+00
-16.3  132  0.000000e+00
-1.670000e+01  1.320000e+02  0.0
-1.700000e+01  1.320000e+02  0.0
-1.730000e+01  1.320000e+02  0.0
-1.770000e+01  1.320000e+02  0.0
-1.800000e+01  1.320000e+02  0.0
-1.830000e+01  1.320000e+02  0.0
-1.870000e+01  1.320000e+02  0.0
-1.900000e+01  1.320000e+02  0.0
-1.930000e+01  1.320000e+02  0.0
-1.970000e+01  1.320000e+02  0.0
-2.000000e+01  1.320000e+02  0.0
-2.030000e+01  1.320000e+02  0.0
-2.070000e+01  1.320000e+02  0.0
-2.100000e+01  1.320000e+02  0.0
-2.130000e+01  1.320000e+02  0.0
-2.170000e+01  1.320000e+02  0.0
-2.200000e+01  1.320000e+02  0.0
-13.3  162  0.000000e+00
-13.7  162  0.000000e+00
-14  162  0.000000e+00
-14.3  162  0.000000e+00
-14.7  162  0.000000e+00
-15  162  0.000000e+00
-15.3  162  0.000000e+00
-15.7  162  0.000000e+00
-16  162  0.000000e+00
-1.630000e+01  1.620000e+02  0.0
-1.670000e+01  1.620000e+02  0.0
-1.700000e+01  1.620000e+02  0.0
-1.730000e+01  1.620000e+02  0.0
-1.770000e+01  1.620000e+02  0.0
-1.800000e+01  1.620000e+02  0.0
-1.830000e+01  1.620000e+02  0.0
-1.870000e+01  1.620000e+02  0.0
-1.900000e+01  1.620000e+02  0.0
-1.930000e+01  1.620000e+02  0.0
-1.970000e+01  1.620000e+02  0.0
-2.000000e+01  1.620000e+02  0.0
-2.030000e+01  1.620000e+02  0.0
-2.070000e+01  1.620000e+02  0.0
-2.100000e+01  1.620000e+02  0.0
-2.130000e+01  1.620000e+02  0.0
-2.170000e+01  1.620000e+02  0.0
-2.200000e+01  1.620000e+02  0.0
-13.3  199  0.000000e+00
-13.7  199  0.000000e+00
-14  199  0.000000e+00
-14.3  199  0.000000e+00
-14.7  199  0.000000e+00
-15  199  0.000000e+00
-15.3  199  0.000000e+00
-15.7  199  0.000000e+00
-1.600000e+01  1.990000e+02  0.0
-1.630000e+01  1.990000e+02  0.0
-1.670000e+01  1.990000e+02  0.0
-1.700000e+01  1.990000e+02  0.0
-1.730000e+01  1.990000e+02  0.0
-1.770000e+01  1.990000e+02  0.0
-1.800000e+01  1.990000e+02  0.0
-1.830000e+01  1.990000e+02  0.0
-1.870000e+01  1.990000e+02  0.0
-1.900000e+01  1.990000e+02  0.0
-1.930000e+01  1.990000e+02  0.0
-1.970000e+01  1.990000e+02  0.0
-2.000000e+01  1.990000e+02  0.0
-2.030000e+01  1.990000e+02  0.0
-2.070000e+01  1.990000e+02  0.0
-2.100000e+01  1.990000e+02  0.0
-2.130000e+01  1.990000e+02  0.0
-2.170000e+01  1.990000e+02  0.0
-2.200000e+01  1.990000e+02  0.0
-13.3  244  0.000000e+00
-13.7  244  0.000000e+00
-14  244  0.000000e+00
-14.3  244  0.000000e+00
-14.7  244  0.000000e+00
-15  244  0.000000e+00
-15.3  244  0.000000e+00
-15.7  244  0.000000e+00
-1.600000e+01  2.440000e+02  0.0
-1.630000e+01  2.440000e+02  0.0
-1.670000e+01  2.440000e+02  0.0
-1.700000e+01  2.440000e+02  0.0
-1.730000e+01  2.440000e+02  0.0
-1.770000e+01  2.440000e+02  0.0
-1.800000e+01  2.440000e+02  0.0
-1.830000e+01  2.440000e+02  0.0
-1.870000e+01  2.440000e+02  0.0
-1.900000e+01  2.440000e+02  0.0
-1.930000e+01  2.440000e+02  0.0
-1.970000e+01  2.440000e+02  0.0
-2.000000e+01  2.440000e+02  0.0
-2.030000e+01  2.440000e+02  0.0
-2.070000e+01  2.440000e+02  0.0
-2.100000e+01  2.440000e+02  0.0
-2.130000e+01  2.440000e+02  0.0
-2.170000e+01  2.440000e+02  0.0
-2.200000e+01  2.440000e+02  0.0
-13.3  300  0.000000e+00
-13.7  300  0.000000e+00
-14  300  0.000000e+00
-14.3  300  0.000000e+00
-14.7  300  0.000000e+00
-15  300  0.000000e+00
-15.3  300  0.000000e+00
-1.570000e+01  3.000000e+02  0.0
-1.600000e+01  3.000000e+02  0.0
-1.630000e+01  3.000000e+02  0.0
-1.670000e+01  3.000000e+02  0.0
-1.700000e+01  3.000000e+02  0.0
-1.730000e+01  3.000000e+02  0.0
-1.770000e+01  3.000000e+02  0.0
-1.800000e+01  3.000000e+02  0.0
-1.830000e+01  3.000000e+02  0.0
-1.870000e+01  3.000000e+02  0.0
-1.900000e+01  3.000000e+02  0.0
-1.930000e+01  3.000000e+02  0.0
-1.970000e+01  3.000000e+02  0.0
-2.000000e+01  3.000000e+02  0.0
-2.030000e+01  3.000000e+02  0.0
-2.070000e+01  3.000000e+02  0.0
-2.100000e+01  3.000000e+02  0.0
-2.130000e+01  3.000000e+02  0.0
-2.170000e+01  3.000000e+02  0.0
-2.200000e+01  3.000000e+02  0.0
