# log10(y)    mass[MeV]    Nhits
-13.3  5  1.566582e-18
-13.7  5  3.748445e-14
-14  5  1.394060e-10
-14.3  5  8.813447e-08
-14.7  5  1.338826e-05
-15  5  9.087397e-04
-15.3  5  2.607482e-02
-15.7  5  2.482144e-01
-16  5  1.159902e+00
-16.3  5  4.455313e+00
-16.7  5  6.078391e+00
-17  5  1.066648e+01
-17.3  5  1.126469e+01
-17.7  5  1.777282e+01
-18  5  1.950748e+01
-18.3  5  1.773794e+01
-18.7  5  1.259086e+01
-19  5  9.518558e+00
-19.3  5  6.527751e+00
-19.7  5  3.139801e+00
-20  5  1.964681e+00
-20.3  5  1.194357e+00
-20.7  5  6.043481e-01
-21  5  3.448239e-01
-21.3  5  1.200347e-01
-21.7  5  1.908753e-02
-2.200000e+01  5.000000e+00  0.0
-13.3  6  4.650811e-15
-13.7  6  3.883366e-11
-14  6  3.062534e-08
-14.3  6  1.074156e-05
-14.7  6  6.149158e-04
-15  6  1.108764e-02
-15.3  6  1.373168e-01
-15.7  6  6.059599e-01
-16  6  2.421645e+00
-16.3  6  5.804068e+00
-16.7  6  9.029055e+00
-17  6  1.068783e+01
-17.3  6  2.578916e+01
-17.7  6  2.680045e+01
-18  6  2.714766e+01
-18.3  6  2.140595e+01
-18.7  6  1.416997e+01
-19  6  1.029428e+01
-19.3  6  6.694474e+00
-19.7  6  3.094373e+00
-20  6  2.059732e+00
-20.3  6  1.492247e+00
-20.7  6  6.851991e-01
-21  6  2.284276e-01
-21.3  6  4.907485e-02
-2.170000e+01  6.000000e+00  0.0
-2.200000e+01  6.000000e+00  0.0
-13.3  8  7.079454e-11
-13.7  8  3.271468e-08
-14  8  3.837440e-06
-14.3  8  2.567440e-04
-14.7  8  4.918044e-03
-15  8  7.145885e-02
-15.3  8  4.078228e-01
-15.7  8  1.237534e+00
-16  8  2.992525e+00
-16.3  8  5.772165e+00
-16.7  8  5.760068e+00
-17  8  1.378509e+01
-17.3  8  2.141507e+01
-17.7  8  2.318760e+01
-18  8  2.070800e+01
-18.3  8  1.825317e+01
-18.7  8  1.075097e+01
-19  8  7.503967e+00
-19.3  8  4.967071e+00
-19.7  8  2.558600e+00
-20  8  2.077335e+00
-20.3  8  1.240234e+00
-20.7  8  3.456562e-01
-21  8  7.627799e-02
-2.130000e+01  8.000000e+00  0.0
-2.170000e+01  8.000000e+00  0.0
-2.200000e+01  8.000000e+00  0.0
-13.3  9  6.711693e-09
-13.7  9  1.680922e-06
-14  9  1.142921e-04
-14.3  9  3.968792e-03
-14.7  9  3.781438e-02
-15  9  3.091072e-01
-15.3  9  1.516465e+00
-15.7  9  3.051158e+00
-16  9  5.302908e+00
-16.3  9  6.386311e+00
-16.7  9  1.227950e+01
-17  9  2.441578e+01
-17.3  9  2.904089e+01
-17.7  9  2.586956e+01
-18  9  2.435833e+01
-18.3  9  1.921463e+01
-18.7  9  1.084466e+01
-19  9  7.447476e+00
-19.3  9  5.184471e+00
-19.7  9  3.195877e+00
-20  9  1.819435e+00
-20.3  9  6.362316e-01
-20.7  9  1.176482e-01
-2.100000e+01  9.000000e+00  0.0
-2.130000e+01  9.000000e+00  0.0
-2.170000e+01  9.000000e+00  0.0
-2.200000e+01  9.000000e+00  0.0
-13.3  11  3.488854e-06
-13.7  11  1.749985e-04
-14  11  4.262923e-03
-14.3  11  4.163819e-02
-14.7  11  2.831645e-01
-15  11  1.600038e+00
-15.3  11  4.299277e+00
-15.7  11  5.299775e+00
-16  11  5.869063e+00
-16.3  11  1.187987e+01
-16.7  11  1.292487e+01
-17  11  2.245203e+01
-17.3  11  2.389733e+01
-17.7  11  2.031690e+01
-18  11  1.836241e+01
-18.3  11  1.411667e+01
-18.7  11  9.128374e+00
-19  11  6.630495e+00
-19.3  11  4.479271e+00
-19.7  11  2.204306e+00
-20  11  7.261904e-01
-20.3  11  1.826880e-01
-2.070000e+01  1.100000e+01  0.0
-2.100000e+01  1.100000e+01  0.0
-2.130000e+01  1.100000e+01  0.0
-2.170000e+01  1.100000e+01  0.0
-2.200000e+01  1.100000e+01  0.0
-13.3  14  7.519401e-05
-13.7  14  1.875133e-03
-14  14  2.005776e-02
-14.3  14  1.836688e-01
-14.7  14  1.409985e+00
-15  14  4.122476e+00
-15.3  14  9.277599e+00
-15.7  14  6.461034e+00
-16  14  1.330866e+01
-16.3  14  1.671163e+01
-16.7  14  1.846784e+01
-17  14  1.685598e+01
-17.3  14  1.936480e+01
-17.7  14  1.308518e+01
-18  14  1.012266e+01
-18.3  14  8.486229e+00
-18.7  14  4.776566e+00
-19  14  3.559390e+00
-19.3  14  2.063185e+00
-19.7  14  5.662817e-01
-20  14  1.338944e-01
-2.030000e+01  1.400000e+01  0.0
-2.070000e+01  1.400000e+01  0.0
-2.100000e+01  1.400000e+01  0.0
-2.130000e+01  1.400000e+01  0.0
-2.170000e+01  1.400000e+01  0.0
-2.200000e+01  1.400000e+01  0.0
-13.3  17  7.308003e-04
-13.7  17  8.425986e-03
-14  17  9.564669e-02
-14.3  17  5.161642e-01
-14.7  17  1.778255e+00
-15  17  6.464797e+00
-15.3  17  1.132098e+01
-15.7  17  1.198932e+01
-16  17  1.619860e+01
-16.3  17  2.383447e+01
-16.7  17  1.898960e+01
-17  17  1.755192e+01
-17.3  17  1.521714e+01
-17.7  17  9.383497e+00
-18  17  7.179841e+00
-18.3  17  5.323022e+00
-18.7  17  3.472416e+00
-19  17  2.196569e+00
-19.3  17  7.093957e-01
-19.7  17  1.449478e-01
-2.000000e+01  1.700000e+01  0.0
-2.030000e+01  1.700000e+01  0.0
-2.070000e+01  1.700000e+01  0.0
-2.100000e+01  1.700000e+01  0.0
-2.130000e+01  1.700000e+01  0.0
-2.170000e+01  1.700000e+01  0.0
-2.200000e+01  1.700000e+01  0.0
-13.3  21  8.530261e-03
-13.7  21  4.572165e-02
-14  21  2.316022e-01
-14.3  21  8.891350e-01
-14.7  21  1.638429e+00
-15  21  7.801988e+00
-15.3  21  1.499322e+01
-15.7  21  1.725428e+01
-16  21  2.314430e+01
-16.3  21  2.028733e+01
-16.7  21  1.637486e+01
-17  21  1.344153e+01
-17.3  21  9.459503e+00
-17.7  21  5.123160e+00
-18  21  3.696307e+00
-18.3  21  2.968445e+00
-18.7  21  1.458629e+00
-19  21  4.709156e-01
-19.3  21  1.063698e-01
-1.970000e+01  2.100000e+01  0.0
-2.000000e+01  2.100000e+01  0.0
-2.030000e+01  2.100000e+01  0.0
-2.070000e+01  2.100000e+01  0.0
-2.100000e+01  2.100000e+01  0.0
-2.130000e+01  2.100000e+01  0.0
-2.170000e+01  2.100000e+01  0.0
-2.200000e+01  2.100000e+01  0.0
-13.3  26  2.821584e-02
-13.7  26  1.052274e-01
-14  26  4.471289e-01
-14.3  26  2.881593e+00
-14.7  26  4.437135e+00
-15  26  7.428466e+00
-15.3  26  1.845668e+01
-15.7  26  1.821274e+01
-16  26  2.285752e+01
-16.3  26  2.026324e+01
-16.7  26  1.475517e+01
-17  26  1.100695e+01
-17.3  26  7.007737e+00
-17.7  26  3.967371e+00
-18  26  3.236716e+00
-18.3  26  1.875472e+00
-18.7  26  5.220760e-01
-19  26  1.144212e-01
-1.930000e+01  2.600000e+01  0.0
-1.970000e+01  2.600000e+01  0.0
-2.000000e+01  2.600000e+01  0.0
-2.030000e+01  2.600000e+01  0.0
-2.070000e+01  2.600000e+01  0.0
-2.100000e+01  2.600000e+01  0.0
-2.130000e+01  2.600000e+01  0.0
-2.170000e+01  2.600000e+01  0.0
-2.200000e+01  2.600000e+01  0.0
-13.3  32  4.966308e-02
-13.7  32  9.188922e-02
-14  32  1.126764e+00
-14.3  32  1.708823e+00
-14.7  32  5.071999e+00
-15  32  7.259497e+00
-15.3  32  1.918528e+01
-15.7  32  1.521364e+01
-16  32  1.867466e+01
-16.3  32  1.763170e+01
-16.7  32  1.076019e+01
-17  32  8.203610e+00
-17.3  32  6.081875e+00
-17.7  32  3.462682e+00
-18  32  2.099832e+00
-18.3  32  7.410817e-01
-18.7  32  1.305886e-01
-1.900000e+01  3.200000e+01  0.0
-1.930000e+01  3.200000e+01  0.0
-1.970000e+01  3.200000e+01  0.0
-2.000000e+01  3.200000e+01  0.0
-2.030000e+01  3.200000e+01  0.0
-2.070000e+01  3.200000e+01  0.0
-2.100000e+01  3.200000e+01  0.0
-2.130000e+01  3.200000e+01  0.0
-2.170000e+01  3.200000e+01  0.0
-2.200000e+01  3.200000e+01  0.0
-13.3  39  7.255711e-02
-13.7  39  5.972237e-01
-14  39  1.452437e+00
-14.3  39  3.064340e+00
-14.7  39  5.659227e+00
-15  39  8.621265e+00
-15.3  39  1.724634e+01
-15.7  39  1.434024e+01
-16  39  1.513564e+01
-16.3  39  1.213199e+01
-16.7  39  7.417815e+00
-17  39  5.443694e+00
-17.3  39  4.036643e+00
-17.7  39  2.116340e+00
-18  39  7.168328e-01
-1.830000e+01  3.900000e+01  0.0
-1.870000e+01  3.900000e+01  0.0
-1.900000e+01  3.900000e+01  0.0
-1.930000e+01  3.900000e+01  0.0
-1.970000e+01  3.900000e+01  0.0
-2.000000e+01  3.900000e+01  0.0
-2.030000e+01  3.900000e+01  0.0
-2.070000e+01  3.900000e+01  0.0
-2.100000e+01  3.900000e+01  0.0
-2.130000e+01  3.900000e+01  0.0
-2.170000e+01  3.900000e+01  0.0
-2.200000e+01  3.900000e+01  0.0
-13.3  48  1.635169e-01
-13.7  48  2.874276e-01
-14  48  8.386139e-01
-14.3  48  5.747693e+00
-14.7  48  2.803175e+00
-15  48  8.916268e+00
-15.3  48  8.789854e+00
-15.7  48  9.746000e+00
-16  48  8.659006e+00
-16.3  48  7.463850e+00
-16.7  48  4.461062e+00
-17  48  3.265396e+00
-17.3  48  2.263570e+00
-17.7  48  6.956473e-01
-1.800000e+01  4.800000e+01  0.0
-1.830000e+01  4.800000e+01  0.0
-1.870000e+01  4.800000e+01  0.0
-1.900000e+01  4.800000e+01  0.0
-1.930000e+01  4.800000e+01  0.0
-1.970000e+01  4.800000e+01  0.0
-2.000000e+01  4.800000e+01  0.0
-2.030000e+01  4.800000e+01  0.0
-2.070000e+01  4.800000e+01  0.0
-2.100000e+01  4.800000e+01  0.0
-2.130000e+01  4.800000e+01  0.0
-2.170000e+01  4.800000e+01  0.0
-2.200000e+01  4.800000e+01  0.0
-13.3  58  9.262471e-02
-13.7  58  3.365014e-01
-14  58  1.348983e+00
-14.3  58  2.486855e+00
-14.7  58  2.279499e+00
-15  58  3.765163e+00
-15.3  58  6.612473e+00
-15.7  58  5.637293e+00
-16  58  4.667209e+00
-16.3  58  3.620942e+00
-16.7  58  2.290402e+00
-17  58  1.592805e+00
-17.3  58  6.651548e-01
-1.770000e+01  5.800000e+01  0.0
-1.800000e+01  5.800000e+01  0.0
-1.830000e+01  5.800000e+01  0.0
-1.870000e+01  5.800000e+01  0.0
-1.900000e+01  5.800000e+01  0.0
-1.930000e+01  5.800000e+01  0.0
-1.970000e+01  5.800000e+01  0.0
-2.000000e+01  5.800000e+01  0.0
-2.030000e+01  5.800000e+01  0.0
-2.070000e+01  5.800000e+01  0.0
-2.100000e+01  5.800000e+01  0.0
-2.130000e+01  5.800000e+01  0.0
-2.170000e+01  5.800000e+01  0.0
-2.200000e+01  5.800000e+01  0.0
-13.3  88  5.555262e-02
-13.7  88  7.526560e-02
-14  88  1.199411e-01
-14.3  88  2.987567e-01
-14.7  88  4.012000e-01
-15  88  4.927287e-01
-15.3  88  5.558750e-01
-15.7  88  3.527655e-01
-16  88  3.611628e-01
-16.3  88  3.212411e-01
-16.7  88  1.460377e-01
-17  88  3.926758e-02
-1.730000e+01  8.800000e+01  0.0
-1.770000e+01  8.800000e+01  0.0
-1.800000e+01  8.800000e+01  0.0
-1.830000e+01  8.800000e+01  0.0
-1.870000e+01  8.800000e+01  0.0
-1.900000e+01  8.800000e+01  0.0
-1.930000e+01  8.800000e+01  0.0
-1.970000e+01  8.800000e+01  0.0
-2.000000e+01  8.800000e+01  0.0
-2.030000e+01  8.800000e+01  0.0
-2.070000e+01  8.800000e+01  0.0
-2.100000e+01  8.800000e+01  0.0
-2.130000e+01  8.800000e+01  0.0
-2.170000e+01  8.800000e+01  0.0
-2.200000e+01  8.800000e+01  0.0
-13.3  108  0.000000e+00
-13.7  108  0.000000e+00
-14  108  0.000000e+00
-14.3  108  0.000000e+00
-14.7  108  0.000000e+00
-15  108  0.000000e+00
-15.3  108  0.000000e+00
-15.7  108  0.000000e+00
-16  108  0.000000e+00
-16.3  108  0.000000e+00
-16.7  108  0.000000e+00
-1.700000e+01  1.080000e+02  0.0
-1.730000e+01  1.080000e+02  0.0
-1.770000e+01  1.080000e+02  0.0
-1.800000e+01  1.080000e+02  0.0
-1.830000e+01  1.080000e+02  0.0
-1.870000e+01  1.080000e+02  0.0
-1.900000e+01  1.080000e+02  0.0
-1.930000e+01  1.080000e+02  0.0
-1.970000e+01  1.080000e+02  0.0
-2.000000e+01  1.080000e+02  0.0
-2.030000e+01  1.080000e+02  0.0
-2.070000e+01  1.080000e+02  0.0
-2.100000e+01  1.080000e+02  0.0
-2.130000e+01  1.080000e+02  0.0
-2.170000e+01  1.080000e+02  0.0
-2.200000e+01  1.080000e+02  0.0
-13.3  132  0.000000e+00
-13.7  132  0.000000e+00
-14  132  0.000000e+00
-14.3  132  0.000000e+00
-14.7  132  0.000000e+00
-15  132  0.000000e+00
-15.3  132  0.000000e+00
-15.7  132  0.000000e+00
-16  132  0.000000e+00
-16.3  132  0.000000e+00
-1.670000e+01  1.320000e+02  0.0
-1.700000e+01  1.320000e+02  0.0
-1.730000e+01  1.320000e+02  0.0
-1.770000e+01  1.320000e+02  0.0
-1.800000e+01  1.320000e+02  0.0
-1.830000e+01  1.320000e+02  0.0
-1.870000e+01  1.320000e+02  0.0
-1.900000e+01  1.320000e+02  0.0
-1.930000e+01  1.320000e+02  0.0
-1.970000e+01  1.320000e+02  0.0
-2.000000e+01  1.320000e+02  0.0
-2.030000e+01  1.320000e+02  0.0
-2.070000e+01  1.320000e+02  0.0
-2.100000e+01  1.320000e+02  0.0
-2.130000e+01  1.320000e+02  0.0
-2.170000e+01  1.320000e+02  0.0
-2.200000e+01  1.320000e+02  0.0
-13.3  162  0.000000e+00
-13.7  162  0.000000e+00
-14  162  0.000000e+00
-14.3  162  0.000000e+00
-14.7  162  0.000000e+00
-15  162  0.000000e+00
-15.3  162  0.000000e+00
-15.7  162  0.000000e+00
-16  162  0.000000e+00
-1.630000e+01  1.620000e+02  0.0
-1.670000e+01  1.620000e+02  0.0
-1.700000e+01  1.620000e+02  0.0
-1.730000e+01  1.620000e+02  0.0
-1.770000e+01  1.620000e+02  0.0
-1.800000e+01  1.620000e+02  0.0
-1.830000e+01  1.620000e+02  0.0
-1.870000e+01  1.620000e+02  0.0
-1.900000e+01  1.620000e+02  0.0
-1.930000e+01  1.620000e+02  0.0
-1.970000e+01  1.620000e+02  0.0
-2.000000e+01  1.620000e+02  0.0
-2.030000e+01  1.620000e+02  0.0
-2.070000e+01  1.620000e+02  0.0
-2.100000e+01  1.620000e+02  0.0
-2.130000e+01  1.620000e+02  0.0
-2.170000e+01  1.620000e+02  0.0
-2.200000e+01  1.620000e+02  0.0
-13.3  199  0.000000e+00
-13.7  199  0.000000e+00
-14  199  0.000000e+00
-14.3  199  0.000000e+00
-14.7  199  0.000000e+00
-15  199  0.000000e+00
-15.3  199  0.000000e+00
-15.7  199  0.000000e+00
-1.600000e+01  1.990000e+02  0.0
-1.630000e+01  1.990000e+02  0.0
-1.670000e+01  1.990000e+02  0.0
-1.700000e+01  1.990000e+02  0.0
-1.730000e+01  1.990000e+02  0.0
-1.770000e+01  1.990000e+02  0.0
-1.800000e+01  1.990000e+02  0.0
-1.830000e+01  1.990000e+02  0.0
-1.870000e+01  1.990000e+02  0.0
-1.900000e+01  1.990000e+02  0.0
-1.930000e+01  1.990000e+02  0.0
-1.970000e+01  1.990000e+02  0.0
-2.000000e+01  1.990000e+02  0.0
-2.030000e+01  1.990000e+02  0.0
-2.070000e+01  1.990000e+02  0.0
-2.100000e+01  1.990000e+02  0.0
-2.130000e+01  1.990000e+02  0.0
-2.170000e+01  1.990000e+02  0.0
-2.200000e+01  1.990000e+02  0.0
-13.3  244  0.000000e+00
-13.7  244  0.000000e+00
-14  244  0.000000e+00
-14.3  244  0.000000e+00
-14.7  244  0.000000e+00
-15  244  0.000000e+00
-15.3  244  0.000000e+00
-15.7  244  0.000000e+00
-1.600000e+01  2.440000e+02  0.0
-1.630000e+01  2.440000e+02  0.0
-1.670000e+01  2.440000e+02  0.0
-1.700000e+01  2.440000e+02  0.0
-1.730000e+01  2.440000e+02  0.0
-1.770000e+01  2.440000e+02  0.0
-1.800000e+01  2.440000e+02  0.0
-1.830000e+01  2.440000e+02  0.0
-1.870000e+01  2.440000e+02  0.0
-1.900000e+01  2.440000e+02  0.0
-1.930000e+01  2.440000e+02  0.0
-1.970000e+01  2.440000e+02  0.0
-2.000000e+01  2.440000e+02  0.0
-2.030000e+01  2.440000e+02  0.0
-2.070000e+01  2.440000e+02  0.0
-2.100000e+01  2.440000e+02  0.0
-2.130000e+01  2.440000e+02  0.0
-2.170000e+01  2.440000e+02  0.0
-2.200000e+01  2.440000e+02  0.0
-13.3  300  0.000000e+00
-13.7  300  0.000000e+00
-14  300  0.000000e+00
-14.3  300  0.000000e+00
-14.7  300  0.000000e+00
-15  300  0.000000e+00
-15.3  300  0.000000e+00
-1.570000e+01  3.000000e+02  0.0
-1.600000e+01  3.000000e+02  0.0
-1.630000e+01  3.000000e+02  0.0
-1.670000e+01  3.000000e+02  0.0
-1.700000e+01  3.000000e+02  0.0
-1.730000e+01  3.000000e+02  0.0
-1.770000e+01  3.000000e+02  0.0
-1.800000e+01  3.000000e+02  0.0
-1.830000e+01  3.000000e+02  0.0
-1.870000e+01  3.000000e+02  0.0
-1.900000e+01  3.000000e+02  0.0
-1.930000e+01  3.000000e+02  0.0
-1.970000e+01  3.000000e+02  0.0
-2.000000e+01  3.000000e+02  0.0
-2.030000e+01  3.000000e+02  0.0
-2.070000e+01  3.000000e+02  0.0
-2.100000e+01  3.000000e+02  0.0
-2.130000e+01  3.000000e+02  0.0
-2.170000e+01  3.000000e+02  0.0
-2.200000e+01  3.000000e+02  0.0
