# log10(y)    mass[MeV]    Nhits
-13.3  5  1.404728e-18
-13.7  5  3.944979e-14
-14  5  1.754042e-10
-14.3  5  1.338974e-07
-14.7  5  2.151333e-05
-15  5  1.246081e-03
-15.3  5  3.032825e-02
-15.7  5  2.766375e-01
-16  5  1.365599e+00
-16.3  5  5.750443e+00
-16.7  5  8.484561e+00
-17  5  1.532303e+01
-17.3  5  1.610959e+01
-17.7  5  2.322867e+01
-18  5  2.308584e+01
-18.3  5  1.907271e+01
-18.7  5  1.228288e+01
-19  5  8.458218e+00
-19.3  5  5.393617e+00
-19.7  5  2.426149e+00
-20  5  1.428312e+00
-20.3  5  8.136985e-01
-20.7  5  3.981606e-01
-21  5  2.232567e-01
-21.3  5  7.535244e-02
-21.7  5  1.150690e-02
-2.200000e+01  5.000000e+00  0.0
-13.3  6  1.987640e-14
-13.7  6  1.187650e-10
-14  6  7.798546e-08
-14.3  6  2.469679e-05
-14.7  6  1.333700e-03
-15  6  2.264925e-02
-15.3  6  2.503941e-01
-15.7  6  9.521189e-01
-16  6  3.464100e+00
-16.3  6  8.157878e+00
-16.7  6  1.294604e+01
-17  6  1.548287e+01
-17.3  6  3.726867e+01
-17.7  6  3.707994e+01
-18  6  3.533579e+01
-18.3  6  2.582345e+01
-18.7  6  1.572500e+01
-19  6  1.064000e+01
-19.3  6  6.454119e+00
-19.7  6  2.755946e+00
-20  6  1.725674e+00
-20.3  6  1.201935e+00
-20.7  6  5.391123e-01
-21  6  1.730992e-01
-21.3  6  3.536459e-02
-2.170000e+01  6.000000e+00  0.0
-2.200000e+01  6.000000e+00  0.0
-13.3  8  8.715285e-11
-13.7  8  5.237435e-08
-14  8  7.270584e-06
-14.3  8  5.216813e-04
-14.7  8  9.958689e-03
-15  8  1.401684e-01
-15.3  8  7.704883e-01
-15.7  8  2.228932e+00
-16  8  5.036634e+00
-16.3  8  9.098929e+00
-16.7  8  8.868363e+00
-17  8  2.064228e+01
-17.3  8  3.198647e+01
-17.7  8  3.435269e+01
-18  8  3.000633e+01
-18.3  8  2.545446e+01
-18.7  8  1.436153e+01
-19  8  9.531035e+00
-19.3  8  5.902074e+00
-19.7  8  2.869870e+00
-20  8  2.238823e+00
-20.3  8  1.303904e+00
-20.7  8  3.476067e-01
-21  8  7.233191e-02
-2.130000e+01  8.000000e+00  0.0
-2.170000e+01  8.000000e+00  0.0
-2.200000e+01  8.000000e+00  0.0
-13.3  9  1.230760e-08
-13.7  9  2.879781e-06
-14  9  1.966260e-04
-14.3  9  7.165864e-03
-14.7  9  7.137001e-02
-15  9  5.940211e-01
-15.3  9  2.883988e+00
-15.7  9  5.577206e+00
-16  9  9.104725e+00
-16.3  9  1.061111e+01
-16.7  9  1.895844e+01
-17  9  3.683861e+01
-17.3  9  4.351911e+01
-17.7  9  3.842648e+01
-18  9  3.552837e+01
-18.3  9  2.733761e+01
-18.7  9  1.492037e+01
-19  9  9.748917e+00
-19.3  9  6.474720e+00
-19.7  9  3.847119e+00
-20  9  2.142008e+00
-20.3  9  7.209740e-01
-20.7  9  1.256237e-01
-2.100000e+01  9.000000e+00  0.0
-2.130000e+01  9.000000e+00  0.0
-2.170000e+01  9.000000e+00  0.0
-2.200000e+01  9.000000e+00  0.0
-13.3  11  1.335969e-06
-13.7  11  8.625482e-05
-14  11  2.820591e-03
-14.3  11  3.661812e-02
-14.7  11  3.180701e-01
-15  11  2.158033e+00
-15.3  11  6.552757e+00
-15.7  11  8.645166e+00
-16  11  9.703397e+00
-16.3  11  1.938894e+01
-16.7  11  2.030411e+01
-17  11  3.425961e+01
-17.3  11  3.591659e+01
-17.7  11  3.028917e+01
-18  11  2.710738e+01
-18.3  11  2.058791e+01
-18.7  11  1.301960e+01
-19  11  9.218075e+00
-19.3  11  6.087234e+00
-19.7  11  2.951449e+00
-20  11  9.461646e-01
-20.3  11  2.265235e-01
-2.070000e+01  1.100000e+01  0.0
-2.100000e+01  1.100000e+01  0.0
-2.130000e+01  1.100000e+01  0.0
-2.170000e+01  1.100000e+01  0.0
-2.200000e+01  1.100000e+01  0.0
-13.3  14  1.130038e-04
-13.7  14  2.517219e-03
-14  14  2.423828e-02
-14.3  14  2.075032e-01
-14.7  14  1.572677e+00
-15  14  4.776336e+00
-15.3  14  1.153948e+01
-15.7  14  8.379119e+00
-16  14  1.878496e+01
-16.3  14  2.507417e+01
-16.7  14  2.823439e+01
-17  14  2.585859e+01
-17.3  14  2.959734e+01
-17.7  14  1.995269e+01
-18  14  1.547660e+01
-18.3  14  1.310104e+01
-18.7  14  7.468373e+00
-19  14  5.629228e+00
-19.3  14  3.287113e+00
-19.7  14  9.152666e-01
-20  14  2.213058e-01
-2.030000e+01  1.400000e+01  0.0
-2.070000e+01  1.400000e+01  0.0
-2.100000e+01  1.400000e+01  0.0
-2.130000e+01  1.400000e+01  0.0
-2.170000e+01  1.400000e+01  0.0
-2.200000e+01  1.400000e+01  0.0
-13.3  17  8.155984e-04
-13.7  17  1.069048e-02
-14  17  1.242490e-01
-14.3  17  6.455929e-01
-14.7  17  2.139497e+00
-15  17  7.725807e+00
-15.3  17  1.370682e+01
-15.7  17  1.516762e+01
-16  17  2.188603e+01
-16.3  17  3.377919e+01
-16.7  17  2.761238e+01
-17  17  2.559824e+01
-17.3  17  2.171001e+01
-17.7  17  1.293369e+01
-18  17  9.378225e+00
-18.3  17  6.618269e+00
-18.7  17  4.162260e+00
-19  17  2.577977e+00
-19.3  17  8.022209e-01
-19.7  17  1.559048e-01
-2.000000e+01  1.700000e+01  0.0
-2.030000e+01  1.700000e+01  0.0
-2.070000e+01  1.700000e+01  0.0
-2.100000e+01  1.700000e+01  0.0
-2.130000e+01  1.700000e+01  0.0
-2.170000e+01  1.700000e+01  0.0
-2.200000e+01  1.700000e+01  0.0
-13.3  21  5.401362e-03
-13.7  21  3.287824e-02
-14  21  1.933129e-01
-14.3  21  8.295234e-01
-14.7  21  1.635398e+00
-15  21  8.034965e+00
-15.3  21  1.610833e+01
-15.7  21  1.971459e+01
-16  21  2.803317e+01
-16.3  21  2.619274e+01
-16.7  21  2.214003e+01
-17  21  1.916949e+01
-17.3  21  1.416158e+01
-17.7  21  7.948654e+00
-18  21  5.947475e+00
-18.3  21  4.867060e+00
-18.7  21  2.414796e+00
-19  21  7.919293e-01
-19.3  21  1.824284e-01
-1.970000e+01  2.100000e+01  0.0
-2.000000e+01  2.100000e+01  0.0
-2.030000e+01  2.100000e+01  0.0
-2.070000e+01  2.100000e+01  0.0
-2.100000e+01  2.100000e+01  0.0
-2.130000e+01  2.100000e+01  0.0
-2.170000e+01  2.100000e+01  0.0
-2.200000e+01  2.100000e+01  0.0
-13.3  26  2.434050e-02
-13.7  26  8.634369e-02
-14  26  3.689357e-01
-14.3  26  2.492200e+00
-14.7  26  4.016389e+00
-15  26  7.009779e+00
-15.3  26  1.860609e+01
-15.7  26  1.928405e+01
-16  26  2.552503e+01
-16.3  26  2.374132e+01
-16.7  26  1.814455e+01
-17  26  1.407139e+01
-17.3  26  9.356118e+00
-17.7  26  5.505126e+00
-18  26  4.580672e+00
-18.3  26  2.686805e+00
-18.7  26  7.609306e-01
-19  26  1.709323e-01
-1.930000e+01  2.600000e+01  0.0
-1.970000e+01  2.600000e+01  0.0
-2.000000e+01  2.600000e+01  0.0
-2.030000e+01  2.600000e+01  0.0
-2.070000e+01  2.600000e+01  0.0
-2.100000e+01  2.600000e+01  0.0
-2.130000e+01  2.600000e+01  0.0
-2.170000e+01  2.600000e+01  0.0
-2.200000e+01  2.600000e+01  0.0
-13.3  32  5.524871e-02
-13.7  32  9.179595e-02
-14  32  1.053522e+00
-14.3  32  1.567528e+00
-14.7  32  4.660356e+00
-15  32  6.850342e+00
-15.3  32  1.866274e+01
-15.7  32  1.518858e+01
-16  32  1.917079e+01
-16.3  32  1.863165e+01
-16.7  32  1.170312e+01
-17  32  9.173386e+00
-17.3  32  6.949049e+00
-17.7  32  4.027039e+00
-18  32  2.460806e+00
-18.3  32  8.799971e-01
-18.7  32  1.579433e-01
-1.900000e+01  3.200000e+01  0.0
-1.930000e+01  3.200000e+01  0.0
-1.970000e+01  3.200000e+01  0.0
-2.000000e+01  3.200000e+01  0.0
-2.030000e+01  3.200000e+01  0.0
-2.070000e+01  3.200000e+01  0.0
-2.100000e+01  3.200000e+01  0.0
-2.130000e+01  3.200000e+01  0.0
-2.170000e+01  3.200000e+01  0.0
-2.200000e+01  3.200000e+01  0.0
-13.3  39  8.442447e-02
-13.7  39  6.389516e-01
-14  39  1.508653e+00
-14.3  39  3.027421e+00
-14.7  39  5.529771e+00
-15  39  8.449467e+00
-15.3  39  1.706360e+01
-15.7  39  1.433903e+01
-16  39  1.530907e+01
-16.3  39  1.241596e+01
-16.7  39  7.665312e+00
-17  39  5.681211e+00
-17.3  39  4.228586e+00
-17.7  39  2.230877e+00
-18  39  7.632449e-01
-1.830000e+01  3.900000e+01  0.0
-1.870000e+01  3.900000e+01  0.0
-1.900000e+01  3.900000e+01  0.0
-1.930000e+01  3.900000e+01  0.0
-1.970000e+01  3.900000e+01  0.0
-2.000000e+01  3.900000e+01  0.0
-2.030000e+01  3.900000e+01  0.0
-2.070000e+01  3.900000e+01  0.0
-2.100000e+01  3.900000e+01  0.0
-2.130000e+01  3.900000e+01  0.0
-2.170000e+01  3.900000e+01  0.0
-2.200000e+01  3.900000e+01  0.0
-13.3  48  2.029236e-01
-13.7  48  3.438831e-01
-14  48  9.434825e-01
-14.3  48  6.058781e+00
-14.7  48  2.857664e+00
-15  48  8.875204e+00
-15.3  48  8.617040e+00
-15.7  48  9.432744e+00
-16  48  8.280697e+00
-16.3  48  7.052712e+00
-16.7  48  4.170751e+00
-17  48  3.042562e+00
-17.3  48  2.095065e+00
-17.7  48  6.368974e-01
-1.800000e+01  4.800000e+01  0.0
-1.830000e+01  4.800000e+01  0.0
-1.870000e+01  4.800000e+01  0.0
-1.900000e+01  4.800000e+01  0.0
-1.930000e+01  4.800000e+01  0.0
-1.970000e+01  4.800000e+01  0.0
-2.000000e+01  4.800000e+01  0.0
-2.030000e+01  4.800000e+01  0.0
-2.070000e+01  4.800000e+01  0.0
-2.100000e+01  4.800000e+01  0.0
-2.130000e+01  4.800000e+01  0.0
-2.170000e+01  4.800000e+01  0.0
-2.200000e+01  4.800000e+01  0.0
-13.3  58  1.201045e-01
-13.7  58  4.202315e-01
-14  58  1.577499e+00
-14.3  58  2.757298e+00
-14.7  58  2.426938e+00
-15  58  3.898276e+00
-15.3  58  6.701560e+00
-15.7  58  5.626866e+00
-16  58  4.612030e+00
-16.3  58  3.556985e+00
-16.7  58  2.249547e+00
-17  58  1.564316e+00
-17.3  58  6.536206e-01
-1.770000e+01  5.800000e+01  0.0
-1.800000e+01  5.800000e+01  0.0
-1.830000e+01  5.800000e+01  0.0
-1.870000e+01  5.800000e+01  0.0
-1.900000e+01  5.800000e+01  0.0
-1.930000e+01  5.800000e+01  0.0
-1.970000e+01  5.800000e+01  0.0
-2.000000e+01  5.800000e+01  0.0
-2.030000e+01  5.800000e+01  0.0
-2.070000e+01  5.800000e+01  0.0
-2.100000e+01  5.800000e+01  0.0
-2.130000e+01  5.800000e+01  0.0
-2.170000e+01  5.800000e+01  0.0
-2.200000e+01  5.800000e+01  0.0
-13.3  88  7.140135e-02
-13.7  88  9.714537e-02
-14  88  1.550036e-01
-14.3  88  3.861846e-01
-14.7  88  5.185562e-01
-15  88  6.366953e-01
-15.3  88  7.180444e-01
-15.7  88  4.555060e-01
-16  88  4.661674e-01
-16.3  88  4.145737e-01
-16.7  88  1.884297e-01
-17  88  5.065083e-02
-1.730000e+01  8.800000e+01  0.0
-1.770000e+01  8.800000e+01  0.0
-1.800000e+01  8.800000e+01  0.0
-1.830000e+01  8.800000e+01  0.0
-1.870000e+01  8.800000e+01  0.0
-1.900000e+01  8.800000e+01  0.0
-1.930000e+01  8.800000e+01  0.0
-1.970000e+01  8.800000e+01  0.0
-2.000000e+01  8.800000e+01  0.0
-2.030000e+01  8.800000e+01  0.0
-2.070000e+01  8.800000e+01  0.0
-2.100000e+01  8.800000e+01  0.0
-2.130000e+01  8.800000e+01  0.0
-2.170000e+01  8.800000e+01  0.0
-2.200000e+01  8.800000e+01  0.0
-13.3  108  0.000000e+00
-13.7  108  0.000000e+00
-14  108  0.000000e+00
-14.3  108  0.000000e+00
-14.7  108  0.000000e+00
-15  108  0.000000e+00
-15.3  108  0.000000e+00
-15.7  108  0.000000e+00
-16  108  0.000000e+00
-16.3  108  0.000000e+00
-16.7  108  0.000000e+00
-1.700000e+01  1.080000e+02  0.0
-1.730000e+01  1.080000e+02  0.0
-1.770000e+01  1.080000e+02  0.0
-1.800000e+01  1.080000e+02  0.0
-1.830000e+01  1.080000e+02  0.0
-1.870000e+01  1.080000e+02  0.0
-1.900000e+01  1.080000e+02  0.0
-1.930000e+01  1.080000e+02  0.0
-1.970000e+01  1.080000e+02  0.0
-2.000000e+01  1.080000e+02  0.0
-2.030000e+01  1.080000e+02  0.0
-2.070000e+01  1.080000e+02  0.0
-2.100000e+01  1.080000e+02  0.0
-2.130000e+01  1.080000e+02  0.0
-2.170000e+01  1.080000e+02  0.0
-2.200000e+01  1.080000e+02  0.0
-13.3  132  0.000000e+00
-13.7  132  0.000000e+00
-14  132  0.000000e+00
-14.3  132  0.000000e+00
-14.7  132  0.000000e+00
-15  132  0.000000e+00
-15.3  132  0.000000e+00
-15.7  132  0.000000e+00
-16  132  0.000000e+00
-16.3  132  0.000000e+00
-1.670000e+01  1.320000e+02  0.0
-1.700000e+01  1.320000e+02  0.0
-1.730000e+01  1.320000e+02  0.0
-1.770000e+01  1.320000e+02  0.0
-1.800000e+01  1.320000e+02  0.0
-1.830000e+01  1.320000e+02  0.0
-1.870000e+01  1.320000e+02  0.0
-1.900000e+01  1.320000e+02  0.0
-1.930000e+01  1.320000e+02  0.0
-1.970000e+01  1.320000e+02  0.0
-2.000000e+01  1.320000e+02  0.0
-2.030000e+01  1.320000e+02  0.0
-2.070000e+01  1.320000e+02  0.0
-2.100000e+01  1.320000e+02  0.0
-2.130000e+01  1.320000e+02  0.0
-2.170000e+01  1.320000e+02  0.0
-2.200000e+01  1.320000e+02  0.0
-13.3  162  0.000000e+00
-13.7  162  0.000000e+00
-14  162  0.000000e+00
-14.3  162  0.000000e+00
-14.7  162  0.000000e+00
-15  162  0.000000e+00
-15.3  162  0.000000e+00
-15.7  162  0.000000e+00
-16  162  0.000000e+00
-1.630000e+01  1.620000e+02  0.0
-1.670000e+01  1.620000e+02  0.0
-1.700000e+01  1.620000e+02  0.0
-1.730000e+01  1.620000e+02  0.0
-1.770000e+01  1.620000e+02  0.0
-1.800000e+01  1.620000e+02  0.0
-1.830000e+01  1.620000e+02  0.0
-1.870000e+01  1.620000e+02  0.0
-1.900000e+01  1.620000e+02  0.0
-1.930000e+01  1.620000e+02  0.0
-1.970000e+01  1.620000e+02  0.0
-2.000000e+01  1.620000e+02  0.0
-2.030000e+01  1.620000e+02  0.0
-2.070000e+01  1.620000e+02  0.0
-2.100000e+01  1.620000e+02  0.0
-2.130000e+01  1.620000e+02  0.0
-2.170000e+01  1.620000e+02  0.0
-2.200000e+01  1.620000e+02  0.0
-13.3  199  0.000000e+00
-13.7  199  0.000000e+00
-14  199  0.000000e+00
-14.3  199  0.000000e+00
-14.7  199  0.000000e+00
-15  199  0.000000e+00
-15.3  199  0.000000e+00
-15.7  199  0.000000e+00
-1.600000e+01  1.990000e+02  0.0
-1.630000e+01  1.990000e+02  0.0
-1.670000e+01  1.990000e+02  0.0
-1.700000e+01  1.990000e+02  0.0
-1.730000e+01  1.990000e+02  0.0
-1.770000e+01  1.990000e+02  0.0
-1.800000e+01  1.990000e+02  0.0
-1.830000e+01  1.990000e+02  0.0
-1.870000e+01  1.990000e+02  0.0
-1.900000e+01  1.990000e+02  0.0
-1.930000e+01  1.990000e+02  0.0
-1.970000e+01  1.990000e+02  0.0
-2.000000e+01  1.990000e+02  0.0
-2.030000e+01  1.990000e+02  0.0
-2.070000e+01  1.990000e+02  0.0
-2.100000e+01  1.990000e+02  0.0
-2.130000e+01  1.990000e+02  0.0
-2.170000e+01  1.990000e+02  0.0
-2.200000e+01  1.990000e+02  0.0
-13.3  244  0.000000e+00
-13.7  244  0.000000e+00
-14  244  0.000000e+00
-14.3  244  0.000000e+00
-14.7  244  0.000000e+00
-15  244  0.000000e+00
-15.3  244  0.000000e+00
-15.7  244  0.000000e+00
-1.600000e+01  2.440000e+02  0.0
-1.630000e+01  2.440000e+02  0.0
-1.670000e+01  2.440000e+02  0.0
-1.700000e+01  2.440000e+02  0.0
-1.730000e+01  2.440000e+02  0.0
-1.770000e+01  2.440000e+02  0.0
-1.800000e+01  2.440000e+02  0.0
-1.830000e+01  2.440000e+02  0.0
-1.870000e+01  2.440000e+02  0.0
-1.900000e+01  2.440000e+02  0.0
-1.930000e+01  2.440000e+02  0.0
-1.970000e+01  2.440000e+02  0.0
-2.000000e+01  2.440000e+02  0.0
-2.030000e+01  2.440000e+02  0.0
-2.070000e+01  2.440000e+02  0.0
-2.100000e+01  2.440000e+02  0.0
-2.130000e+01  2.440000e+02  0.0
-2.170000e+01  2.440000e+02  0.0
-2.200000e+01  2.440000e+02  0.0
-13.3  300  0.000000e+00
-13.7  300  0.000000e+00
-14  300  0.000000e+00
-14.3  300  0.000000e+00
-14.7  300  0.000000e+00
-15  300  0.000000e+00
-15.3  300  0.000000e+00
-1.570000e+01  3.000000e+02  0.0
-1.600000e+01  3.000000e+02  0.0
-1.630000e+01  3.000000e+02  0.0
-1.670000e+01  3.000000e+02  0.0
-1.700000e+01  3.000000e+02  0.0
-1.730000e+01  3.000000e+02  0.0
-1.770000e+01  3.000000e+02  0.0
-1.800000e+01  3.000000e+02  0.0
-1.830000e+01  3.000000e+02  0.0
-1.870000e+01  3.000000e+02  0.0
-1.900000e+01  3.000000e+02  0.0
-1.930000e+01  3.000000e+02  0.0
-1.970000e+01  3.000000e+02  0.0
-2.000000e+01  3.000000e+02  0.0
-2.030000e+01  3.000000e+02  0.0
-2.070000e+01  3.000000e+02  0.0
-2.100000e+01  3.000000e+02  0.0
-2.130000e+01  3.000000e+02  0.0
-2.170000e+01  3.000000e+02  0.0
-2.200000e+01  3.000000e+02  0.0
