# log10(y)    mass[MeV]    Nhits
-13.3  5  2.668663e-16
-13.7  5  6.158075e-12
-14  5  2.180546e-08
-14.3  5  1.184457e-05
-14.7  5  1.119193e-03
-15  5  3.225599e-02
-15.3  5  3.575694e-01
-15.7  5  1.459350e+00
-16  5  3.372800e+00
-16.3  5  7.350890e+00
-16.7  5  6.265917e+00
-17  5  7.588246e+00
-17.3  5  6.667029e+00
-17.7  5  6.628051e+00
-18  5  7.350894e+00
-18.3  5  9.547053e+00
-18.7  5  1.181079e+01
-19  5  1.608813e+01
-19.3  5  1.750051e+01
-19.7  5  1.281367e+01
-20  5  1.171357e+01
-20.3  5  1.066132e+01
-20.7  5  6.656543e+00
-21  5  4.241703e+00
-21.3  5  1.800070e+00
-21.7  5  3.731679e-01
-2.200000e+01  5.000000e+00  0.0
-13.3  6  6.752261e-15
-13.7  6  1.082554e-10
-14  6  1.854297e-07
-14.3  6  1.222730e-04
-14.7  6  1.053679e-02
-15  6  2.306225e-01
-15.3  6  2.645658e+00
-15.7  6  8.326556e+00
-16  6  2.107755e+01
-16.3  6  3.151490e+01
-16.7  6  3.252354e+01
-17  6  3.203424e+01
-17.3  6  4.271140e+01
-17.7  6  3.078881e+01
-18  6  2.344231e+01
-18.3  6  1.504645e+01
-18.7  6  9.484306e+00
-19  6  7.690457e+00
-19.3  6  6.239629e+00
-19.7  6  4.060908e+00
-20  6  3.652259e+00
-20.3  6  3.244183e+00
-20.7  6  1.686676e+00
-21  6  6.885567e-01
-21.3  6  1.952217e-01
-2.170000e+01  6.000000e+00  0.0
-2.200000e+01  6.000000e+00  0.0
-13.3  8  4.128328e-11
-13.7  8  2.126452e-08
-14  8  3.186925e-06
-14.3  8  3.212533e-04
-14.7  8  1.202352e-02
-15  8  3.596873e-01
-15.3  8  3.598660e+00
-15.7  8  1.488409e+01
-16  8  3.877678e+01
-16.3  8  6.719863e+01
-16.7  8  6.090225e+01
-17  8  1.028090e+02
-17.3  8  1.154880e+02
-17.7  8  9.640822e+01
-18  8  6.565795e+01
-18.3  8  4.387204e+01
-18.7  8  2.049519e+01
-19  8  1.138802e+01
-19.3  8  5.787266e+00
-19.7  8  2.419750e+00
-20  8  1.713003e+00
-20.3  8  9.418859e-01
-20.7  8  2.273494e-01
-21  8  4.173469e-02
-2.130000e+01  8.000000e+00  0.0
-2.170000e+01  8.000000e+00  0.0
-2.200000e+01  8.000000e+00  0.0
-13.3  9  9.140106e-09
-13.7  9  1.756769e-06
-14  9  1.015847e-04
-14.3  9  3.833937e-03
-14.7  9  6.030265e-02
-15  9  1.044521e+00
-15.3  9  9.679877e+00
-15.7  9  2.878160e+01
-16  9  5.749552e+01
-16.3  9  6.908974e+01
-16.7  9  1.110575e+02
-17  9  1.730436e+02
-17.3  9  1.660477e+02
-17.7  9  1.172683e+02
-18  9  8.653505e+01
-18.3  9  5.539131e+01
-18.7  9  2.532943e+01
-19  9  1.354263e+01
-19.3  9  7.697951e+00
-19.7  9  4.106304e+00
-20  9  2.151737e+00
-20.3  9  6.564205e-01
-20.7  9  9.925407e-02
-2.100000e+01  9.000000e+00  0.0
-2.130000e+01  9.000000e+00  0.0
-2.170000e+01  9.000000e+00  0.0
-2.200000e+01  9.000000e+00  0.0
-13.3  11  1.384113e-06
-13.7  11  8.218057e-05
-14  11  2.394167e-03
-14.3  11  2.759174e-02
-14.7  11  2.357513e-01
-15  11  2.141894e+00
-15.3  11  1.127177e+01
-15.7  11  2.544139e+01
-16  11  3.500022e+01
-16.3  11  9.607131e+01
-16.7  11  1.073367e+02
-17  11  1.689793e+02
-17.3  11  1.560957e+02
-17.7  11  1.149934e+02
-18  11  8.578684e+01
-18.3  11  5.561166e+01
-18.7  11  2.908045e+01
-19  11  1.765246e+01
-19.3  11  1.044680e+01
-19.7  11  4.757182e+00
-20  11  1.375488e+00
-20.3  11  2.804572e-01
-2.070000e+01  1.100000e+01  0.0
-2.100000e+01  1.100000e+01  0.0
-2.130000e+01  1.100000e+01  0.0
-2.170000e+01  1.100000e+01  0.0
-2.200000e+01  1.100000e+01  0.0
-13.3  14  1.005817e-04
-13.7  14  2.076756e-03
-14  14  1.847110e-02
-14.3  14  1.493599e-01
-14.7  14  1.097308e+00
-15  14  3.538885e+00
-15.3  14  1.151375e+01
-15.7  14  1.068113e+01
-16  14  4.187819e+01
-16.3  14  8.809863e+01
-16.7  14  1.206838e+02
-17  14  1.227371e+02
-17.3  14  1.436629e+02
-17.7  14  9.276499e+01
-18  14  6.698097e+01
-18.3  14  5.063821e+01
-18.7  14  2.594625e+01
-19  14  1.801541e+01
-19.3  14  1.001741e+01
-19.7  14  2.551180e+00
-20  14  5.428241e-01
-2.030000e+01  1.400000e+01  0.0
-2.070000e+01  1.400000e+01  0.0
-2.100000e+01  1.400000e+01  0.0
-2.130000e+01  1.400000e+01  0.0
-2.170000e+01  1.400000e+01  0.0
-2.200000e+01  1.400000e+01  0.0
-13.3  17  8.133927e-04
-13.7  17  9.923042e-03
-14  17  1.072110e-01
-14.3  17  5.212390e-01
-14.7  17  1.634896e+00
-15  17  5.858413e+00
-15.3  17  1.102947e+01
-15.7  17  1.609855e+01
-16  17  3.809580e+01
-16.3  17  8.679101e+01
-16.7  17  9.365917e+01
-17  17  1.072142e+02
-17.3  17  1.052654e+02
-17.7  17  6.783871e+01
-18  17  5.181354e+01
-18.3  17  3.713680e+01
-18.7  17  2.332867e+01
-19  17  1.437760e+01
-19.3  17  4.406670e+00
-19.7  17  8.284005e-01
-2.000000e+01  1.700000e+01  0.0
-2.030000e+01  1.700000e+01  0.0
-2.070000e+01  1.700000e+01  0.0
-2.100000e+01  1.700000e+01  0.0
-2.130000e+01  1.700000e+01  0.0
-2.170000e+01  1.700000e+01  0.0
-2.200000e+01  1.700000e+01  0.0
-13.3  21  5.653355e-03
-13.7  21  3.338024e-02
-14  21  1.868672e-01
-14.3  21  7.553453e-01
-14.7  21  1.396780e+00
-15  21  6.620411e+00
-15.3  21  1.312822e+01
-15.7  21  1.836527e+01
-16  21  3.395109e+01
-16.3  21  4.494524e+01
-16.7  21  4.892523e+01
-17  21  5.576502e+01
-17.3  21  5.179126e+01
-17.7  21  3.393765e+01
-18  21  2.939662e+01
-18.3  21  2.583920e+01
-18.7  21  1.328912e+01
-19  21  4.611105e+00
-19.3  21  1.136103e+00
-1.970000e+01  2.100000e+01  0.0
-2.000000e+01  2.100000e+01  0.0
-2.030000e+01  2.100000e+01  0.0
-2.070000e+01  2.100000e+01  0.0
-2.100000e+01  2.100000e+01  0.0
-2.130000e+01  2.100000e+01  0.0
-2.170000e+01  2.100000e+01  0.0
-2.200000e+01  2.100000e+01  0.0
-13.3  26  2.755168e-02
-13.7  26  9.518547e-02
-14  26  3.913337e-01
-14.3  26  2.502290e+00
-14.7  26  3.834007e+00
-15  26  6.363725e+00
-15.3  26  1.556702e+01
-15.7  26  1.535282e+01
-16  26  1.966236e+01
-16.3  26  1.815488e+01
-16.7  26  1.410182e+01
-17  26  1.128298e+01
-17.3  26  7.926721e+00
-17.7  26  4.992312e+00
-18  26  4.334435e+00
-18.3  26  2.619941e+00
-18.7  26  7.773573e-01
-19  26  1.884717e-01
-1.930000e+01  2.600000e+01  0.0
-1.970000e+01  2.600000e+01  0.0
-2.000000e+01  2.600000e+01  0.0
-2.030000e+01  2.600000e+01  0.0
-2.070000e+01  2.600000e+01  0.0
-2.100000e+01  2.600000e+01  0.0
-2.130000e+01  2.600000e+01  0.0
-2.170000e+01  2.600000e+01  0.0
-2.200000e+01  2.600000e+01  0.0
-13.3  32  6.901778e-02
-13.7  32  1.106716e-01
-14  32  1.218983e+00
-14.3  32  1.735570e+00
-14.7  32  4.988689e+00
-15  32  6.715971e+00
-15.3  32  1.708157e+01
-15.7  32  1.322576e+01
-16  32  1.594787e+01
-16.3  32  1.489747e+01
-16.7  32  9.060732e+00
-17  32  6.929136e+00
-17.3  32  5.170971e+00
-17.7  32  2.968549e+00
-18  32  1.808634e+00
-18.3  32  6.442559e-01
-18.7  32  1.153237e-01
-1.900000e+01  3.200000e+01  0.0
-1.930000e+01  3.200000e+01  0.0
-1.970000e+01  3.200000e+01  0.0
-2.000000e+01  3.200000e+01  0.0
-2.030000e+01  3.200000e+01  0.0
-2.070000e+01  3.200000e+01  0.0
-2.100000e+01  3.200000e+01  0.0
-2.130000e+01  3.200000e+01  0.0
-2.170000e+01  3.200000e+01  0.0
-2.200000e+01  3.200000e+01  0.0
-13.3  39  8.681754e-02
-13.7  39  6.695336e-01
-14  39  1.583619e+00
-14.3  39  3.134165e+00
-14.7  39  5.562036e+00
-15  39  8.208062e+00
-15.3  39  1.594032e+01
-15.7  39  1.295076e+01
-16  39  1.339232e+01
-16.3  39  1.054879e+01
-16.7  39  6.371659e+00
-17  39  4.626587e+00
-17.3  39  3.419431e+00
-17.7  39  1.783619e+00
-18  39  5.998136e-01
-1.830000e+01  3.900000e+01  0.0
-1.870000e+01  3.900000e+01  0.0
-1.900000e+01  3.900000e+01  0.0
-1.930000e+01  3.900000e+01  0.0
-1.970000e+01  3.900000e+01  0.0
-2.000000e+01  3.900000e+01  0.0
-2.030000e+01  3.900000e+01  0.0
-2.070000e+01  3.900000e+01  0.0
-2.100000e+01  3.900000e+01  0.0
-2.130000e+01  3.900000e+01  0.0
-2.170000e+01  3.900000e+01  0.0
-2.200000e+01  3.900000e+01  0.0
-13.3  48  1.910097e-01
-13.7  48  3.310042e-01
-14  48  9.337439e-01
-14.3  48  6.097141e+00
-14.7  48  2.873396e+00
-15  48  8.832351e+00
-15.3  48  8.451196e+00
-15.7  48  9.087653e+00
-16  48  7.825422e+00
-16.3  48  6.537663e+00
-16.7  48  3.804487e+00
-17  48  2.761392e+00
-17.3  48  1.883860e+00
-17.7  48  5.648989e-01
-1.800000e+01  4.800000e+01  0.0
-1.830000e+01  4.800000e+01  0.0
-1.870000e+01  4.800000e+01  0.0
-1.900000e+01  4.800000e+01  0.0
-1.930000e+01  4.800000e+01  0.0
-1.970000e+01  4.800000e+01  0.0
-2.000000e+01  4.800000e+01  0.0
-2.030000e+01  4.800000e+01  0.0
-2.070000e+01  4.800000e+01  0.0
-2.100000e+01  4.800000e+01  0.0
-2.130000e+01  4.800000e+01  0.0
-2.170000e+01  4.800000e+01  0.0
-2.200000e+01  4.800000e+01  0.0
-13.3  58  1.055463e-01
-13.7  58  3.833943e-01
-14  58  1.502623e+00
-14.3  58  2.688386e+00
-14.7  58  2.394884e+00
-15  58  3.864771e+00
-15.3  58  6.646896e+00
-15.7  58  5.565337e+00
-16  58  4.538397e+00
-16.3  58  3.477276e+00
-16.7  58  2.194005e+00
-17  58  1.519504e+00
-17.3  58  6.305935e-01
-1.770000e+01  5.800000e+01  0.0
-1.800000e+01  5.800000e+01  0.0
-1.830000e+01  5.800000e+01  0.0
-1.870000e+01  5.800000e+01  0.0
-1.900000e+01  5.800000e+01  0.0
-1.930000e+01  5.800000e+01  0.0
-1.970000e+01  5.800000e+01  0.0
-2.000000e+01  5.800000e+01  0.0
-2.030000e+01  5.800000e+01  0.0
-2.070000e+01  5.800000e+01  0.0
-2.100000e+01  5.800000e+01  0.0
-2.130000e+01  5.800000e+01  0.0
-2.170000e+01  5.800000e+01  0.0
-2.200000e+01  5.800000e+01  0.0
-13.3  88  5.551639e-02
-13.7  88  7.619130e-02
-14  88  1.223486e-01
-14.3  88  3.061582e-01
-14.7  88  4.124487e-01
-15  88  5.078787e-01
-15.3  88  5.742034e-01
-15.7  88  3.650459e-01
-16  88  3.742874e-01
-16.3  88  3.329869e-01
-16.7  88  1.513870e-01
-17  88  4.071726e-02
-1.730000e+01  8.800000e+01  0.0
-1.770000e+01  8.800000e+01  0.0
-1.800000e+01  8.800000e+01  0.0
-1.830000e+01  8.800000e+01  0.0
-1.870000e+01  8.800000e+01  0.0
-1.900000e+01  8.800000e+01  0.0
-1.930000e+01  8.800000e+01  0.0
-1.970000e+01  8.800000e+01  0.0
-2.000000e+01  8.800000e+01  0.0
-2.030000e+01  8.800000e+01  0.0
-2.070000e+01  8.800000e+01  0.0
-2.100000e+01  8.800000e+01  0.0
-2.130000e+01  8.800000e+01  0.0
-2.170000e+01  8.800000e+01  0.0
-2.200000e+01  8.800000e+01  0.0
-13.3  108  0.000000e+00
-13.7  108  0.000000e+00
-14  108  0.000000e+00
-14.3  108  0.000000e+00
-14.7  108  0.000000e+00
-15  108  0.000000e+00
-15.3  108  0.000000e+00
-15.7  108  0.000000e+00
-16  108  0.000000e+00
-16.3  108  0.000000e+00
-16.7  108  0.000000e+00
-1.700000e+01  1.080000e+02  0.0
-1.730000e+01  1.080000e+02  0.0
-1.770000e+01  1.080000e+02  0.0
-1.800000e+01  1.080000e+02  0.0
-1.830000e+01  1.080000e+02  0.0
-1.870000e+01  1.080000e+02  0.0
-1.900000e+01  1.080000e+02  0.0
-1.930000e+01  1.080000e+02  0.0
-1.970000e+01  1.080000e+02  0.0
-2.000000e+01  1.080000e+02  0.0
-2.030000e+01  1.080000e+02  0.0
-2.070000e+01  1.080000e+02  0.0
-2.100000e+01  1.080000e+02  0.0
-2.130000e+01  1.080000e+02  0.0
-2.170000e+01  1.080000e+02  0.0
-2.200000e+01  1.080000e+02  0.0
-13.3  132  0.000000e+00
-13.7  132  0.000000e+00
-14  132  0.000000e+00
-14.3  132  0.000000e+00
-14.7  132  0.000000e+00
-15  132  0.000000e+00
-15.3  132  0.000000e+00
-15.7  132  0.000000e+00
-16  132  0.000000e+00
-16.3  132  0.000000e+00
-1.670000e+01  1.320000e+02  0.0
-1.700000e+01  1.320000e+02  0.0
-1.730000e+01  1.320000e+02  0.0
-1.770000e+01  1.320000e+02  0.0
-1.800000e+01  1.320000e+02  0.0
-1.830000e+01  1.320000e+02  0.0
-1.870000e+01  1.320000e+02  0.0
-1.900000e+01  1.320000e+02  0.0
-1.930000e+01  1.320000e+02  0.0
-1.970000e+01  1.320000e+02  0.0
-2.000000e+01  1.320000e+02  0.0
-2.030000e+01  1.320000e+02  0.0
-2.070000e+01  1.320000e+02  0.0
-2.100000e+01  1.320000e+02  0.0
-2.130000e+01  1.320000e+02  0.0
-2.170000e+01  1.320000e+02  0.0
-2.200000e+01  1.320000e+02  0.0
-13.3  162  0.000000e+00
-13.7  162  0.000000e+00
-14  162  0.000000e+00
-14.3  162  0.000000e+00
-14.7  162  0.000000e+00
-15  162  0.000000e+00
-15.3  162  0.000000e+00
-15.7  162  0.000000e+00
-16  162  0.000000e+00
-1.630000e+01  1.620000e+02  0.0
-1.670000e+01  1.620000e+02  0.0
-1.700000e+01  1.620000e+02  0.0
-1.730000e+01  1.620000e+02  0.0
-1.770000e+01  1.620000e+02  0.0
-1.800000e+01  1.620000e+02  0.0
-1.830000e+01  1.620000e+02  0.0
-1.870000e+01  1.620000e+02  0.0
-1.900000e+01  1.620000e+02  0.0
-1.930000e+01  1.620000e+02  0.0
-1.970000e+01  1.620000e+02  0.0
-2.000000e+01  1.620000e+02  0.0
-2.030000e+01  1.620000e+02  0.0
-2.070000e+01  1.620000e+02  0.0
-2.100000e+01  1.620000e+02  0.0
-2.130000e+01  1.620000e+02  0.0
-2.170000e+01  1.620000e+02  0.0
-2.200000e+01  1.620000e+02  0.0
-13.3  199  0.000000e+00
-13.7  199  0.000000e+00
-14  199  0.000000e+00
-14.3  199  0.000000e+00
-14.7  199  0.000000e+00
-15  199  0.000000e+00
-15.3  199  0.000000e+00
-15.7  199  0.000000e+00
-1.600000e+01  1.990000e+02  0.0
-1.630000e+01  1.990000e+02  0.0
-1.670000e+01  1.990000e+02  0.0
-1.700000e+01  1.990000e+02  0.0
-1.730000e+01  1.990000e+02  0.0
-1.770000e+01  1.990000e+02  0.0
-1.800000e+01  1.990000e+02  0.0
-1.830000e+01  1.990000e+02  0.0
-1.870000e+01  1.990000e+02  0.0
-1.900000e+01  1.990000e+02  0.0
-1.930000e+01  1.990000e+02  0.0
-1.970000e+01  1.990000e+02  0.0
-2.000000e+01  1.990000e+02  0.0
-2.030000e+01  1.990000e+02  0.0
-2.070000e+01  1.990000e+02  0.0
-2.100000e+01  1.990000e+02  0.0
-2.130000e+01  1.990000e+02  0.0
-2.170000e+01  1.990000e+02  0.0
-2.200000e+01  1.990000e+02  0.0
-13.3  244  0.000000e+00
-13.7  244  0.000000e+00
-14  244  0.000000e+00
-14.3  244  0.000000e+00
-14.7  244  0.000000e+00
-15  244  0.000000e+00
-15.3  244  0.000000e+00
-15.7  244  0.000000e+00
-1.600000e+01  2.440000e+02  0.0
-1.630000e+01  2.440000e+02  0.0
-1.670000e+01  2.440000e+02  0.0
-1.700000e+01  2.440000e+02  0.0
-1.730000e+01  2.440000e+02  0.0
-1.770000e+01  2.440000e+02  0.0
-1.800000e+01  2.440000e+02  0.0
-1.830000e+01  2.440000e+02  0.0
-1.870000e+01  2.440000e+02  0.0
-1.900000e+01  2.440000e+02  0.0
-1.930000e+01  2.440000e+02  0.0
-1.970000e+01  2.440000e+02  0.0
-2.000000e+01  2.440000e+02  0.0
-2.030000e+01  2.440000e+02  0.0
-2.070000e+01  2.440000e+02  0.0
-2.100000e+01  2.440000e+02  0.0
-2.130000e+01  2.440000e+02  0.0
-2.170000e+01  2.440000e+02  0.0
-2.200000e+01  2.440000e+02  0.0
-13.3  300  0.000000e+00
-13.7  300  0.000000e+00
-14  300  0.000000e+00
-14.3  300  0.000000e+00
-14.7  300  0.000000e+00
-15  300  0.000000e+00
-15.3  300  0.000000e+00
-1.570000e+01  3.000000e+02  0.0
-1.600000e+01  3.000000e+02  0.0
-1.630000e+01  3.000000e+02  0.0
-1.670000e+01  3.000000e+02  0.0
-1.700000e+01  3.000000e+02  0.0
-1.730000e+01  3.000000e+02  0.0
-1.770000e+01  3.000000e+02  0.0
-1.800000e+01  3.000000e+02  0.0
-1.830000e+01  3.000000e+02  0.0
-1.870000e+01  3.000000e+02  0.0
-1.900000e+01  3.000000e+02  0.0
-1.930000e+01  3.000000e+02  0.0
-1.970000e+01  3.000000e+02  0.0
-2.000000e+01  3.000000e+02  0.0
-2.030000e+01  3.000000e+02  0.0
-2.070000e+01  3.000000e+02  0.0
-2.100000e+01  3.000000e+02  0.0
-2.130000e+01  3.000000e+02  0.0
-2.170000e+01  3.000000e+02  0.0
-2.200000e+01  3.000000e+02  0.0
