# log10(y)    mass[MeV]    Nhits
-13.3  5  1.931886e-19
-13.7  5  1.318217e-14
-14  5  1.118412e-10
-14.3  5  1.240445e-07
-14.7  5  2.167353e-05
-15  5  1.096939e-03
-15.3  5  2.108027e-02
-15.7  5  1.581859e-01
-16  5  7.674411e-01
-16.3  5  3.807064e+00
-16.7  5  7.176987e+00
-17  5  1.618196e+01
-17.3  5  1.898990e+01
-17.7  5  3.749016e+01
-18  5  4.565751e+01
-18.3  5  4.566624e+01
-18.7  5  3.643200e+01
-19  5  3.175739e+01
-19.3  5  2.493881e+01
-19.7  5  1.386997e+01
-20  5  1.008123e+01
-20.3  5  7.327565e+00
-20.7  5  4.099430e+00
-21  5  2.470357e+00
-21.3  5  9.512910e-01
-21.7  5  1.740972e-01
-2.200000e+01  5.000000e+00  0.0
-13.3  6  1.458166e-14
-13.7  6  7.302248e-11
-14  6  4.057774e-08
-14.3  6  1.141576e-05
-14.7  6  5.988215e-04
-15  6  1.067937e-02
-15.3  6  1.257832e-01
-15.7  6  4.872305e-01
-16  6  1.800044e+00
-16.3  6  4.697391e+00
-16.7  6  8.911051e+00
-17  6  1.175467e+01
-17.3  6  3.945321e+01
-17.7  6  4.796341e+01
-18  6  5.410402e+01
-18.3  6  4.703241e+01
-18.7  6  3.446602e+01
-19  6  2.754004e+01
-19.3  6  1.992730e+01
-19.7  6  1.061686e+01
-20  6  8.019031e+00
-20.3  6  6.355844e+00
-20.7  6  3.089201e+00
-21  6  1.134225e+00
-21.3  6  2.803179e-01
-2.170000e+01  6.000000e+00  0.0
-2.200000e+01  6.000000e+00  0.0
-13.3  8  7.666239e-11
-13.7  8  3.604850e-08
-14  8  4.418711e-06
-14.3  8  3.138615e-04
-14.7  8  6.294448e-03
-15  8  9.211652e-02
-15.3  8  5.104719e-01
-15.7  8  1.451131e+00
-16  8  3.156827e+00
-16.3  8  5.507759e+00
-16.7  8  5.359580e+00
-17  8  1.373018e+01
-17.3  8  2.518915e+01
-17.7  8  3.141729e+01
-18  8  3.187871e+01
-18.3  8  3.111752e+01
-18.7  8  1.954063e+01
-19  8  1.429171e+01
-19.3  8  9.821211e+00
-19.7  8  5.157226e+00
-20  8  4.222840e+00
-20.3  8  2.530485e+00
-20.7  8  7.082157e-01
-21  8  1.565519e-01
-2.130000e+01  8.000000e+00  0.0
-2.170000e+01  8.000000e+00  0.0
-2.200000e+01  8.000000e+00  0.0
-13.3  9  4.990742e-09
-13.7  9  1.592788e-06
-14  9  1.207684e-04
-14.3  9  4.452081e-03
-14.7  9  4.403070e-02
-15  9  3.663857e-01
-15.3  9  1.783558e+00
-15.7  9  3.432671e+00
-16  9  5.502189e+00
-16.3  9  6.348522e+00
-16.7  9  1.152570e+01
-17  9  2.480125e+01
-17.3  9  3.313645e+01
-17.7  9  3.372916e+01
-18  9  3.602467e+01
-18.3  9  3.109071e+01
-18.7  9  1.887703e+01
-19  9  1.385044e+01
-19.3  9  1.002989e+01
-19.7  9  6.317661e+00
-20  9  3.633504e+00
-20.3  9  1.288007e+00
-20.7  9  2.414676e-01
-2.100000e+01  9.000000e+00  0.0
-2.130000e+01  9.000000e+00  0.0
-2.170000e+01  9.000000e+00  0.0
-2.200000e+01  9.000000e+00  0.0
-13.3  11  1.477463e-06
-13.7  11  8.169079e-05
-14  11  2.246313e-03
-14.3  11  2.539268e-02
-14.7  11  2.029271e-01
-15  11  1.333270e+00
-15.3  11  4.035848e+00
-15.7  11  5.348433e+00
-16  11  6.001118e+00
-16.3  11  1.181948e+01
-16.7  11  1.226145e+01
-17  11  2.129457e+01
-17.3  11  2.389906e+01
-17.7  11  2.191677e+01
-18  11  2.212508e+01
-18.3  11  1.869237e+01
-18.7  11  1.341008e+01
-19  11  1.048730e+01
-19.3  11  7.421252e+00
-19.7  11  3.741599e+00
-20  11  1.277789e+00
-20.3  11  3.367698e-01
-2.070000e+01  1.100000e+01  0.0
-2.100000e+01  1.100000e+01  0.0
-2.130000e+01  1.100000e+01  0.0
-2.170000e+01  1.100000e+01  0.0
-2.200000e+01  1.100000e+01  0.0
-13.3  14  1.641622e-04
-13.7  14  3.458804e-03
-14  14  2.994056e-02
-14.3  14  2.263308e-01
-14.7  14  1.509217e+00
-15  14  4.076427e+00
-15.3  14  8.952315e+00
-15.7  14  6.253365e+00
-16  14  1.315205e+01
-16.3  14  1.665985e+01
-16.7  14  1.809039e+01
-17  14  1.593872e+01
-17.3  14  1.760035e+01
-17.7  14  1.157135e+01
-18  14  8.901304e+00
-18.3  14  7.581162e+00
-18.7  14  4.394093e+00
-19  14  3.370221e+00
-19.3  14  1.991563e+00
-19.7  14  5.679951e-01
-20  14  1.427360e-01
-2.030000e+01  1.400000e+01  0.0
-2.070000e+01  1.400000e+01  0.0
-2.100000e+01  1.400000e+01  0.0
-2.130000e+01  1.400000e+01  0.0
-2.170000e+01  1.400000e+01  0.0
-2.200000e+01  1.400000e+01  0.0
-13.3  17  1.190991e-03
-13.7  17  1.454882e-02
-14  17  1.562934e-01
-14.3  17  7.434364e-01
-14.7  17  2.232773e+00
-15  17  7.286809e+00
-15.3  17  1.222335e+01
-15.7  17  1.239950e+01
-16  17  1.650207e+01
-16.3  17  2.416784e+01
-16.7  17  1.898532e+01
-17  17  1.694664e+01
-17.3  17  1.382638e+01
-17.7  17  7.960736e+00
-18  17  5.526139e+00
-18.3  17  3.754124e+00
-18.7  17  2.294103e+00
-19  17  1.396961e+00
-19.3  17  4.213490e-01
-19.7  17  7.823802e-02
-2.000000e+01  1.700000e+01  0.0
-2.030000e+01  1.700000e+01  0.0
-2.070000e+01  1.700000e+01  0.0
-2.100000e+01  1.700000e+01  0.0
-2.130000e+01  1.700000e+01  0.0
-2.170000e+01  1.700000e+01  0.0
-2.200000e+01  1.700000e+01  0.0
-13.3  21  6.172133e-03
-13.7  21  4.145399e-02
-14  21  2.545794e-01
-14.3  21  1.080403e+00
-14.7  21  2.014404e+00
-15  21  9.373952e+00
-15.3  21  1.725302e+01
-15.7  21  1.896027e+01
-16  21  2.485006e+01
-16.3  21  2.156483e+01
-16.7  21  1.740059e+01
-17  21  1.435170e+01
-17.3  21  1.017632e+01
-17.7  21  5.547050e+00
-18  21  4.027223e+00
-18.3  21  3.242470e+00
-18.7  21  1.594798e+00
-19  21  5.152344e-01
-19.3  21  1.162032e-01
-1.970000e+01  2.100000e+01  0.0
-2.000000e+01  2.100000e+01  0.0
-2.030000e+01  2.100000e+01  0.0
-2.070000e+01  2.100000e+01  0.0
-2.100000e+01  2.100000e+01  0.0
-2.130000e+01  2.100000e+01  0.0
-2.170000e+01  2.100000e+01  0.0
-2.200000e+01  2.100000e+01  0.0
-13.3  26  2.019620e-02
-13.7  26  7.976489e-02
-14  26  3.804752e-01
-14.3  26  2.774056e+00
-14.7  26  4.573952e+00
-15  26  7.941650e+00
-15.3  26  2.001377e+01
-15.7  26  1.957009e+01
-16  26  2.424321e+01
-16.3  26  2.128851e+01
-16.7  26  1.540316e+01
-17  26  1.145579e+01
-17.3  26  7.281466e+00
-17.7  26  4.120148e+00
-18  26  3.360801e+00
-18.3  26  1.947129e+00
-18.7  26  5.418245e-01
-19  26  1.186001e-01
-1.930000e+01  2.600000e+01  0.0
-1.970000e+01  2.600000e+01  0.0
-2.000000e+01  2.600000e+01  0.0
-2.030000e+01  2.600000e+01  0.0
-2.070000e+01  2.600000e+01  0.0
-2.100000e+01  2.600000e+01  0.0
-2.130000e+01  2.600000e+01  0.0
-2.170000e+01  2.600000e+01  0.0
-2.200000e+01  2.600000e+01  0.0
-13.3  32  4.551923e-02
-13.7  32  7.889685e-02
-14  32  9.777232e-01
-14.3  32  1.563558e+00
-14.7  32  4.836733e+00
-15  32  7.469568e+00
-15.3  32  2.025663e+01
-15.7  32  1.611938e+01
-16  32  1.967278e+01
-16.3  32  1.837216e+01
-16.7  32  1.106777e+01
-17  32  8.328832e+00
-17.3  32  6.112530e+00
-17.7  32  3.451750e+00
-18  32  2.085843e+00
-18.3  32  7.317747e-01
-18.7  32  1.279091e-01
-1.900000e+01  3.200000e+01  0.0
-1.930000e+01  3.200000e+01  0.0
-1.970000e+01  3.200000e+01  0.0
-2.000000e+01  3.200000e+01  0.0
-2.030000e+01  3.200000e+01  0.0
-2.070000e+01  3.200000e+01  0.0
-2.100000e+01  3.200000e+01  0.0
-2.130000e+01  3.200000e+01  0.0
-2.170000e+01  3.200000e+01  0.0
-2.200000e+01  3.200000e+01  0.0
-13.3  39  6.684506e-02
-13.7  39  5.354097e-01
-14  39  1.307725e+00
-14.3  39  2.895912e+00
-14.7  39  5.635098e+00
-15  39  8.928149e+00
-15.3  39  1.832524e+01
-15.7  39  1.540559e+01
-16  39  1.630923e+01
-16.3  39  1.304325e+01
-16.7  39  7.941317e+00
-17  39  5.795578e+00
-17.3  39  4.286897e+00
-17.7  39  2.238252e+00
-18  39  7.532596e-01
-1.830000e+01  3.900000e+01  0.0
-1.870000e+01  3.900000e+01  0.0
-1.900000e+01  3.900000e+01  0.0
-1.930000e+01  3.900000e+01  0.0
-1.970000e+01  3.900000e+01  0.0
-2.000000e+01  3.900000e+01  0.0
-2.030000e+01  3.900000e+01  0.0
-2.070000e+01  3.900000e+01  0.0
-2.100000e+01  3.900000e+01  0.0
-2.130000e+01  3.900000e+01  0.0
-2.170000e+01  3.900000e+01  0.0
-2.200000e+01  3.900000e+01  0.0
-13.3  48  1.567026e-01
-13.7  48  2.701220e-01
-14  48  7.731291e-01
-14.3  48  5.341986e+00
-14.7  48  2.668457e+00
-15  48  8.745134e+00
-15.3  48  8.827441e+00
-15.7  48  9.966189e+00
-16  48  8.954250e+00
-16.3  48  7.753445e+00
-16.7  48  4.631188e+00
-17  48  3.385175e+00
-17.3  48  2.338414e+00
-17.7  48  7.134481e-01
-1.800000e+01  4.800000e+01  0.0
-1.830000e+01  4.800000e+01  0.0
-1.870000e+01  4.800000e+01  0.0
-1.900000e+01  4.800000e+01  0.0
-1.930000e+01  4.800000e+01  0.0
-1.970000e+01  4.800000e+01  0.0
-2.000000e+01  4.800000e+01  0.0
-2.030000e+01  4.800000e+01  0.0
-2.070000e+01  4.800000e+01  0.0
-2.100000e+01  4.800000e+01  0.0
-2.130000e+01  4.800000e+01  0.0
-2.170000e+01  4.800000e+01  0.0
-2.200000e+01  4.800000e+01  0.0
-13.3  58  9.104471e-02
-13.7  58  3.223484e-01
-14  58  1.243317e+00
-14.3  58  2.238896e+00
-14.7  58  2.029220e+00
-15  58  3.342783e+00
-15.3  58  5.886067e+00
-15.7  58  5.050910e+00
-16  58  4.219979e+00
-16.3  58  3.308722e+00
-16.7  58  2.099958e+00
-17  58  1.468912e+00
-17.3  58  6.193939e-01
-1.770000e+01  5.800000e+01  0.0
-1.800000e+01  5.800000e+01  0.0
-1.830000e+01  5.800000e+01  0.0
-1.870000e+01  5.800000e+01  0.0
-1.900000e+01  5.800000e+01  0.0
-1.930000e+01  5.800000e+01  0.0
-1.970000e+01  5.800000e+01  0.0
-2.000000e+01  5.800000e+01  0.0
-2.030000e+01  5.800000e+01  0.0
-2.070000e+01  5.800000e+01  0.0
-2.100000e+01  5.800000e+01  0.0
-2.130000e+01  5.800000e+01  0.0
-2.170000e+01  5.800000e+01  0.0
-2.200000e+01  5.800000e+01  0.0
-13.3  88  5.717678e-02
-13.7  88  7.765731e-02
-14  88  1.238730e-01
-14.3  88  3.086685e-01
-14.7  88  4.145781e-01
-15  88  5.091936e-01
-15.3  88  5.744526e-01
-15.7  88  3.645430e-01
-16  88  3.732003e-01
-16.3  88  3.319325e-01
-16.7  88  1.508871e-01
-17  88  4.056750e-02
-1.730000e+01  8.800000e+01  0.0
-1.770000e+01  8.800000e+01  0.0
-1.800000e+01  8.800000e+01  0.0
-1.830000e+01  8.800000e+01  0.0
-1.870000e+01  8.800000e+01  0.0
-1.900000e+01  8.800000e+01  0.0
-1.930000e+01  8.800000e+01  0.0
-1.970000e+01  8.800000e+01  0.0
-2.000000e+01  8.800000e+01  0.0
-2.030000e+01  8.800000e+01  0.0
-2.070000e+01  8.800000e+01  0.0
-2.100000e+01  8.800000e+01  0.0
-2.130000e+01  8.800000e+01  0.0
-2.170000e+01  8.800000e+01  0.0
-2.200000e+01  8.800000e+01  0.0
-13.3  108  0.000000e+00
-13.7  108  0.000000e+00
-14  108  0.000000e+00
-14.3  108  0.000000e+00
-14.7  108  0.000000e+00
-15  108  0.000000e+00
-15.3  108  0.000000e+00
-15.7  108  0.000000e+00
-16  108  0.000000e+00
-16.3  108  0.000000e+00
-16.7  108  0.000000e+00
-1.700000e+01  1.080000e+02  0.0
-1.730000e+01  1.080000e+02  0.0
-1.770000e+01  1.080000e+02  0.0
-1.800000e+01  1.080000e+02  0.0
-1.830000e+01  1.080000e+02  0.0
-1.870000e+01  1.080000e+02  0.0
-1.900000e+01  1.080000e+02  0.0
-1.930000e+01  1.080000e+02  0.0
-1.970000e+01  1.080000e+02  0.0
-2.000000e+01  1.080000e+02  0.0
-2.030000e+01  1.080000e+02  0.0
-2.070000e+01  1.080000e+02  0.0
-2.100000e+01  1.080000e+02  0.0
-2.130000e+01  1.080000e+02  0.0
-2.170000e+01  1.080000e+02  0.0
-2.200000e+01  1.080000e+02  0.0
-13.3  132  0.000000e+00
-13.7  132  0.000000e+00
-14  132  0.000000e+00
-14.3  132  0.000000e+00
-14.7  132  0.000000e+00
-15  132  0.000000e+00
-15.3  132  0.000000e+00
-15.7  132  0.000000e+00
-16  132  0.000000e+00
-16.3  132  0.000000e+00
-1.670000e+01  1.320000e+02  0.0
-1.700000e+01  1.320000e+02  0.0
-1.730000e+01  1.320000e+02  0.0
-1.770000e+01  1.320000e+02  0.0
-1.800000e+01  1.320000e+02  0.0
-1.830000e+01  1.320000e+02  0.0
-1.870000e+01  1.320000e+02  0.0
-1.900000e+01  1.320000e+02  0.0
-1.930000e+01  1.320000e+02  0.0
-1.970000e+01  1.320000e+02  0.0
-2.000000e+01  1.320000e+02  0.0
-2.030000e+01  1.320000e+02  0.0
-2.070000e+01  1.320000e+02  0.0
-2.100000e+01  1.320000e+02  0.0
-2.130000e+01  1.320000e+02  0.0
-2.170000e+01  1.320000e+02  0.0
-2.200000e+01  1.320000e+02  0.0
-13.3  162  0.000000e+00
-13.7  162  0.000000e+00
-14  162  0.000000e+00
-14.3  162  0.000000e+00
-14.7  162  0.000000e+00
-15  162  0.000000e+00
-15.3  162  0.000000e+00
-15.7  162  0.000000e+00
-16  162  0.000000e+00
-1.630000e+01  1.620000e+02  0.0
-1.670000e+01  1.620000e+02  0.0
-1.700000e+01  1.620000e+02  0.0
-1.730000e+01  1.620000e+02  0.0
-1.770000e+01  1.620000e+02  0.0
-1.800000e+01  1.620000e+02  0.0
-1.830000e+01  1.620000e+02  0.0
-1.870000e+01  1.620000e+02  0.0
-1.900000e+01  1.620000e+02  0.0
-1.930000e+01  1.620000e+02  0.0
-1.970000e+01  1.620000e+02  0.0
-2.000000e+01  1.620000e+02  0.0
-2.030000e+01  1.620000e+02  0.0
-2.070000e+01  1.620000e+02  0.0
-2.100000e+01  1.620000e+02  0.0
-2.130000e+01  1.620000e+02  0.0
-2.170000e+01  1.620000e+02  0.0
-2.200000e+01  1.620000e+02  0.0
-13.3  199  0.000000e+00
-13.7  199  0.000000e+00
-14  199  0.000000e+00
-14.3  199  0.000000e+00
-14.7  199  0.000000e+00
-15  199  0.000000e+00
-15.3  199  0.000000e+00
-15.7  199  0.000000e+00
-1.600000e+01  1.990000e+02  0.0
-1.630000e+01  1.990000e+02  0.0
-1.670000e+01  1.990000e+02  0.0
-1.700000e+01  1.990000e+02  0.0
-1.730000e+01  1.990000e+02  0.0
-1.770000e+01  1.990000e+02  0.0
-1.800000e+01  1.990000e+02  0.0
-1.830000e+01  1.990000e+02  0.0
-1.870000e+01  1.990000e+02  0.0
-1.900000e+01  1.990000e+02  0.0
-1.930000e+01  1.990000e+02  0.0
-1.970000e+01  1.990000e+02  0.0
-2.000000e+01  1.990000e+02  0.0
-2.030000e+01  1.990000e+02  0.0
-2.070000e+01  1.990000e+02  0.0
-2.100000e+01  1.990000e+02  0.0
-2.130000e+01  1.990000e+02  0.0
-2.170000e+01  1.990000e+02  0.0
-2.200000e+01  1.990000e+02  0.0
-13.3  244  0.000000e+00
-13.7  244  0.000000e+00
-14  244  0.000000e+00
-14.3  244  0.000000e+00
-14.7  244  0.000000e+00
-15  244  0.000000e+00
-15.3  244  0.000000e+00
-15.7  244  0.000000e+00
-1.600000e+01  2.440000e+02  0.0
-1.630000e+01  2.440000e+02  0.0
-1.670000e+01  2.440000e+02  0.0
-1.700000e+01  2.440000e+02  0.0
-1.730000e+01  2.440000e+02  0.0
-1.770000e+01  2.440000e+02  0.0
-1.800000e+01  2.440000e+02  0.0
-1.830000e+01  2.440000e+02  0.0
-1.870000e+01  2.440000e+02  0.0
-1.900000e+01  2.440000e+02  0.0
-1.930000e+01  2.440000e+02  0.0
-1.970000e+01  2.440000e+02  0.0
-2.000000e+01  2.440000e+02  0.0
-2.030000e+01  2.440000e+02  0.0
-2.070000e+01  2.440000e+02  0.0
-2.100000e+01  2.440000e+02  0.0
-2.130000e+01  2.440000e+02  0.0
-2.170000e+01  2.440000e+02  0.0
-2.200000e+01  2.440000e+02  0.0
-13.3  300  0.000000e+00
-13.7  300  0.000000e+00
-14  300  0.000000e+00
-14.3  300  0.000000e+00
-14.7  300  0.000000e+00
-15  300  0.000000e+00
-15.3  300  0.000000e+00
-1.570000e+01  3.000000e+02  0.0
-1.600000e+01  3.000000e+02  0.0
-1.630000e+01  3.000000e+02  0.0
-1.670000e+01  3.000000e+02  0.0
-1.700000e+01  3.000000e+02  0.0
-1.730000e+01  3.000000e+02  0.0
-1.770000e+01  3.000000e+02  0.0
-1.800000e+01  3.000000e+02  0.0
-1.830000e+01  3.000000e+02  0.0
-1.870000e+01  3.000000e+02  0.0
-1.900000e+01  3.000000e+02  0.0
-1.930000e+01  3.000000e+02  0.0
-1.970000e+01  3.000000e+02  0.0
-2.000000e+01  3.000000e+02  0.0
-2.030000e+01  3.000000e+02  0.0
-2.070000e+01  3.000000e+02  0.0
-2.100000e+01  3.000000e+02  0.0
-2.130000e+01  3.000000e+02  0.0
-2.170000e+01  3.000000e+02  0.0
-2.200000e+01  3.000000e+02  0.0
