# log10(y)    mass[MeV]    Nhits
-13.3  5  8.914892e-18
-13.7  5  2.522459e-13
-14  5  1.065840e-09
-14.3  5  6.874513e-07
-14.7  5  7.874266e-05
-15  5  2.885438e-03
-15.3  5  4.427307e-02
-15.7  5  2.851810e-01
-16  5  1.193047e+00
-16.3  5  5.001543e+00
-16.7  5  8.075264e+00
-17  5  1.644946e+01
-17.3  5  1.859720e+01
-17.7  5  3.472142e+01
-18  5  4.186919e+01
-18.3  5  4.136356e+01
-18.7  5  3.206104e+01
-19  5  2.657248e+01
-19.3  5  1.970497e+01
-19.7  5  1.024484e+01
-20  5  6.918325e+00
-20.3  5  4.590793e+00
-20.7  5  2.437539e+00
-21  5  1.427330e+00
-21.3  5  5.210532e-01
-21.7  5  8.846500e-02
-2.200000e+01  5.000000e+00  0.0
-13.3  6  5.039749e-15
-13.7  6  3.648011e-11
-14  6  3.594833e-08
-14.3  6  1.839735e-05
-14.7  6  1.478789e-03
-15  6  3.293666e-02
-15.3  6  4.065118e-01
-15.7  6  1.459871e+00
-16  6  4.557020e+00
-16.3  6  9.316816e+00
-16.7  6  1.394448e+01
-17  6  1.666123e+01
-17.3  6  4.403668e+01
-17.7  6  4.928146e+01
-18  6  5.336507e+01
-18.3  6  4.516865e+01
-18.7  6  3.225617e+01
-19  6  2.505358e+01
-19.3  6  1.745655e+01
-19.7  6  8.776398e+00
-20  6  6.262441e+00
-20.3  6  4.756697e+00
-20.7  6  2.248838e+00
-21  6  7.869700e-01
-21.3  6  1.810674e-01
-2.170000e+01  6.000000e+00  0.0
-2.200000e+01  6.000000e+00  0.0
-13.3  8  1.299353e-10
-13.7  8  6.764880e-08
-14  8  8.376182e-06
-14.3  8  5.429766e-04
-14.7  8  9.468242e-03
-15  8  1.284636e-01
-15.3  8  7.431251e-01
-15.7  8  2.359666e+00
-16  8  5.677455e+00
-16.3  8  1.029027e+01
-16.7  8  9.894906e+00
-17  8  2.212011e+01
-17.3  8  3.448344e+01
-17.7  8  3.844725e+01
-18  8  3.582060e+01
-18.3  8  3.317019e+01
-18.7  8  2.042908e+01
-19  8  1.495042e+01
-19.3  8  1.051022e+01
-19.7  8  5.705922e+00
-20  8  4.808968e+00
-20.3  8  2.940170e+00
-20.7  8  8.562065e-01
-21  8  2.008534e-01
-2.130000e+01  8.000000e+00  0.0
-2.170000e+01  8.000000e+00  0.0
-2.200000e+01  8.000000e+00  0.0
-13.3  9  1.065703e-08
-13.7  9  2.603280e-06
-14  9  1.770766e-04
-14.3  9  6.223174e-03
-14.7  9  5.942638e-02
-15  9  4.901635e-01
-15.3  9  2.512864e+00
-15.7  9  5.330862e+00
-16  9  9.336955e+00
-16.3  9  1.107700e+01
-16.7  9  1.987481e+01
-17  9  3.838980e+01
-17.3  9  4.589885e+01
-17.7  9  4.180290e+01
-18  9  4.052602e+01
-18.3  9  3.273357e+01
-18.7  9  1.884652e+01
-19  9  1.317126e+01
-19.3  9  9.254856e+00
-19.7  9  5.729175e+00
-20  9  3.266856e+00
-20.3  9  1.144010e+00
-20.7  9  2.114917e-01
-2.100000e+01  9.000000e+00  0.0
-2.130000e+01  9.000000e+00  0.0
-2.170000e+01  9.000000e+00  0.0
-2.200000e+01  9.000000e+00  0.0
-13.3  11  1.097729e-06
-13.7  11  6.629044e-05
-14  11  2.105914e-03
-14.3  11  2.741030e-02
-14.7  11  2.416708e-01
-15  11  1.675068e+00
-15.3  11  5.306094e+00
-15.7  11  7.530062e+00
-16  11  8.802476e+00
-16.3  11  1.916408e+01
-16.7  11  2.076164e+01
-17  11  3.524177e+01
-17.3  11  3.697888e+01
-17.7  11  3.133492e+01
-18  11  2.843903e+01
-18.3  11  2.199877e+01
-18.7  11  1.430558e+01
-19  11  1.039747e+01
-19.3  11  7.005960e+00
-19.7  11  3.438068e+00
-20  11  1.124891e+00
-20.3  11  2.783225e-01
-2.070000e+01  1.100000e+01  0.0
-2.100000e+01  1.100000e+01  0.0
-2.130000e+01  1.100000e+01  0.0
-2.170000e+01  1.100000e+01  0.0
-2.200000e+01  1.100000e+01  0.0
-13.3  14  9.989424e-05
-13.7  14  1.840127e-03
-14  14  1.555416e-02
-14.3  14  1.265219e-01
-14.7  14  9.733103e-01
-15  14  3.110628e+00
-15.3  14  8.034128e+00
-15.7  14  6.069971e+00
-16  14  1.500526e+01
-16.3  14  2.227899e+01
-16.7  14  2.663703e+01
-17  14  2.545063e+01
-17.3  14  2.986026e+01
-17.7  14  2.040112e+01
-18  14  1.595307e+01
-18.3  14  1.365648e+01
-18.7  14  7.883508e+00
-19  14  6.010673e+00
-19.3  14  3.536656e+00
-19.7  14  9.999932e-01
-20  14  2.479791e-01
-2.030000e+01  1.400000e+01  0.0
-2.070000e+01  1.400000e+01  0.0
-2.100000e+01  1.400000e+01  0.0
-2.130000e+01  1.400000e+01  0.0
-2.170000e+01  1.400000e+01  0.0
-2.200000e+01  1.400000e+01  0.0
-13.3  17  1.836283e-03
-13.7  17  1.917436e-02
-14  17  1.735047e-01
-14.3  17  7.215590e-01
-14.7  17  2.010761e+00
-15  17  6.499166e+00
-15.3  17  1.110749e+01
-15.7  17  1.197447e+01
-16  17  1.765523e+01
-16.3  17  2.855408e+01
-16.7  17  2.456007e+01
-17  17  2.394234e+01
-17.3  17  2.116934e+01
-17.7  17  1.292921e+01
-18  17  9.539437e+00
-18.3  17  6.766578e+00
-18.7  17  4.252186e+00
-19  17  2.628285e+00
-19.3  17  8.129372e-01
-19.7  17  1.559459e-01
-2.000000e+01  1.700000e+01  0.0
-2.030000e+01  1.700000e+01  0.0
-2.070000e+01  1.700000e+01  0.0
-2.100000e+01  1.700000e+01  0.0
-2.130000e+01  1.700000e+01  0.0
-2.170000e+01  1.700000e+01  0.0
-2.200000e+01  1.700000e+01  0.0
-13.3  21  1.080909e-02
-13.7  21  6.721100e-02
-14  21  3.671465e-01
-14.3  21  1.365143e+00
-14.7  21  2.256882e+00
-15  21  9.906365e+00
-15.3  21  1.738819e+01
-15.7  21  1.892758e+01
-16  21  2.545591e+01
-16.3  21  2.327399e+01
-16.7  21  1.974454e+01
-17  21  1.744624e+01
-17.3  21  1.328966e+01
-17.7  21  7.674113e+00
-18  21  5.933986e+00
-18.3  21  4.945470e+00
-18.7  21  2.477775e+00
-19  21  8.256523e-01
-19.3  21  1.940038e-01
-1.970000e+01  2.100000e+01  0.0
-2.000000e+01  2.100000e+01  0.0
-2.030000e+01  2.100000e+01  0.0
-2.070000e+01  2.100000e+01  0.0
-2.100000e+01  2.100000e+01  0.0
-2.130000e+01  2.100000e+01  0.0
-2.170000e+01  2.100000e+01  0.0
-2.200000e+01  2.100000e+01  0.0
-13.3  26  3.185424e-02
-13.7  26  1.270577e-01
-14  26  5.827791e-01
-14.3  26  3.907362e+00
-14.7  26  5.962047e+00
-15  26  9.654365e+00
-15.3  26  2.219411e+01
-15.7  26  2.081419e+01
-16  26  2.519028e+01
-16.3  26  2.192765e+01
-16.7  26  1.583119e+01
-17  26  1.178569e+01
-17.3  26  7.510764e+00
-17.7  26  4.262560e+00
-18  26  3.482645e+00
-18.3  26  2.019934e+00
-18.7  26  5.629257e-01
-19  26  1.234728e-01
-1.930000e+01  2.600000e+01  0.0
-1.970000e+01  2.600000e+01  0.0
-2.000000e+01  2.600000e+01  0.0
-2.030000e+01  2.600000e+01  0.0
-2.070000e+01  2.600000e+01  0.0
-2.100000e+01  2.600000e+01  0.0
-2.130000e+01  2.600000e+01  0.0
-2.170000e+01  2.600000e+01  0.0
-2.200000e+01  2.600000e+01  0.0
-13.3  32  5.891295e-02
-13.7  32  1.099415e-01
-14  32  1.402012e+00
-14.3  32  2.199002e+00
-14.7  32  6.601057e+00
-15  32  9.286922e+00
-15.3  32  2.348810e+01
-15.7  32  1.790756e+01
-16  32  2.119088e+01
-16.3  32  1.943245e+01
-16.7  32  1.162756e+01
-17  32  8.770476e+00
-17.3  32  6.481998e+00
-17.7  32  3.693383e+00
-18  32  2.243227e+00
-18.3  32  7.947674e-01
-18.7  32  1.411662e-01
-1.900000e+01  3.200000e+01  0.0
-1.930000e+01  3.200000e+01  0.0
-1.970000e+01  3.200000e+01  0.0
-2.000000e+01  3.200000e+01  0.0
-2.030000e+01  3.200000e+01  0.0
-2.070000e+01  3.200000e+01  0.0
-2.100000e+01  3.200000e+01  0.0
-2.130000e+01  3.200000e+01  0.0
-2.170000e+01  3.200000e+01  0.0
-2.200000e+01  3.200000e+01  0.0
-13.3  39  7.955410e-02
-13.7  39  6.889364e-01
-14  39  1.717553e+00
-14.3  39  3.833300e+00
-14.7  39  7.205715e+00
-15  39  1.089453e+01
-15.3  39  2.123624e+01
-15.7  39  1.711368e+01
-16  39  1.745066e+01
-16.3  39  1.352087e+01
-16.7  39  8.054799e+00
-17  39  5.770029e+00
-17.3  39  4.243552e+00
-17.7  39  2.196437e+00
-18  39  7.305163e-01
-1.830000e+01  3.900000e+01  0.0
-1.870000e+01  3.900000e+01  0.0
-1.900000e+01  3.900000e+01  0.0
-1.930000e+01  3.900000e+01  0.0
-1.970000e+01  3.900000e+01  0.0
-2.000000e+01  3.900000e+01  0.0
-2.030000e+01  3.900000e+01  0.0
-2.070000e+01  3.900000e+01  0.0
-2.100000e+01  3.900000e+01  0.0
-2.130000e+01  3.900000e+01  0.0
-2.170000e+01  3.900000e+01  0.0
-2.200000e+01  3.900000e+01  0.0
-13.3  48  1.661725e-01
-13.7  48  3.004691e-01
-14  48  9.226599e-01
-14.3  48  6.743976e+00
-14.7  48  3.412321e+00
-15  48  1.109970e+01
-15.3  48  1.100235e+01
-15.7  48  1.211882e+01
-16  48  1.059007e+01
-16.3  48  8.913420e+00
-16.7  48  5.197757e+00
-17  48  3.769875e+00
-17.3  48  2.567093e+00
-17.7  48  7.668011e-01
-1.800000e+01  4.800000e+01  0.0
-1.830000e+01  4.800000e+01  0.0
-1.870000e+01  4.800000e+01  0.0
-1.900000e+01  4.800000e+01  0.0
-1.930000e+01  4.800000e+01  0.0
-1.970000e+01  4.800000e+01  0.0
-2.000000e+01  4.800000e+01  0.0
-2.030000e+01  4.800000e+01  0.0
-2.070000e+01  4.800000e+01  0.0
-2.100000e+01  4.800000e+01  0.0
-2.130000e+01  4.800000e+01  0.0
-2.170000e+01  4.800000e+01  0.0
-2.200000e+01  4.800000e+01  0.0
-13.3  58  9.039593e-02
-13.7  58  3.379223e-01
-14  58  1.421199e+00
-14.3  58  2.742071e+00
-14.7  58  2.625378e+00
-15  58  4.505020e+00
-15.3  58  8.213773e+00
-15.7  58  7.256290e+00
-16  58  6.209657e+00
-16.3  58  4.965493e+00
-16.7  58  3.164063e+00
-17  58  2.227951e+00
-17.3  58  9.491479e-01
-1.770000e+01  5.800000e+01  0.0
-1.800000e+01  5.800000e+01  0.0
-1.830000e+01  5.800000e+01  0.0
-1.870000e+01  5.800000e+01  0.0
-1.900000e+01  5.800000e+01  0.0
-1.930000e+01  5.800000e+01  0.0
-1.970000e+01  5.800000e+01  0.0
-2.000000e+01  5.800000e+01  0.0
-2.030000e+01  5.800000e+01  0.0
-2.070000e+01  5.800000e+01  0.0
-2.100000e+01  5.800000e+01  0.0
-2.130000e+01  5.800000e+01  0.0
-2.170000e+01  5.800000e+01  0.0
-2.200000e+01  5.800000e+01  0.0
-13.3  88  5.093992e-02
-13.7  88  7.008430e-02
-14  88  1.127828e-01
-14.3  88  2.826642e-01
-14.7  88  3.812657e-01
-15  88  4.700029e-01
-15.3  88  5.319049e-01
-15.7  88  3.384481e-01
-16  88  3.472795e-01
-16.3  88  3.090108e-01
-16.7  88  1.405056e-01
-17  88  3.780087e-02
-1.730000e+01  8.800000e+01  0.0
-1.770000e+01  8.800000e+01  0.0
-1.800000e+01  8.800000e+01  0.0
-1.830000e+01  8.800000e+01  0.0
-1.870000e+01  8.800000e+01  0.0
-1.900000e+01  8.800000e+01  0.0
-1.930000e+01  8.800000e+01  0.0
-1.970000e+01  8.800000e+01  0.0
-2.000000e+01  8.800000e+01  0.0
-2.030000e+01  8.800000e+01  0.0
-2.070000e+01  8.800000e+01  0.0
-2.100000e+01  8.800000e+01  0.0
-2.130000e+01  8.800000e+01  0.0
-2.170000e+01  8.800000e+01  0.0
-2.200000e+01  8.800000e+01  0.0
-13.3  108  0.000000e+00
-13.7  108  0.000000e+00
-14  108  0.000000e+00
-14.3  108  0.000000e+00
-14.7  108  0.000000e+00
-15  108  0.000000e+00
-15.3  108  0.000000e+00
-15.7  108  0.000000e+00
-16  108  0.000000e+00
-16.3  108  0.000000e+00
-16.7  108  0.000000e+00
-1.700000e+01  1.080000e+02  0.0
-1.730000e+01  1.080000e+02  0.0
-1.770000e+01  1.080000e+02  0.0
-1.800000e+01  1.080000e+02  0.0
-1.830000e+01  1.080000e+02  0.0
-1.870000e+01  1.080000e+02  0.0
-1.900000e+01  1.080000e+02  0.0
-1.930000e+01  1.080000e+02  0.0
-1.970000e+01  1.080000e+02  0.0
-2.000000e+01  1.080000e+02  0.0
-2.030000e+01  1.080000e+02  0.0
-2.070000e+01  1.080000e+02  0.0
-2.100000e+01  1.080000e+02  0.0
-2.130000e+01  1.080000e+02  0.0
-2.170000e+01  1.080000e+02  0.0
-2.200000e+01  1.080000e+02  0.0
-13.3  132  0.000000e+00
-13.7  132  0.000000e+00
-14  132  0.000000e+00
-14.3  132  0.000000e+00
-14.7  132  0.000000e+00
-15  132  0.000000e+00
-15.3  132  0.000000e+00
-15.7  132  0.000000e+00
-16  132  0.000000e+00
-16.3  132  0.000000e+00
-1.670000e+01  1.320000e+02  0.0
-1.700000e+01  1.320000e+02  0.0
-1.730000e+01  1.320000e+02  0.0
-1.770000e+01  1.320000e+02  0.0
-1.800000e+01  1.320000e+02  0.0
-1.830000e+01  1.320000e+02  0.0
-1.870000e+01  1.320000e+02  0.0
-1.900000e+01  1.320000e+02  0.0
-1.930000e+01  1.320000e+02  0.0
-1.970000e+01  1.320000e+02  0.0
-2.000000e+01  1.320000e+02  0.0
-2.030000e+01  1.320000e+02  0.0
-2.070000e+01  1.320000e+02  0.0
-2.100000e+01  1.320000e+02  0.0
-2.130000e+01  1.320000e+02  0.0
-2.170000e+01  1.320000e+02  0.0
-2.200000e+01  1.320000e+02  0.0
-13.3  162  0.000000e+00
-13.7  162  0.000000e+00
-14  162  0.000000e+00
-14.3  162  0.000000e+00
-14.7  162  0.000000e+00
-15  162  0.000000e+00
-15.3  162  0.000000e+00
-15.7  162  0.000000e+00
-16  162  0.000000e+00
-1.630000e+01  1.620000e+02  0.0
-1.670000e+01  1.620000e+02  0.0
-1.700000e+01  1.620000e+02  0.0
-1.730000e+01  1.620000e+02  0.0
-1.770000e+01  1.620000e+02  0.0
-1.800000e+01  1.620000e+02  0.0
-1.830000e+01  1.620000e+02  0.0
-1.870000e+01  1.620000e+02  0.0
-1.900000e+01  1.620000e+02  0.0
-1.930000e+01  1.620000e+02  0.0
-1.970000e+01  1.620000e+02  0.0
-2.000000e+01  1.620000e+02  0.0
-2.030000e+01  1.620000e+02  0.0
-2.070000e+01  1.620000e+02  0.0
-2.100000e+01  1.620000e+02  0.0
-2.130000e+01  1.620000e+02  0.0
-2.170000e+01  1.620000e+02  0.0
-2.200000e+01  1.620000e+02  0.0
-13.3  199  0.000000e+00
-13.7  199  0.000000e+00
-14  199  0.000000e+00
-14.3  199  0.000000e+00
-14.7  199  0.000000e+00
-15  199  0.000000e+00
-15.3  199  0.000000e+00
-15.7  199  0.000000e+00
-1.600000e+01  1.990000e+02  0.0
-1.630000e+01  1.990000e+02  0.0
-1.670000e+01  1.990000e+02  0.0
-1.700000e+01  1.990000e+02  0.0
-1.730000e+01  1.990000e+02  0.0
-1.770000e+01  1.990000e+02  0.0
-1.800000e+01  1.990000e+02  0.0
-1.830000e+01  1.990000e+02  0.0
-1.870000e+01  1.990000e+02  0.0
-1.900000e+01  1.990000e+02  0.0
-1.930000e+01  1.990000e+02  0.0
-1.970000e+01  1.990000e+02  0.0
-2.000000e+01  1.990000e+02  0.0
-2.030000e+01  1.990000e+02  0.0
-2.070000e+01  1.990000e+02  0.0
-2.100000e+01  1.990000e+02  0.0
-2.130000e+01  1.990000e+02  0.0
-2.170000e+01  1.990000e+02  0.0
-2.200000e+01  1.990000e+02  0.0
-13.3  244  0.000000e+00
-13.7  244  0.000000e+00
-14  244  0.000000e+00
-14.3  244  0.000000e+00
-14.7  244  0.000000e+00
-15  244  0.000000e+00
-15.3  244  0.000000e+00
-15.7  244  0.000000e+00
-1.600000e+01  2.440000e+02  0.0
-1.630000e+01  2.440000e+02  0.0
-1.670000e+01  2.440000e+02  0.0
-1.700000e+01  2.440000e+02  0.0
-1.730000e+01  2.440000e+02  0.0
-1.770000e+01  2.440000e+02  0.0
-1.800000e+01  2.440000e+02  0.0
-1.830000e+01  2.440000e+02  0.0
-1.870000e+01  2.440000e+02  0.0
-1.900000e+01  2.440000e+02  0.0
-1.930000e+01  2.440000e+02  0.0
-1.970000e+01  2.440000e+02  0.0
-2.000000e+01  2.440000e+02  0.0
-2.030000e+01  2.440000e+02  0.0
-2.070000e+01  2.440000e+02  0.0
-2.100000e+01  2.440000e+02  0.0
-2.130000e+01  2.440000e+02  0.0
-2.170000e+01  2.440000e+02  0.0
-2.200000e+01  2.440000e+02  0.0
-13.3  300  0.000000e+00
-13.7  300  0.000000e+00
-14  300  0.000000e+00
-14.3  300  0.000000e+00
-14.7  300  0.000000e+00
-15  300  0.000000e+00
-15.3  300  0.000000e+00
-1.570000e+01  3.000000e+02  0.0
-1.600000e+01  3.000000e+02  0.0
-1.630000e+01  3.000000e+02  0.0
-1.670000e+01  3.000000e+02  0.0
-1.700000e+01  3.000000e+02  0.0
-1.730000e+01  3.000000e+02  0.0
-1.770000e+01  3.000000e+02  0.0
-1.800000e+01  3.000000e+02  0.0
-1.830000e+01  3.000000e+02  0.0
-1.870000e+01  3.000000e+02  0.0
-1.900000e+01  3.000000e+02  0.0
-1.930000e+01  3.000000e+02  0.0
-1.970000e+01  3.000000e+02  0.0
-2.000000e+01  3.000000e+02  0.0
-2.030000e+01  3.000000e+02  0.0
-2.070000e+01  3.000000e+02  0.0
-2.100000e+01  3.000000e+02  0.0
-2.130000e+01  3.000000e+02  0.0
-2.170000e+01  3.000000e+02  0.0
-2.200000e+01  3.000000e+02  0.0
