# log10(y)    mass[MeV]    Nhits
-13.3  5  1.389825e-18
-13.7  5  4.073475e-14
-14  5  2.070642e-10
-14.3  5  1.785720e-07
-14.7  5  2.810103e-05
-15  5  1.377757e-03
-15.3  5  2.654857e-02
-15.7  5  1.959078e-01
-16  5  8.645340e-01
-16.3  5  3.708245e+00
-16.7  5  6.158276e+00
-17  5  1.292055e+01
-17.3  5  1.483429e+01
-17.7  5  2.914512e+01
-18  5  3.677654e+01
-18.3  5  3.821705e+01
-18.7  5  3.142799e+01
-19  5  2.774502e+01
-19.3  5  2.168414e+01
-19.7  5  1.185599e+01
-20  5  8.392666e+00
-20.3  5  5.862770e+00
-20.7  5  3.198171e+00
-21  5  1.899544e+00
-21.3  5  7.113243e-01
-21.7  5  1.249327e-01
-2.200000e+01  5.000000e+00  0.0
-13.3  6  5.546601e-15
-13.7  6  4.628570e-11
-14  6  3.967733e-08
-14.3  6  1.576227e-05
-14.7  6  1.023980e-03
-15  6  1.987532e-02
-15.3  6  2.303304e-01
-15.7  6  8.245649e-01
-16  6  2.665258e+00
-16.3  6  5.763881e+00
-16.7  6  9.165723e+00
-17  6  1.126879e+01
-17.3  6  3.242246e+01
-17.7  6  3.800821e+01
-18  6  4.287983e+01
-18.3  6  3.802261e+01
-18.7  6  2.863661e+01
-19  6  2.334314e+01
-19.3  6  1.709646e+01
-19.7  6  9.121394e+00
-20  6  6.824358e+00
-20.3  6  5.347586e+00
-20.7  6  2.576193e+00
-21  6  9.294495e-01
-21.3  6  2.229181e-01
-2.170000e+01  6.000000e+00  0.0
-2.200000e+01  6.000000e+00  0.0
-13.3  8  3.032910e-10
-13.7  8  1.702220e-07
-14  8  2.119648e-05
-14.3  8  1.320342e-03
-14.7  8  2.103833e-02
-15  8  2.423147e-01
-15.3  8  1.101347e+00
-15.7  8  2.739433e+00
-16  8  5.418773e+00
-16.3  8  8.611786e+00
-16.7  8  7.910940e+00
-17  8  1.650443e+01
-17.3  8  2.562079e+01
-17.7  8  2.900619e+01
-18  8  2.766976e+01
-18.3  8  2.636634e+01
-18.7  8  1.669077e+01
-19  8  1.259926e+01
-19.3  8  9.236096e+00
-19.7  8  5.208401e+00
-20  8  4.511674e+00
-20.3  8  2.807117e+00
-20.7  8  8.442344e-01
-21  8  2.070113e-01
-2.130000e+01  8.000000e+00  0.0
-2.170000e+01  8.000000e+00  0.0
-2.200000e+01  8.000000e+00  0.0
-13.3  9  7.164223e-09
-13.7  9  2.417709e-06
-14  9  2.162221e-04
-14.3  9  9.029176e-03
-14.7  9  9.250122e-02
-15  9  7.435320e-01
-15.3  9  3.393477e+00
-15.7  9  6.113376e+00
-16  9  9.210267e+00
-16.3  9  1.026991e+01
-16.7  9  1.611127e+01
-17  9  2.951557e+01
-17.3  9  3.481185e+01
-17.7  9  3.174318e+01
-18  9  3.100616e+01
-18.3  9  2.520236e+01
-18.7  9  1.456653e+01
-19  9  1.018126e+01
-19.3  9  7.126791e+00
-19.7  9  4.390304e+00
-20  9  2.494308e+00
-20.3  9  8.671065e-01
-20.7  9  1.581030e-01
-2.100000e+01  9.000000e+00  0.0
-2.130000e+01  9.000000e+00  0.0
-2.170000e+01  9.000000e+00  0.0
-2.200000e+01  9.000000e+00  0.0
-13.3  11  1.247876e-06
-13.7  11  7.467559e-05
-14  11  2.450917e-03
-14.3  11  3.448858e-02
-14.7  11  3.329697e-01
-15  11  2.441826e+00
-15.3  11  7.674346e+00
-15.7  11  1.007842e+01
-16  11  1.114199e+01
-16.3  11  2.065844e+01
-16.7  11  1.963268e+01
-17  11  3.037065e+01
-17.3  11  3.018800e+01
-17.7  11  2.494258e+01
-18  11  2.242682e+01
-18.3  11  1.743976e+01
-18.7  11  1.152253e+01
-19  11  8.520616e+00
-19.3  11  5.820146e+00
-19.7  11  2.879477e+00
-20  11  9.550225e-01
-20.3  11  2.413524e-01
-2.070000e+01  1.100000e+01  0.0
-2.100000e+01  1.100000e+01  0.0
-2.130000e+01  1.100000e+01  0.0
-2.170000e+01  1.100000e+01  0.0
-2.200000e+01  1.100000e+01  0.0
-13.3  14  8.904634e-05
-13.7  14  1.924806e-03
-14  14  1.790920e-02
-14.3  14  1.536294e-01
-14.7  14  1.233525e+00
-15  14  4.124508e+00
-15.3  14  1.097095e+01
-15.7  14  8.286480e+00
-16  14  1.958508e+01
-16.3  14  2.629913e+01
-16.7  14  2.886417e+01
-17  14  2.518719e+01
-17.3  14  2.702719e+01
-17.7  14  1.698333e+01
-18  14  1.246735e+01
-18.3  14  9.983781e+00
-18.7  14  5.495149e+00
-19  14  4.062814e+00
-19.3  14  2.351552e+00
-19.7  14  6.470270e-01
-20  14  1.550737e-01
-2.030000e+01  1.400000e+01  0.0
-2.070000e+01  1.400000e+01  0.0
-2.100000e+01  1.400000e+01  0.0
-2.130000e+01  1.400000e+01  0.0
-2.170000e+01  1.400000e+01  0.0
-2.200000e+01  1.400000e+01  0.0
-13.3  17  6.411863e-04
-13.7  17  7.842104e-03
-14  17  8.756881e-02
-14.3  17  4.515971e-01
-14.7  17  1.549423e+00
-15  17  6.035040e+00
-15.3  17  1.129315e+01
-15.7  17  1.363910e+01
-16  17  2.120232e+01
-16.3  17  3.389021e+01
-16.7  17  2.805727e+01
-17  17  2.594822e+01
-17.3  17  2.167123e+01
-17.7  17  1.264880e+01
-18  17  8.893379e+00
-18.3  17  6.099510e+00
-18.7  17  3.753622e+00
-19  17  2.295333e+00
-19.3  17  6.979611e-01
-19.7  17  1.313035e-01
-2.000000e+01  1.700000e+01  0.0
-2.030000e+01  1.700000e+01  0.0
-2.070000e+01  1.700000e+01  0.0
-2.100000e+01  1.700000e+01  0.0
-2.130000e+01  1.700000e+01  0.0
-2.170000e+01  1.700000e+01  0.0
-2.200000e+01  1.700000e+01  0.0
-13.3  21  6.053018e-03
-13.7  21  3.394070e-02
-14  21  1.802920e-01
-14.3  21  7.112695e-01
-14.7  21  1.340008e+00
-15  21  6.577160e+00
-15.3  21  1.358989e+01
-15.7  21  1.770984e+01
-16  21  2.652218e+01
-16.3  21  2.585632e+01
-16.7  21  2.232667e+01
-17  21  1.961699e+01
-17.3  21  1.453974e+01
-17.7  21  8.121620e+00
-18  21  5.998037e+00
-18.3  21  4.854118e+00
-18.7  21  2.390497e+00
-19  21  7.723705e-01
-19.3  21  1.734450e-01
-1.970000e+01  2.100000e+01  0.0
-2.000000e+01  2.100000e+01  0.0
-2.030000e+01  2.100000e+01  0.0
-2.070000e+01  2.100000e+01  0.0
-2.100000e+01  2.100000e+01  0.0
-2.130000e+01  2.100000e+01  0.0
-2.170000e+01  2.100000e+01  0.0
-2.200000e+01  2.100000e+01  0.0
-13.3  26  2.971390e-02
-13.7  26  1.019548e-01
-14  26  4.086529e-01
-14.3  26  2.533219e+00
-14.7  26  3.824459e+00
-15  26  6.360524e+00
-15.3  26  1.630084e+01
-15.7  26  1.706038e+01
-16  26  2.325299e+01
-16.3  26  2.232940e+01
-16.7  26  1.762083e+01
-17  26  1.399927e+01
-17.3  26  9.541533e+00
-17.7  26  5.727320e+00
-18  26  4.810939e+00
-18.3  26  2.837852e+00
-18.7  26  8.099153e-01
-19  26  1.838637e-01
-1.930000e+01  2.600000e+01  0.0
-1.970000e+01  2.600000e+01  0.0
-2.000000e+01  2.600000e+01  0.0
-2.030000e+01  2.600000e+01  0.0
-2.070000e+01  2.600000e+01  0.0
-2.100000e+01  2.600000e+01  0.0
-2.130000e+01  2.600000e+01  0.0
-2.170000e+01  2.600000e+01  0.0
-2.200000e+01  2.600000e+01  0.0
-13.3  32  6.268820e-02
-13.7  32  1.050779e-01
-14  32  1.184196e+00
-14.3  32  1.694627e+00
-14.7  32  4.869333e+00
-15  32  6.582210e+00
-15.3  32  1.712094e+01
-15.7  32  1.370896e+01
-16  32  1.732415e+01
-16.3  32  1.710873e+01
-16.7  32  1.103128e+01
-17  32  8.925090e+00
-17.3  32  6.952301e+00
-17.7  32  4.129880e+00
-18  32  2.552724e+00
-18.3  32  9.316096e-01
-18.7  32  1.722448e-01
-1.900000e+01  3.200000e+01  0.0
-1.930000e+01  3.200000e+01  0.0
-1.970000e+01  3.200000e+01  0.0
-2.000000e+01  3.200000e+01  0.0
-2.030000e+01  3.200000e+01  0.0
-2.070000e+01  3.200000e+01  0.0
-2.100000e+01  3.200000e+01  0.0
-2.130000e+01  3.200000e+01  0.0
-2.170000e+01  3.200000e+01  0.0
-2.200000e+01  3.200000e+01  0.0
-13.3  39  8.143159e-02
-13.7  39  6.401909e-01
-14  39  1.522181e+00
-14.3  39  3.026272e+00
-14.7  39  5.350522e+00
-15  39  7.852733e+00
-15.3  39  1.516580e+01
-15.7  39  1.227243e+01
-16  39  1.265231e+01
-16.3  39  9.944558e+00
-16.7  39  5.999453e+00
-17  39  4.352779e+00
-17.3  39  3.216524e+00
-17.7  39  1.677445e+00
-18  39  5.640287e-01
-1.830000e+01  3.900000e+01  0.0
-1.870000e+01  3.900000e+01  0.0
-1.900000e+01  3.900000e+01  0.0
-1.930000e+01  3.900000e+01  0.0
-1.970000e+01  3.900000e+01  0.0
-2.000000e+01  3.900000e+01  0.0
-2.030000e+01  3.900000e+01  0.0
-2.070000e+01  3.900000e+01  0.0
-2.100000e+01  3.900000e+01  0.0
-2.130000e+01  3.900000e+01  0.0
-2.170000e+01  3.900000e+01  0.0
-2.200000e+01  3.900000e+01  0.0
-13.3  48  1.947796e-01
-13.7  48  3.342700e-01
-14  48  9.333284e-01
-14.3  48  6.043332e+00
-14.7  48  2.831378e+00
-15  48  8.650059e+00
-15.3  48  8.235430e+00
-15.7  48  8.816869e+00
-16  48  7.565337e+00
-16.3  48  6.303615e+00
-16.7  48  3.662303e+00
-17  48  2.657377e+00
-17.3  48  1.812040e+00
-17.7  48  5.431003e-01
-1.800000e+01  4.800000e+01  0.0
-1.830000e+01  4.800000e+01  0.0
-1.870000e+01  4.800000e+01  0.0
-1.900000e+01  4.800000e+01  0.0
-1.930000e+01  4.800000e+01  0.0
-1.970000e+01  4.800000e+01  0.0
-2.000000e+01  4.800000e+01  0.0
-2.030000e+01  4.800000e+01  0.0
-2.070000e+01  4.800000e+01  0.0
-2.100000e+01  4.800000e+01  0.0
-2.130000e+01  4.800000e+01  0.0
-2.170000e+01  4.800000e+01  0.0
-2.200000e+01  4.800000e+01  0.0
-13.3  58  1.161778e-01
-13.7  58  4.112947e-01
-14  58  1.573664e+00
-14.3  58  2.784592e+00
-14.7  58  2.465752e+00
-15  58  3.965205e+00
-15.3  58  6.801679e+00
-15.7  58  5.683005e+00
-16  58  4.626223e+00
-16.3  58  3.539160e+00
-16.7  58  2.232546e+00
-17  58  1.545532e+00
-17.3  58  6.408841e-01
-1.770000e+01  5.800000e+01  0.0
-1.800000e+01  5.800000e+01  0.0
-1.830000e+01  5.800000e+01  0.0
-1.870000e+01  5.800000e+01  0.0
-1.900000e+01  5.800000e+01  0.0
-1.930000e+01  5.800000e+01  0.0
-1.970000e+01  5.800000e+01  0.0
-2.000000e+01  5.800000e+01  0.0
-2.030000e+01  5.800000e+01  0.0
-2.070000e+01  5.800000e+01  0.0
-2.100000e+01  5.800000e+01  0.0
-2.130000e+01  5.800000e+01  0.0
-2.170000e+01  5.800000e+01  0.0
-2.200000e+01  5.800000e+01  0.0
-13.3  88  7.319833e-02
-13.7  88  1.027515e-01
-14  88  1.673081e-01
-14.3  88  4.222599e-01
-14.7  88  5.722907e-01
-15  88  7.082702e-01
-15.3  88  8.041253e-01
-15.7  88  5.130072e-01
-16  88  5.275359e-01
-16.3  88  4.695550e-01
-16.7  88  2.135264e-01
-17  88  5.747001e-02
-1.730000e+01  8.800000e+01  0.0
-1.770000e+01  8.800000e+01  0.0
-1.800000e+01  8.800000e+01  0.0
-1.830000e+01  8.800000e+01  0.0
-1.870000e+01  8.800000e+01  0.0
-1.900000e+01  8.800000e+01  0.0
-1.930000e+01  8.800000e+01  0.0
-1.970000e+01  8.800000e+01  0.0
-2.000000e+01  8.800000e+01  0.0
-2.030000e+01  8.800000e+01  0.0
-2.070000e+01  8.800000e+01  0.0
-2.100000e+01  8.800000e+01  0.0
-2.130000e+01  8.800000e+01  0.0
-2.170000e+01  8.800000e+01  0.0
-2.200000e+01  8.800000e+01  0.0
-13.3  108  0.000000e+00
-13.7  108  0.000000e+00
-14  108  0.000000e+00
-14.3  108  0.000000e+00
-14.7  108  0.000000e+00
-15  108  0.000000e+00
-15.3  108  0.000000e+00
-15.7  108  0.000000e+00
-16  108  0.000000e+00
-16.3  108  0.000000e+00
-16.7  108  0.000000e+00
-1.700000e+01  1.080000e+02  0.0
-1.730000e+01  1.080000e+02  0.0
-1.770000e+01  1.080000e+02  0.0
-1.800000e+01  1.080000e+02  0.0
-1.830000e+01  1.080000e+02  0.0
-1.870000e+01  1.080000e+02  0.0
-1.900000e+01  1.080000e+02  0.0
-1.930000e+01  1.080000e+02  0.0
-1.970000e+01  1.080000e+02  0.0
-2.000000e+01  1.080000e+02  0.0
-2.030000e+01  1.080000e+02  0.0
-2.070000e+01  1.080000e+02  0.0
-2.100000e+01  1.080000e+02  0.0
-2.130000e+01  1.080000e+02  0.0
-2.170000e+01  1.080000e+02  0.0
-2.200000e+01  1.080000e+02  0.0
-13.3  132  0.000000e+00
-13.7  132  0.000000e+00
-14  132  0.000000e+00
-14.3  132  0.000000e+00
-14.7  132  0.000000e+00
-15  132  0.000000e+00
-15.3  132  0.000000e+00
-15.7  132  0.000000e+00
-16  132  0.000000e+00
-16.3  132  0.000000e+00
-1.670000e+01  1.320000e+02  0.0
-1.700000e+01  1.320000e+02  0.0
-1.730000e+01  1.320000e+02  0.0
-1.770000e+01  1.320000e+02  0.0
-1.800000e+01  1.320000e+02  0.0
-1.830000e+01  1.320000e+02  0.0
-1.870000e+01  1.320000e+02  0.0
-1.900000e+01  1.320000e+02  0.0
-1.930000e+01  1.320000e+02  0.0
-1.970000e+01  1.320000e+02  0.0
-2.000000e+01  1.320000e+02  0.0
-2.030000e+01  1.320000e+02  0.0
-2.070000e+01  1.320000e+02  0.0
-2.100000e+01  1.320000e+02  0.0
-2.130000e+01  1.320000e+02  0.0
-2.170000e+01  1.320000e+02  0.0
-2.200000e+01  1.320000e+02  0.0
-13.3  162  0.000000e+00
-13.7  162  0.000000e+00
-14  162  0.000000e+00
-14.3  162  0.000000e+00
-14.7  162  0.000000e+00
-15  162  0.000000e+00
-15.3  162  0.000000e+00
-15.7  162  0.000000e+00
-16  162  0.000000e+00
-1.630000e+01  1.620000e+02  0.0
-1.670000e+01  1.620000e+02  0.0
-1.700000e+01  1.620000e+02  0.0
-1.730000e+01  1.620000e+02  0.0
-1.770000e+01  1.620000e+02  0.0
-1.800000e+01  1.620000e+02  0.0
-1.830000e+01  1.620000e+02  0.0
-1.870000e+01  1.620000e+02  0.0
-1.900000e+01  1.620000e+02  0.0
-1.930000e+01  1.620000e+02  0.0
-1.970000e+01  1.620000e+02  0.0
-2.000000e+01  1.620000e+02  0.0
-2.030000e+01  1.620000e+02  0.0
-2.070000e+01  1.620000e+02  0.0
-2.100000e+01  1.620000e+02  0.0
-2.130000e+01  1.620000e+02  0.0
-2.170000e+01  1.620000e+02  0.0
-2.200000e+01  1.620000e+02  0.0
-13.3  199  0.000000e+00
-13.7  199  0.000000e+00
-14  199  0.000000e+00
-14.3  199  0.000000e+00
-14.7  199  0.000000e+00
-15  199  0.000000e+00
-15.3  199  0.000000e+00
-15.7  199  0.000000e+00
-1.600000e+01  1.990000e+02  0.0
-1.630000e+01  1.990000e+02  0.0
-1.670000e+01  1.990000e+02  0.0
-1.700000e+01  1.990000e+02  0.0
-1.730000e+01  1.990000e+02  0.0
-1.770000e+01  1.990000e+02  0.0
-1.800000e+01  1.990000e+02  0.0
-1.830000e+01  1.990000e+02  0.0
-1.870000e+01  1.990000e+02  0.0
-1.900000e+01  1.990000e+02  0.0
-1.930000e+01  1.990000e+02  0.0
-1.970000e+01  1.990000e+02  0.0
-2.000000e+01  1.990000e+02  0.0
-2.030000e+01  1.990000e+02  0.0
-2.070000e+01  1.990000e+02  0.0
-2.100000e+01  1.990000e+02  0.0
-2.130000e+01  1.990000e+02  0.0
-2.170000e+01  1.990000e+02  0.0
-2.200000e+01  1.990000e+02  0.0
-13.3  244  0.000000e+00
-13.7  244  0.000000e+00
-14  244  0.000000e+00
-14.3  244  0.000000e+00
-14.7  244  0.000000e+00
-15  244  0.000000e+00
-15.3  244  0.000000e+00
-15.7  244  0.000000e+00
-1.600000e+01  2.440000e+02  0.0
-1.630000e+01  2.440000e+02  0.0
-1.670000e+01  2.440000e+02  0.0
-1.700000e+01  2.440000e+02  0.0
-1.730000e+01  2.440000e+02  0.0
-1.770000e+01  2.440000e+02  0.0
-1.800000e+01  2.440000e+02  0.0
-1.830000e+01  2.440000e+02  0.0
-1.870000e+01  2.440000e+02  0.0
-1.900000e+01  2.440000e+02  0.0
-1.930000e+01  2.440000e+02  0.0
-1.970000e+01  2.440000e+02  0.0
-2.000000e+01  2.440000e+02  0.0
-2.030000e+01  2.440000e+02  0.0
-2.070000e+01  2.440000e+02  0.0
-2.100000e+01  2.440000e+02  0.0
-2.130000e+01  2.440000e+02  0.0
-2.170000e+01  2.440000e+02  0.0
-2.200000e+01  2.440000e+02  0.0
-13.3  300  0.000000e+00
-13.7  300  0.000000e+00
-14  300  0.000000e+00
-14.3  300  0.000000e+00
-14.7  300  0.000000e+00
-15  300  0.000000e+00
-15.3  300  0.000000e+00
-1.570000e+01  3.000000e+02  0.0
-1.600000e+01  3.000000e+02  0.0
-1.630000e+01  3.000000e+02  0.0
-1.670000e+01  3.000000e+02  0.0
-1.700000e+01  3.000000e+02  0.0
-1.730000e+01  3.000000e+02  0.0
-1.770000e+01  3.000000e+02  0.0
-1.800000e+01  3.000000e+02  0.0
-1.830000e+01  3.000000e+02  0.0
-1.870000e+01  3.000000e+02  0.0
-1.900000e+01  3.000000e+02  0.0
-1.930000e+01  3.000000e+02  0.0
-1.970000e+01  3.000000e+02  0.0
-2.000000e+01  3.000000e+02  0.0
-2.030000e+01  3.000000e+02  0.0
-2.070000e+01  3.000000e+02  0.0
-2.100000e+01  3.000000e+02  0.0
-2.130000e+01  3.000000e+02  0.0
-2.170000e+01  3.000000e+02  0.0
-2.200000e+01  3.000000e+02  0.0
