# log10(y)    mass[MeV]    Nhits
-13.3  5  8.166479e-19
-13.7  5  4.069834e-14
-14  5  2.825180e-10
-14.3  5  2.807879e-07
-14.7  5  4.759870e-05
-15  5  2.494101e-03
-15.3  5  5.054628e-02
-15.7  5  3.751715e-01
-16  5  1.583030e+00
-16.3  5  6.296019e+00
-16.7  5  9.662414e+00
-17  5  1.909698e+01
-17.3  5  2.131894e+01
-17.7  5  3.805582e+01
-18  5  4.387753e+01
-18.3  5  4.120300e+01
-18.7  5  3.007719e+01
-19  5  2.334569e+01
-19.3  5  1.636109e+01
-19.7  5  8.041259e+00
-20  5  5.140957e+00
-20.3  5  3.205385e+00
-20.7  5  1.645195e+00
-21  5  9.460191e-01
-21.3  5  3.340953e-01
-21.7  5  5.421249e-02
-2.200000e+01  5.000000e+00  0.0
-13.3  6  6.502088e-15
-13.7  6  3.553937e-11
-14  6  2.210011e-08
-14.3  6  8.102806e-06
-14.7  6  6.095130e-04
-15  6  1.509851e-02
-15.3  6  2.249818e-01
-15.7  6  9.966799e-01
-16  6  3.728647e+00
-16.3  6  8.698443e+00
-16.7  6  1.404208e+01
-17  6  1.717424e+01
-17.3  6  4.722582e+01
-17.7  6  5.286651e+01
-18  6  5.640923e+01
-18.3  6  4.641226e+01
-18.7  6  3.184464e+01
-19  6  2.375977e+01
-19.3  6  1.583879e+01
-19.7  6  7.530094e+00
-20  6  5.126122e+00
-20.3  6  3.770269e+00
-20.7  6  1.747355e+00
-21  6  5.915892e-01
-21.3  6  1.299136e-01
-2.170000e+01  6.000000e+00  0.0
-2.200000e+01  6.000000e+00  0.0
-13.3  8  1.330537e-10
-13.7  8  7.865779e-08
-14  8  1.077094e-05
-14.3  8  7.487969e-04
-14.7  8  1.317478e-02
-15  8  1.636651e-01
-15.3  8  7.998911e-01
-15.7  8  2.199062e+00
-16  8  5.000755e+00
-16.3  8  9.223064e+00
-16.7  8  9.073300e+00
-17  8  2.186258e+01
-17.3  8  3.582059e+01
-17.7  8  4.096098e+01
-18  8  3.867956e+01
-18.3  8  3.585604e+01
-18.7  8  2.189678e+01
-19  8  1.576361e+01
-19.3  8  1.076758e+01
-19.7  8  5.673163e+00
-20  8  4.672025e+00
-20.3  8  2.813045e+00
-20.7  8  7.956611e-01
-21  8  1.790009e-01
-2.130000e+01  8.000000e+00  0.0
-2.170000e+01  8.000000e+00  0.0
-2.200000e+01  8.000000e+00  0.0
-13.3  9  1.158165e-08
-13.7  9  2.950569e-06
-14  9  2.215889e-04
-14.3  9  8.580045e-03
-14.7  9  8.592539e-02
-15  9  6.844597e-01
-15.3  9  3.123033e+00
-15.7  9  5.790578e+00
-16  9  9.340365e+00
-16.3  9  1.088590e+01
-16.7  9  1.965027e+01
-17  9  3.924080e+01
-17.3  9  4.822439e+01
-17.7  9  4.506849e+01
-18  9  4.474369e+01
-18.3  9  3.683454e+01
-18.7  9  2.161241e+01
-19  9  1.545714e+01
-19.3  9  1.107728e+01
-19.7  9  6.959810e+00
-20  9  4.003943e+00
-20.3  9  1.423593e+00
-20.7  9  2.695406e-01
-2.100000e+01  9.000000e+00  0.0
-2.130000e+01  9.000000e+00  0.0
-2.170000e+01  9.000000e+00  0.0
-2.200000e+01  9.000000e+00  0.0
-13.3  11  1.404959e-06
-13.7  11  8.623597e-05
-14  11  2.721970e-03
-14.3  11  3.513855e-02
-14.7  11  3.108349e-01
-15  11  2.146898e+00
-15.3  11  6.544448e+00
-15.7  11  8.612139e+00
-16  11  9.669532e+00
-16.3  11  1.946994e+01
-16.7  11  2.057922e+01
-17  11  3.510361e+01
-17.3  11  3.738176e+01
-17.7  11  3.213410e+01
-18  11  2.962503e+01
-18.3  11  2.314973e+01
-18.7  11  1.517635e+01
-19  11  1.106923e+01
-19.3  11  7.465749e+00
-19.7  11  3.663639e+00
-20  11  1.197633e+00
-20.3  11  2.952999e-01
-2.070000e+01  1.100000e+01  0.0
-2.100000e+01  1.100000e+01  0.0
-2.130000e+01  1.100000e+01  0.0
-2.170000e+01  1.100000e+01  0.0
-2.200000e+01  1.100000e+01  0.0
-13.3  14  8.474906e-05
-13.7  14  1.886367e-03
-14  14  1.815538e-02
-14.3  14  1.592262e-01
-14.7  14  1.269831e+00
-15  14  4.110372e+00
-15.3  14  1.050730e+01
-15.7  14  7.799731e+00
-16  14  1.808289e+01
-16.3  14  2.473437e+01
-16.7  14  2.821171e+01
-17  14  2.605836e+01
-17.3  14  2.992957e+01
-17.7  14  2.017812e+01
-18  14  1.564516e+01
-18.3  14  1.326004e+01
-18.7  14  7.585127e+00
-19  14  5.740891e+00
-19.3  14  3.362599e+00
-19.7  14  9.425838e-01
-20  14  2.306801e-01
-2.030000e+01  1.400000e+01  0.0
-2.070000e+01  1.400000e+01  0.0
-2.100000e+01  1.400000e+01  0.0
-2.130000e+01  1.400000e+01  0.0
-2.170000e+01  1.400000e+01  0.0
-2.200000e+01  1.400000e+01  0.0
-13.3  17  9.169242e-04
-13.7  17  1.036615e-02
-14  17  1.094359e-01
-14.3  17  5.415318e-01
-14.7  17  1.778222e+00
-15  17  6.562883e+00
-15.3  17  1.187791e+01
-15.7  17  1.360373e+01
-16  17  2.025806e+01
-16.3  17  3.195533e+01
-16.7  17  2.665413e+01
-17  17  2.528251e+01
-17.3  17  2.197870e+01
-17.7  17  1.336165e+01
-18  17  9.903183e+00
-18.3  17  7.095631e+00
-18.7  17  4.503475e+00
-19  17  2.801953e+00
-19.3  17  8.778499e-01
-19.7  17  1.717557e-01
-2.000000e+01  1.700000e+01  0.0
-2.030000e+01  1.700000e+01  0.0
-2.070000e+01  1.700000e+01  0.0
-2.100000e+01  1.700000e+01  0.0
-2.130000e+01  1.700000e+01  0.0
-2.170000e+01  1.700000e+01  0.0
-2.200000e+01  1.700000e+01  0.0
-13.3  21  8.001976e-03
-13.7  21  4.500312e-02
-14  21  2.341513e-01
-14.3  21  8.928751e-01
-14.7  21  1.609052e+00
-15  21  7.627597e+00
-15.3  21  1.495998e+01
-15.7  21  1.831397e+01
-16  21  2.625903e+01
-16.3  21  2.474010e+01
-16.7  21  2.100341e+01
-17  21  1.824407e+01
-17.3  21  1.349588e+01
-17.7  21  7.574742e+00
-18  21  5.661252e+00
-18.3  21  4.627260e+00
-18.7  21  2.293815e+00
-19  21  7.508525e-01
-19.3  21  1.723593e-01
-1.970000e+01  2.100000e+01  0.0
-2.000000e+01  2.100000e+01  0.0
-2.030000e+01  2.100000e+01  0.0
-2.070000e+01  2.100000e+01  0.0
-2.100000e+01  2.100000e+01  0.0
-2.130000e+01  2.100000e+01  0.0
-2.170000e+01  2.100000e+01  0.0
-2.200000e+01  2.100000e+01  0.0
-13.3  26  2.590882e-02
-13.7  26  9.761704e-02
-14  26  4.226935e-01
-14.3  26  2.760029e+00
-14.7  26  4.257398e+00
-15  26  7.126591e+00
-15.3  26  1.796205e+01
-15.7  26  1.826692e+01
-16  26  2.398936e+01
-16.3  26  2.224563e+01
-16.7  26  1.693826e+01
-17  26  1.306549e+01
-17.3  26  8.600988e+00
-17.7  26  4.992283e+00
-18  26  4.115796e+00
-18.3  26  2.397733e+00
-18.7  26  6.715740e-01
-19  26  1.479429e-01
-1.930000e+01  2.600000e+01  0.0
-1.970000e+01  2.600000e+01  0.0
-2.000000e+01  2.600000e+01  0.0
-2.030000e+01  2.600000e+01  0.0
-2.070000e+01  2.600000e+01  0.0
-2.100000e+01  2.600000e+01  0.0
-2.130000e+01  2.600000e+01  0.0
-2.170000e+01  2.600000e+01  0.0
-2.200000e+01  2.600000e+01  0.0
-13.3  32  5.219755e-02
-13.7  32  9.188168e-02
-14  32  1.104269e+00
-14.3  32  1.665963e+00
-14.7  32  4.931467e+00
-15  32  6.996447e+00
-15.3  32  1.845458e+01
-15.7  32  1.474763e+01
-16  32  1.843820e+01
-16.3  32  1.791379e+01
-16.7  32  1.133621e+01
-17  32  9.002220e+00
-17.3  32  6.912208e+00
-17.7  32  4.058891e+00
-18  32  2.496433e+00
-18.3  32  9.034890e-01
-18.7  32  1.651802e-01
-1.900000e+01  3.200000e+01  0.0
-1.930000e+01  3.200000e+01  0.0
-1.970000e+01  3.200000e+01  0.0
-2.000000e+01  3.200000e+01  0.0
-2.030000e+01  3.200000e+01  0.0
-2.070000e+01  3.200000e+01  0.0
-2.100000e+01  3.200000e+01  0.0
-2.130000e+01  3.200000e+01  0.0
-2.170000e+01  3.200000e+01  0.0
-2.200000e+01  3.200000e+01  0.0
-13.3  39  7.735006e-02
-13.7  39  6.176049e-01
-14  39  1.487808e+00
-14.3  39  3.082616e+00
-14.7  39  5.624093e+00
-15  39  8.460206e+00
-15.3  39  1.669246e+01
-15.7  39  1.372707e+01
-16  39  1.435870e+01
-16.3  39  1.143709e+01
-16.7  39  6.971473e+00
-17  39  5.109550e+00
-17.3  39  3.789372e+00
-17.7  39  1.988118e+00
-18  39  6.749772e-01
-1.830000e+01  3.900000e+01  0.0
-1.870000e+01  3.900000e+01  0.0
-1.900000e+01  3.900000e+01  0.0
-1.930000e+01  3.900000e+01  0.0
-1.970000e+01  3.900000e+01  0.0
-2.000000e+01  3.900000e+01  0.0
-2.030000e+01  3.900000e+01  0.0
-2.070000e+01  3.900000e+01  0.0
-2.100000e+01  3.900000e+01  0.0
-2.130000e+01  3.900000e+01  0.0
-2.170000e+01  3.900000e+01  0.0
-2.200000e+01  3.900000e+01  0.0
-13.3  48  1.764638e-01
-13.7  48  3.068643e-01
-14  48  8.795802e-01
-14.3  48  5.912277e+00
-14.7  48  2.844520e+00
-15  48  8.900743e+00
-15.3  48  8.620490e+00
-15.7  48  9.355923e+00
-16  48  8.111351e+00
-16.3  48  6.809129e+00
-16.7  48  3.974005e+00
-17  48  2.885967e+00
-17.3  48  1.970571e+00
-17.7  48  5.915250e-01
-1.800000e+01  4.800000e+01  0.0
-1.830000e+01  4.800000e+01  0.0
-1.870000e+01  4.800000e+01  0.0
-1.900000e+01  4.800000e+01  0.0
-1.930000e+01  4.800000e+01  0.0
-1.970000e+01  4.800000e+01  0.0
-2.000000e+01  4.800000e+01  0.0
-2.030000e+01  4.800000e+01  0.0
-2.070000e+01  4.800000e+01  0.0
-2.100000e+01  4.800000e+01  0.0
-2.130000e+01  4.800000e+01  0.0
-2.170000e+01  4.800000e+01  0.0
-2.200000e+01  4.800000e+01  0.0
-13.3  58  9.940798e-02
-13.7  58  3.586993e-01
-14  58  1.414915e+00
-14.3  58  2.572729e+00
-14.7  58  2.334595e+00
-15  58  3.831254e+00
-15.3  58  6.698081e+00
-15.7  58  5.694091e+00
-16  58  4.707251e+00
-16.3  58  3.650300e+00
-16.7  58  2.309444e+00
-17  58  1.606717e+00
-17.3  58  6.715304e-01
-1.770000e+01  5.800000e+01  0.0
-1.800000e+01  5.800000e+01  0.0
-1.830000e+01  5.800000e+01  0.0
-1.870000e+01  5.800000e+01  0.0
-1.900000e+01  5.800000e+01  0.0
-1.930000e+01  5.800000e+01  0.0
-1.970000e+01  5.800000e+01  0.0
-2.000000e+01  5.800000e+01  0.0
-2.030000e+01  5.800000e+01  0.0
-2.070000e+01  5.800000e+01  0.0
-2.100000e+01  5.800000e+01  0.0
-2.130000e+01  5.800000e+01  0.0
-2.170000e+01  5.800000e+01  0.0
-2.200000e+01  5.800000e+01  0.0
-13.3  88  5.362427e-02
-13.7  88  7.314483e-02
-14  88  1.169873e-01
-14.3  88  2.919890e-01
-14.7  88  3.926243e-01
-15  88  4.826878e-01
-15.3  88  5.449743e-01
-15.7  88  3.460584e-01
-16  88  3.544650e-01
-16.3  88  3.152943e-01
-16.7  88  1.433278e-01
-17  88  3.853910e-02
-1.730000e+01  8.800000e+01  0.0
-1.770000e+01  8.800000e+01  0.0
-1.800000e+01  8.800000e+01  0.0
-1.830000e+01  8.800000e+01  0.0
-1.870000e+01  8.800000e+01  0.0
-1.900000e+01  8.800000e+01  0.0
-1.930000e+01  8.800000e+01  0.0
-1.970000e+01  8.800000e+01  0.0
-2.000000e+01  8.800000e+01  0.0
-2.030000e+01  8.800000e+01  0.0
-2.070000e+01  8.800000e+01  0.0
-2.100000e+01  8.800000e+01  0.0
-2.130000e+01  8.800000e+01  0.0
-2.170000e+01  8.800000e+01  0.0
-2.200000e+01  8.800000e+01  0.0
-13.3  108  0.000000e+00
-13.7  108  0.000000e+00
-14  108  0.000000e+00
-14.3  108  0.000000e+00
-14.7  108  0.000000e+00
-15  108  0.000000e+00
-15.3  108  0.000000e+00
-15.7  108  0.000000e+00
-16  108  0.000000e+00
-16.3  108  0.000000e+00
-16.7  108  0.000000e+00
-1.700000e+01  1.080000e+02  0.0
-1.730000e+01  1.080000e+02  0.0
-1.770000e+01  1.080000e+02  0.0
-1.800000e+01  1.080000e+02  0.0
-1.830000e+01  1.080000e+02  0.0
-1.870000e+01  1.080000e+02  0.0
-1.900000e+01  1.080000e+02  0.0
-1.930000e+01  1.080000e+02  0.0
-1.970000e+01  1.080000e+02  0.0
-2.000000e+01  1.080000e+02  0.0
-2.030000e+01  1.080000e+02  0.0
-2.070000e+01  1.080000e+02  0.0
-2.100000e+01  1.080000e+02  0.0
-2.130000e+01  1.080000e+02  0.0
-2.170000e+01  1.080000e+02  0.0
-2.200000e+01  1.080000e+02  0.0
-13.3  132  0.000000e+00
-13.7  132  0.000000e+00
-14  132  0.000000e+00
-14.3  132  0.000000e+00
-14.7  132  0.000000e+00
-15  132  0.000000e+00
-15.3  132  0.000000e+00
-15.7  132  0.000000e+00
-16  132  0.000000e+00
-16.3  132  0.000000e+00
-1.670000e+01  1.320000e+02  0.0
-1.700000e+01  1.320000e+02  0.0
-1.730000e+01  1.320000e+02  0.0
-1.770000e+01  1.320000e+02  0.0
-1.800000e+01  1.320000e+02  0.0
-1.830000e+01  1.320000e+02  0.0
-1.870000e+01  1.320000e+02  0.0
-1.900000e+01  1.320000e+02  0.0
-1.930000e+01  1.320000e+02  0.0
-1.970000e+01  1.320000e+02  0.0
-2.000000e+01  1.320000e+02  0.0
-2.030000e+01  1.320000e+02  0.0
-2.070000e+01  1.320000e+02  0.0
-2.100000e+01  1.320000e+02  0.0
-2.130000e+01  1.320000e+02  0.0
-2.170000e+01  1.320000e+02  0.0
-2.200000e+01  1.320000e+02  0.0
-13.3  162  0.000000e+00
-13.7  162  0.000000e+00
-14  162  0.000000e+00
-14.3  162  0.000000e+00
-14.7  162  0.000000e+00
-15  162  0.000000e+00
-15.3  162  0.000000e+00
-15.7  162  0.000000e+00
-16  162  0.000000e+00
-1.630000e+01  1.620000e+02  0.0
-1.670000e+01  1.620000e+02  0.0
-1.700000e+01  1.620000e+02  0.0
-1.730000e+01  1.620000e+02  0.0
-1.770000e+01  1.620000e+02  0.0
-1.800000e+01  1.620000e+02  0.0
-1.830000e+01  1.620000e+02  0.0
-1.870000e+01  1.620000e+02  0.0
-1.900000e+01  1.620000e+02  0.0
-1.930000e+01  1.620000e+02  0.0
-1.970000e+01  1.620000e+02  0.0
-2.000000e+01  1.620000e+02  0.0
-2.030000e+01  1.620000e+02  0.0
-2.070000e+01  1.620000e+02  0.0
-2.100000e+01  1.620000e+02  0.0
-2.130000e+01  1.620000e+02  0.0
-2.170000e+01  1.620000e+02  0.0
-2.200000e+01  1.620000e+02  0.0
-13.3  199  0.000000e+00
-13.7  199  0.000000e+00
-14  199  0.000000e+00
-14.3  199  0.000000e+00
-14.7  199  0.000000e+00
-15  199  0.000000e+00
-15.3  199  0.000000e+00
-15.7  199  0.000000e+00
-1.600000e+01  1.990000e+02  0.0
-1.630000e+01  1.990000e+02  0.0
-1.670000e+01  1.990000e+02  0.0
-1.700000e+01  1.990000e+02  0.0
-1.730000e+01  1.990000e+02  0.0
-1.770000e+01  1.990000e+02  0.0
-1.800000e+01  1.990000e+02  0.0
-1.830000e+01  1.990000e+02  0.0
-1.870000e+01  1.990000e+02  0.0
-1.900000e+01  1.990000e+02  0.0
-1.930000e+01  1.990000e+02  0.0
-1.970000e+01  1.990000e+02  0.0
-2.000000e+01  1.990000e+02  0.0
-2.030000e+01  1.990000e+02  0.0
-2.070000e+01  1.990000e+02  0.0
-2.100000e+01  1.990000e+02  0.0
-2.130000e+01  1.990000e+02  0.0
-2.170000e+01  1.990000e+02  0.0
-2.200000e+01  1.990000e+02  0.0
-13.3  244  0.000000e+00
-13.7  244  0.000000e+00
-14  244  0.000000e+00
-14.3  244  0.000000e+00
-14.7  244  0.000000e+00
-15  244  0.000000e+00
-15.3  244  0.000000e+00
-15.7  244  0.000000e+00
-1.600000e+01  2.440000e+02  0.0
-1.630000e+01  2.440000e+02  0.0
-1.670000e+01  2.440000e+02  0.0
-1.700000e+01  2.440000e+02  0.0
-1.730000e+01  2.440000e+02  0.0
-1.770000e+01  2.440000e+02  0.0
-1.800000e+01  2.440000e+02  0.0
-1.830000e+01  2.440000e+02  0.0
-1.870000e+01  2.440000e+02  0.0
-1.900000e+01  2.440000e+02  0.0
-1.930000e+01  2.440000e+02  0.0
-1.970000e+01  2.440000e+02  0.0
-2.000000e+01  2.440000e+02  0.0
-2.030000e+01  2.440000e+02  0.0
-2.070000e+01  2.440000e+02  0.0
-2.100000e+01  2.440000e+02  0.0
-2.130000e+01  2.440000e+02  0.0
-2.170000e+01  2.440000e+02  0.0
-2.200000e+01  2.440000e+02  0.0
-13.3  300  0.000000e+00
-13.7  300  0.000000e+00
-14  300  0.000000e+00
-14.3  300  0.000000e+00
-14.7  300  0.000000e+00
-15  300  0.000000e+00
-15.3  300  0.000000e+00
-1.570000e+01  3.000000e+02  0.0
-1.600000e+01  3.000000e+02  0.0
-1.630000e+01  3.000000e+02  0.0
-1.670000e+01  3.000000e+02  0.0
-1.700000e+01  3.000000e+02  0.0
-1.730000e+01  3.000000e+02  0.0
-1.770000e+01  3.000000e+02  0.0
-1.800000e+01  3.000000e+02  0.0
-1.830000e+01  3.000000e+02  0.0
-1.870000e+01  3.000000e+02  0.0
-1.900000e+01  3.000000e+02  0.0
-1.930000e+01  3.000000e+02  0.0
-1.970000e+01  3.000000e+02  0.0
-2.000000e+01  3.000000e+02  0.0
-2.030000e+01  3.000000e+02  0.0
-2.070000e+01  3.000000e+02  0.0
-2.100000e+01  3.000000e+02  0.0
-2.130000e+01  3.000000e+02  0.0
-2.170000e+01  3.000000e+02  0.0
-2.200000e+01  3.000000e+02  0.0
