# log10(y)    mass[MeV]    Nhits
-13.3  5  1.157754e-19
-13.7  5  5.067702e-15
-14  5  4.980553e-11
-14.3  5  8.504278e-08
-14.7  5  2.326055e-05
-15  5  1.675221e-03
-15.3  5  3.950594e-02
-15.7  5  3.008424e-01
-16  5  1.199131e+00
-16.3  5  4.369978e+00
-16.7  5  6.312600e+00
-17  5  1.241088e+01
-17.3  5  1.407335e+01
-17.7  5  2.811084e+01
-18  5  3.628141e+01
-18.3  5  3.817235e+01
-18.7  5  3.148948e+01
-19  5  2.767093e+01
-19.3  5  2.145951e+01
-19.7  5  1.162081e+01
-20  5  8.141237e+00
-20.3  5  5.617197e+00
-20.7  5  3.043392e+00
-21  5  1.801024e+00
-21.3  5  6.699810e-01
-21.7  5  1.166274e-01
-2.200000e+01  5.000000e+00  0.0
-13.3  6  1.758679e-14
-13.7  6  1.132613e-10
-14  6  7.433544e-08
-14.3  6  2.314446e-05
-14.7  6  1.255455e-03
-15  6  2.244706e-02
-15.3  6  2.685449e-01
-15.7  6  1.047889e+00
-16  6  3.562782e+00
-16.3  6  7.504978e+00
-16.7  6  1.106933e+01
-17  6  1.308787e+01
-17.3  6  3.434573e+01
-17.7  6  3.950639e+01
-18  6  4.451296e+01
-18.3  6  3.957041e+01
-18.7  6  2.980134e+01
-19  6  2.420243e+01
-19.3  6  1.760432e+01
-19.7  6  9.287550e+00
-20  6  6.874763e+00
-20.3  6  5.345902e+00
-20.7  6  2.562964e+00
-21  6  9.172154e-01
-21.3  6  2.174813e-01
-2.170000e+01  6.000000e+00  0.0
-2.200000e+01  6.000000e+00  0.0
-13.3  8  1.147628e-10
-13.7  8  7.371264e-08
-14  8  1.185283e-05
-14.3  8  9.979303e-04
-14.7  8  2.077324e-02
-15  8  2.875779e-01
-15.3  8  1.441788e+00
-15.7  8  3.698167e+00
-16  8  7.337511e+00
-16.3  8  1.156249e+01
-16.7  8  1.050848e+01
-17  8  2.057283e+01
-17.3  8  2.965575e+01
-17.7  8  3.193231e+01
-18  8  2.941151e+01
-18.3  8  2.749853e+01
-18.7  8  1.728774e+01
-19  8  1.301643e+01
-19.3  8  9.527384e+00
-19.7  8  5.361399e+00
-20  8  4.633248e+00
-20.3  8  2.877285e+00
-20.7  8  8.616494e-01
-21  8  2.097368e-01
-2.130000e+01  8.000000e+00  0.0
-2.170000e+01  8.000000e+00  0.0
-2.200000e+01  8.000000e+00  0.0
-13.3  9  9.250505e-09
-13.7  9  2.589299e-06
-14  9  2.105150e-04
-14.3  9  9.300550e-03
-14.7  9  1.083252e-01
-15  9  9.814497e-01
-15.3  9  4.814083e+00
-15.7  9  8.900102e+00
-16  9  1.338257e+01
-16.3  9  1.481436e+01
-16.7  9  2.212913e+01
-17  9  3.776453e+01
-17.3  9  4.180820e+01
-17.7  9  3.596559e+01
-18  9  3.364229e+01
-18.3  9  2.674496e+01
-18.7  9  1.529834e+01
-19  9  1.069298e+01
-19.3  9  7.542342e+00
-19.7  9  4.687240e+00
-20  9  2.679431e+00
-20.3  9  9.423620e-01
-20.7  9  1.753345e-01
-2.100000e+01  9.000000e+00  0.0
-2.130000e+01  9.000000e+00  0.0
-2.170000e+01  9.000000e+00  0.0
-2.200000e+01  9.000000e+00  0.0
-13.3  11  2.171806e-06
-13.7  11  1.201574e-04
-14  11  3.371104e-03
-14.3  11  4.060067e-02
-14.7  11  3.639454e-01
-15  11  2.703503e+00
-15.3  11  8.928490e+00
-15.7  11  1.233936e+01
-16  11  1.392856e+01
-16.3  11  2.683944e+01
-16.7  11  2.580675e+01
-17  11  3.938268e+01
-17.3  11  3.795168e+01
-17.7  11  3.027171e+01
-18  11  2.601825e+01
-18.3  11  1.956770e+01
-18.7  11  1.254390e+01
-19  11  9.130510e+00
-19.3  11  6.195898e+00
-19.7  11  3.059087e+00
-20  11  1.013737e+00
-20.3  11  2.573539e-01
-2.070000e+01  1.100000e+01  0.0
-2.100000e+01  1.100000e+01  0.0
-2.130000e+01  1.100000e+01  0.0
-2.170000e+01  1.100000e+01  0.0
-2.200000e+01  1.100000e+01  0.0
-13.3  14  6.235178e-05
-13.7  14  1.343856e-03
-14  14  1.392599e-02
-14.3  14  1.348919e-01
-14.7  14  1.181903e+00
-15  14  4.203714e+00
-15.3  14  1.184541e+01
-15.7  14  9.211842e+00
-16  14  2.304908e+01
-16.3  14  3.247863e+01
-16.7  14  3.655076e+01
-17  14  3.243266e+01
-17.3  14  3.497756e+01
-17.7  14  2.177182e+01
-18  14  1.567184e+01
-18.3  14  1.210160e+01
-18.7  14  6.407533e+00
-19  14  4.587353e+00
-19.3  14  2.602525e+00
-19.7  14  6.894386e-01
-20  14  1.560674e-01
-2.030000e+01  1.400000e+01  0.0
-2.070000e+01  1.400000e+01  0.0
-2.100000e+01  1.400000e+01  0.0
-2.130000e+01  1.400000e+01  0.0
-2.170000e+01  1.400000e+01  0.0
-2.200000e+01  1.400000e+01  0.0
-13.3  17  9.720991e-04
-13.7  17  1.043498e-02
-14  17  1.024663e-01
-14.3  17  4.882109e-01
-14.7  17  1.618122e+00
-15  17  6.298295e+00
-15.3  17  1.193578e+01
-15.7  17  1.494934e+01
-16  17  2.441682e+01
-16.3  17  4.052322e+01
-16.7  17  3.454312e+01
-17  17  3.278315e+01
-17.3  17  2.799688e+01
-17.7  17  1.659716e+01
-18  17  1.184318e+01
-18.3  17  8.195382e+00
-18.7  17  5.066703e+00
-19  17  3.104201e+00
-19.3  17  9.459556e-01
-19.7  17  1.780035e-01
-2.000000e+01  1.700000e+01  0.0
-2.030000e+01  1.700000e+01  0.0
-2.070000e+01  1.700000e+01  0.0
-2.100000e+01  1.700000e+01  0.0
-2.130000e+01  1.700000e+01  0.0
-2.170000e+01  1.700000e+01  0.0
-2.200000e+01  1.700000e+01  0.0
-13.3  21  7.307690e-03
-13.7  21  4.149295e-02
-14  21  2.164062e-01
-14.3  21  8.206653e-01
-14.7  21  1.483571e+00
-15  21  7.140580e+00
-15.3  21  1.460396e+01
-15.7  21  1.931437e+01
-16  21  2.970385e+01
-16.3  21  2.988742e+01
-16.7  21  2.638416e+01
-17  21  2.374873e+01
-17.3  21  1.797541e+01
-17.7  21  1.019618e+01
-18  21  7.654874e+00
-18.3  21  6.252762e+00
-18.7  21  3.095298e+00
-19  21  1.009369e+00
-19.3  21  2.298379e-01
-1.970000e+01  2.100000e+01  0.0
-2.000000e+01  2.100000e+01  0.0
-2.030000e+01  2.100000e+01  0.0
-2.070000e+01  2.100000e+01  0.0
-2.100000e+01  2.100000e+01  0.0
-2.130000e+01  2.100000e+01  0.0
-2.170000e+01  2.100000e+01  0.0
-2.200000e+01  2.100000e+01  0.0
-13.3  26  2.549327e-02
-13.7  26  9.394492e-02
-14  26  4.008812e-01
-14.3  26  2.586018e+00
-14.7  26  3.964189e+00
-15  26  6.634873e+00
-15.3  26  1.707880e+01
-15.7  26  1.801273e+01
-16  26  2.496288e+01
-16.3  26  2.447387e+01
-16.7  26  1.978209e+01
-17  26  1.603803e+01
-17.3  26  1.118254e+01
-17.7  26  6.845879e+00
-18  26  5.806721e+00
-18.3  26  3.445536e+00
-18.7  26  9.912709e-01
-19  26  2.274409e-01
-1.930000e+01  2.600000e+01  0.0
-1.970000e+01  2.600000e+01  0.0
-2.000000e+01  2.600000e+01  0.0
-2.030000e+01  2.600000e+01  0.0
-2.070000e+01  2.600000e+01  0.0
-2.100000e+01  2.600000e+01  0.0
-2.130000e+01  2.600000e+01  0.0
-2.170000e+01  2.600000e+01  0.0
-2.200000e+01  2.600000e+01  0.0
-13.3  32  5.258214e-02
-13.7  32  9.126294e-02
-14  32  1.077370e+00
-14.3  32  1.600644e+00
-14.7  32  4.694547e+00
-15  32  6.566225e+00
-15.3  32  1.735137e+01
-15.7  32  1.402858e+01
-16  32  1.791553e+01
-16.3  32  1.792763e+01
-16.7  32  1.175032e+01
-17  32  9.690537e+00
-17.3  32  7.679973e+00
-17.7  32  4.634984e+00
-18  32  2.886554e+00
-18.3  32  1.068012e+00
-18.7  32  2.016549e-01
-1.900000e+01  3.200000e+01  0.0
-1.930000e+01  3.200000e+01  0.0
-1.970000e+01  3.200000e+01  0.0
-2.000000e+01  3.200000e+01  0.0
-2.030000e+01  3.200000e+01  0.0
-2.070000e+01  3.200000e+01  0.0
-2.100000e+01  3.200000e+01  0.0
-2.130000e+01  3.200000e+01  0.0
-2.170000e+01  3.200000e+01  0.0
-2.200000e+01  3.200000e+01  0.0
-13.3  39  7.491346e-02
-13.7  39  5.945306e-01
-14  39  1.427103e+00
-14.3  39  2.921588e+00
-14.7  39  5.277364e+00
-15  39  7.878928e+00
-15.3  39  1.546568e+01
-15.7  39  1.268962e+01
-16  39  1.326620e+01
-16.3  39  1.057370e+01
-16.7  39  6.452224e+00
-17  39  4.735647e+00
-17.3  39  3.514271e+00
-17.7  39  1.845701e+00
-18  39  6.276380e-01
-1.830000e+01  3.900000e+01  0.0
-1.870000e+01  3.900000e+01  0.0
-1.900000e+01  3.900000e+01  0.0
-1.930000e+01  3.900000e+01  0.0
-1.970000e+01  3.900000e+01  0.0
-2.000000e+01  3.900000e+01  0.0
-2.030000e+01  3.900000e+01  0.0
-2.070000e+01  3.900000e+01  0.0
-2.100000e+01  3.900000e+01  0.0
-2.130000e+01  3.900000e+01  0.0
-2.170000e+01  3.900000e+01  0.0
-2.200000e+01  3.900000e+01  0.0
-13.3  48  1.806038e-01
-13.7  48  3.100484e-01
-14  48  8.723730e-01
-14.3  48  5.747733e+00
-14.7  48  2.727915e+00
-15  48  8.420162e+00
-15.3  48  8.062536e+00
-15.7  48  8.656942e+00
-16  48  7.432824e+00
-16.3  48  6.187127e+00
-16.7  48  3.588525e+00
-17  48  2.601722e+00
-17.3  48  1.771289e+00
-17.7  48  5.295696e-01
-1.800000e+01  4.800000e+01  0.0
-1.830000e+01  4.800000e+01  0.0
-1.870000e+01  4.800000e+01  0.0
-1.900000e+01  4.800000e+01  0.0
-1.930000e+01  4.800000e+01  0.0
-1.970000e+01  4.800000e+01  0.0
-2.000000e+01  4.800000e+01  0.0
-2.030000e+01  4.800000e+01  0.0
-2.070000e+01  4.800000e+01  0.0
-2.100000e+01  4.800000e+01  0.0
-2.130000e+01  4.800000e+01  0.0
-2.170000e+01  4.800000e+01  0.0
-2.200000e+01  4.800000e+01  0.0
-13.3  58  1.115654e-01
-13.7  58  3.907285e-01
-14  58  1.488472e+00
-14.3  58  2.653911e+00
-14.7  58  2.382028e+00
-15  58  3.888618e+00
-15.3  58  6.783339e+00
-15.7  58  5.767056e+00
-16  58  4.775622e+00
-16.3  58  3.713382e+00
-16.7  58  2.352047e+00
-17  58  1.639609e+00
-17.3  58  6.875438e-01
-1.770000e+01  5.800000e+01  0.0
-1.800000e+01  5.800000e+01  0.0
-1.830000e+01  5.800000e+01  0.0
-1.870000e+01  5.800000e+01  0.0
-1.900000e+01  5.800000e+01  0.0
-1.930000e+01  5.800000e+01  0.0
-1.970000e+01  5.800000e+01  0.0
-2.000000e+01  5.800000e+01  0.0
-2.030000e+01  5.800000e+01  0.0
-2.070000e+01  5.800000e+01  0.0
-2.100000e+01  5.800000e+01  0.0
-2.130000e+01  5.800000e+01  0.0
-2.170000e+01  5.800000e+01  0.0
-2.200000e+01  5.800000e+01  0.0
-13.3  88  7.417996e-02
-13.7  88  1.022099e-01
-14  88  1.645616e-01
-14.3  88  4.124889e-01
-14.7  88  5.563798e-01
-15  88  6.858380e-01
-15.3  88  7.760998e-01
-15.7  88  4.937774e-01
-16  88  5.066071e-01
-16.3  88  4.507599e-01
-16.7  88  2.049456e-01
-17  88  5.513233e-02
-1.730000e+01  8.800000e+01  0.0
-1.770000e+01  8.800000e+01  0.0
-1.800000e+01  8.800000e+01  0.0
-1.830000e+01  8.800000e+01  0.0
-1.870000e+01  8.800000e+01  0.0
-1.900000e+01  8.800000e+01  0.0
-1.930000e+01  8.800000e+01  0.0
-1.970000e+01  8.800000e+01  0.0
-2.000000e+01  8.800000e+01  0.0
-2.030000e+01  8.800000e+01  0.0
-2.070000e+01  8.800000e+01  0.0
-2.100000e+01  8.800000e+01  0.0
-2.130000e+01  8.800000e+01  0.0
-2.170000e+01  8.800000e+01  0.0
-2.200000e+01  8.800000e+01  0.0
-13.3  108  0.000000e+00
-13.7  108  0.000000e+00
-14  108  0.000000e+00
-14.3  108  0.000000e+00
-14.7  108  0.000000e+00
-15  108  0.000000e+00
-15.3  108  0.000000e+00
-15.7  108  0.000000e+00
-16  108  0.000000e+00
-16.3  108  0.000000e+00
-16.7  108  0.000000e+00
-1.700000e+01  1.080000e+02  0.0
-1.730000e+01  1.080000e+02  0.0
-1.770000e+01  1.080000e+02  0.0
-1.800000e+01  1.080000e+02  0.0
-1.830000e+01  1.080000e+02  0.0
-1.870000e+01  1.080000e+02  0.0
-1.900000e+01  1.080000e+02  0.0
-1.930000e+01  1.080000e+02  0.0
-1.970000e+01  1.080000e+02  0.0
-2.000000e+01  1.080000e+02  0.0
-2.030000e+01  1.080000e+02  0.0
-2.070000e+01  1.080000e+02  0.0
-2.100000e+01  1.080000e+02  0.0
-2.130000e+01  1.080000e+02  0.0
-2.170000e+01  1.080000e+02  0.0
-2.200000e+01  1.080000e+02  0.0
-13.3  132  0.000000e+00
-13.7  132  0.000000e+00
-14  132  0.000000e+00
-14.3  132  0.000000e+00
-14.7  132  0.000000e+00
-15  132  0.000000e+00
-15.3  132  0.000000e+00
-15.7  132  0.000000e+00
-16  132  0.000000e+00
-16.3  132  0.000000e+00
-1.670000e+01  1.320000e+02  0.0
-1.700000e+01  1.320000e+02  0.0
-1.730000e+01  1.320000e+02  0.0
-1.770000e+01  1.320000e+02  0.0
-1.800000e+01  1.320000e+02  0.0
-1.830000e+01  1.320000e+02  0.0
-1.870000e+01  1.320000e+02  0.0
-1.900000e+01  1.320000e+02  0.0
-1.930000e+01  1.320000e+02  0.0
-1.970000e+01  1.320000e+02  0.0
-2.000000e+01  1.320000e+02  0.0
-2.030000e+01  1.320000e+02  0.0
-2.070000e+01  1.320000e+02  0.0
-2.100000e+01  1.320000e+02  0.0
-2.130000e+01  1.320000e+02  0.0
-2.170000e+01  1.320000e+02  0.0
-2.200000e+01  1.320000e+02  0.0
-13.3  162  0.000000e+00
-13.7  162  0.000000e+00
-14  162  0.000000e+00
-14.3  162  0.000000e+00
-14.7  162  0.000000e+00
-15  162  0.000000e+00
-15.3  162  0.000000e+00
-15.7  162  0.000000e+00
-16  162  0.000000e+00
-1.630000e+01  1.620000e+02  0.0
-1.670000e+01  1.620000e+02  0.0
-1.700000e+01  1.620000e+02  0.0
-1.730000e+01  1.620000e+02  0.0
-1.770000e+01  1.620000e+02  0.0
-1.800000e+01  1.620000e+02  0.0
-1.830000e+01  1.620000e+02  0.0
-1.870000e+01  1.620000e+02  0.0
-1.900000e+01  1.620000e+02  0.0
-1.930000e+01  1.620000e+02  0.0
-1.970000e+01  1.620000e+02  0.0
-2.000000e+01  1.620000e+02  0.0
-2.030000e+01  1.620000e+02  0.0
-2.070000e+01  1.620000e+02  0.0
-2.100000e+01  1.620000e+02  0.0
-2.130000e+01  1.620000e+02  0.0
-2.170000e+01  1.620000e+02  0.0
-2.200000e+01  1.620000e+02  0.0
-13.3  199  0.000000e+00
-13.7  199  0.000000e+00
-14  199  0.000000e+00
-14.3  199  0.000000e+00
-14.7  199  0.000000e+00
-15  199  0.000000e+00
-15.3  199  0.000000e+00
-15.7  199  0.000000e+00
-1.600000e+01  1.990000e+02  0.0
-1.630000e+01  1.990000e+02  0.0
-1.670000e+01  1.990000e+02  0.0
-1.700000e+01  1.990000e+02  0.0
-1.730000e+01  1.990000e+02  0.0
-1.770000e+01  1.990000e+02  0.0
-1.800000e+01  1.990000e+02  0.0
-1.830000e+01  1.990000e+02  0.0
-1.870000e+01  1.990000e+02  0.0
-1.900000e+01  1.990000e+02  0.0
-1.930000e+01  1.990000e+02  0.0
-1.970000e+01  1.990000e+02  0.0
-2.000000e+01  1.990000e+02  0.0
-2.030000e+01  1.990000e+02  0.0
-2.070000e+01  1.990000e+02  0.0
-2.100000e+01  1.990000e+02  0.0
-2.130000e+01  1.990000e+02  0.0
-2.170000e+01  1.990000e+02  0.0
-2.200000e+01  1.990000e+02  0.0
-13.3  244  0.000000e+00
-13.7  244  0.000000e+00
-14  244  0.000000e+00
-14.3  244  0.000000e+00
-14.7  244  0.000000e+00
-15  244  0.000000e+00
-15.3  244  0.000000e+00
-15.7  244  0.000000e+00
-1.600000e+01  2.440000e+02  0.0
-1.630000e+01  2.440000e+02  0.0
-1.670000e+01  2.440000e+02  0.0
-1.700000e+01  2.440000e+02  0.0
-1.730000e+01  2.440000e+02  0.0
-1.770000e+01  2.440000e+02  0.0
-1.800000e+01  2.440000e+02  0.0
-1.830000e+01  2.440000e+02  0.0
-1.870000e+01  2.440000e+02  0.0
-1.900000e+01  2.440000e+02  0.0
-1.930000e+01  2.440000e+02  0.0
-1.970000e+01  2.440000e+02  0.0
-2.000000e+01  2.440000e+02  0.0
-2.030000e+01  2.440000e+02  0.0
-2.070000e+01  2.440000e+02  0.0
-2.100000e+01  2.440000e+02  0.0
-2.130000e+01  2.440000e+02  0.0
-2.170000e+01  2.440000e+02  0.0
-2.200000e+01  2.440000e+02  0.0
-13.3  300  0.000000e+00
-13.7  300  0.000000e+00
-14  300  0.000000e+00
-14.3  300  0.000000e+00
-14.7  300  0.000000e+00
-15  300  0.000000e+00
-15.3  300  0.000000e+00
-1.570000e+01  3.000000e+02  0.0
-1.600000e+01  3.000000e+02  0.0
-1.630000e+01  3.000000e+02  0.0
-1.670000e+01  3.000000e+02  0.0
-1.700000e+01  3.000000e+02  0.0
-1.730000e+01  3.000000e+02  0.0
-1.770000e+01  3.000000e+02  0.0
-1.800000e+01  3.000000e+02  0.0
-1.830000e+01  3.000000e+02  0.0
-1.870000e+01  3.000000e+02  0.0
-1.900000e+01  3.000000e+02  0.0
-1.930000e+01  3.000000e+02  0.0
-1.970000e+01  3.000000e+02  0.0
-2.000000e+01  3.000000e+02  0.0
-2.030000e+01  3.000000e+02  0.0
-2.070000e+01  3.000000e+02  0.0
-2.100000e+01  3.000000e+02  0.0
-2.130000e+01  3.000000e+02  0.0
-2.170000e+01  3.000000e+02  0.0
-2.200000e+01  3.000000e+02  0.0
