# log10(y)    mass[MeV]    Nhits
-1.330000e+01  5.000  3.597087e-18
-1.330000e+01  6.000  3.456685e-14
-1.330000e+01  8.000  2.392725e-10
-1.330000e+01  9.000  2.963778e-08
-1.330000e+01  11.000  4.623378e-06
-1.330000e+01  14.000  2.598847e-04
-1.330000e+01  17.000  2.965388e-03
-1.330000e+01  21.000  2.385718e-02
-1.330000e+01  26.000  7.425454e-02
-1.330000e+01  32.000  1.551960e-01
-1.330000e+01  39.000  2.038136e-01
-1.330000e+01  48.000  4.271442e-01
-1.330000e+01  58.000  2.447099e-01
-1.330000e+01  88.000  2.572197e-01
-1.330000e+01  108.000  8.742937e-02
-1.330000e+01  132.000  6.341758e-02
-1.330000e+01  162.000  5.105235e-02
-1.330000e+01  199.000  1.992482e-02
-1.330000e+01  244.000  3.815202e-03
-1.330000e+01  300.000  1.431132e-03
-1.370000e+01  5.000  1.269227e-13
-1.370000e+01  6.000  2.121165e-10
-1.370000e+01  8.000  1.318155e-07
-1.370000e+01  9.000  7.829731e-06
-1.370000e+01  11.000  2.713866e-04
-1.370000e+01  14.000  5.358795e-03
-1.370000e+01  17.000  3.264676e-02
-1.370000e+01  21.000  1.300365e-01
-1.370000e+01  26.000  2.594548e-01
-1.370000e+01  32.000  2.521617e-01
-1.370000e+01  39.000  1.549927e+00
-1.370000e+01  48.000  7.300415e-01
-1.370000e+01  58.000  8.652871e-01
-1.370000e+01  88.000  3.886735e-01
-1.370000e+01  108.000  2.100544e-01
-1.370000e+01  132.000  1.353323e-01
-1.370000e+01  162.000  7.806985e-02
-1.370000e+01  199.000  2.699563e-02
-1.370000e+01  244.000  7.148872e-03
-1.370000e+01  300.000  4.627468e-03
-1.400000e+01  5.000  7.254587e-10
-1.400000e+01  6.000  1.442908e-07
-1.400000e+01  8.000  1.806415e-05
-1.400000e+01  9.000  5.367390e-04
-1.400000e+01  11.000  7.887994e-03
-1.400000e+01  14.000  4.844378e-02
-1.400000e+01  17.000  3.201592e-01
-1.400000e+01  21.000  6.533674e-01
-1.400000e+01  26.000  1.069433e+00
-1.400000e+01  32.000  2.823526e+00
-1.400000e+01  39.000  3.662152e+00
-1.400000e+01  48.000  2.041394e+00
-1.400000e+01  58.000  3.332042e+00
-1.400000e+01  88.000  6.997406e-01
-1.400000e+01  108.000  5.896725e-01
-1.400000e+01  132.000  3.713753e-01
-1.400000e+01  162.000  1.522364e-01
-1.400000e+01  199.000  3.565920e-02
-1.400000e+01  244.000  1.522300e-02
-1.400000e+01  300.000  1.431237e-02
-1.430000e+01  5.000  6.627737e-07
-1.430000e+01  6.000  4.970079e-05
-1.430000e+01  8.000  1.351938e-03
-1.430000e+01  9.000  1.888393e-02
-1.430000e+01  11.000  9.183416e-02
-1.430000e+01  14.000  3.998203e-01
-1.430000e+01  17.000  1.453712e+00
-1.430000e+01  21.000  2.380522e+00
-1.430000e+01  26.000  6.709377e+00
-1.430000e+01  32.000  4.067522e+00
-1.430000e+01  39.000  7.258074e+00
-1.430000e+01  48.000  1.339881e+01
-1.430000e+01  58.000  6.001448e+00
-1.430000e+01  88.000  1.943027e+00
-1.430000e+01  108.000  1.313151e+00
-1.430000e+01  132.000  6.075226e-01
-1.430000e+01  162.000  1.799352e-01
-1.430000e+01  199.000  7.999643e-02
-1.430000e+01  244.000  5.720565e-02
-1.430000e+01  300.000  1.994158e-02
-1.470000e+01  5.000  1.092821e-04
-1.470000e+01  6.000  3.036811e-03
-1.470000e+01  8.000  2.705220e-02
-1.470000e+01  9.000  1.825681e-01
-1.470000e+01  11.000  7.357032e-01
-1.470000e+01  14.000  2.975798e+00
-1.470000e+01  17.000  4.379642e+00
-1.470000e+01  21.000  4.023414e+00
-1.470000e+01  26.000  1.006547e+01
-1.470000e+01  32.000  1.174554e+01
-1.470000e+01  39.000  1.288228e+01
-1.470000e+01  48.000  6.382912e+00
-1.470000e+01  58.000  5.460437e+00
-1.470000e+01  88.000  2.899320e+00
-1.470000e+01  108.000  1.569299e+00
-1.470000e+01  132.000  6.268349e-01
-1.470000e+01  162.000  1.988817e-01
-1.470000e+01  199.000  1.222136e-01
-1.470000e+01  244.000  8.216068e-02
-1.470000e+01  300.000  8.065063e-03
-1.500000e+01  5.000  5.638637e-03
-1.500000e+01  6.000  5.872836e-02
-1.500000e+01  8.000  3.872697e-01
-1.500000e+01  9.000  1.491569e+00
-1.500000e+01  11.000  4.774601e+00
-1.500000e+01  14.000  8.991662e+00
-1.500000e+01  17.000  1.482971e+01
-1.500000e+01  21.000  1.820050e+01
-1.500000e+01  26.000  1.638731e+01
-1.500000e+01  32.000  1.586273e+01
-1.500000e+01  39.000  1.900148e+01
-1.500000e+01  48.000  1.990809e+01
-1.500000e+01  58.000  9.131090e+00
-1.500000e+01  88.000  4.001284e+00
-1.500000e+01  108.000  2.031315e+00
-1.500000e+01  132.000  8.292192e-01
-1.500000e+01  162.000  4.314420e-01
-1.500000e+01  199.000  2.849594e-01
-1.500000e+01  244.000  5.744295e-02
-1.500000e+01  300.000  2.107884e-03
-1.530000e+01  5.000  1.121276e-01
-1.530000e+01  6.000  7.049739e-01
-1.530000e+01  8.000  2.113458e+00
-1.530000e+01  9.000  7.160837e+00
-1.530000e+01  11.000  1.428562e+01
-1.530000e+01  14.000  2.175535e+01
-1.530000e+01  17.000  2.574640e+01
-1.530000e+01  21.000  3.348993e+01
-1.530000e+01  26.000  3.920189e+01
-1.530000e+01  32.000  4.031200e+01
-1.530000e+01  39.000  3.693111e+01
-1.530000e+01  48.000  1.950902e+01
-1.530000e+01  58.000  1.659071e+01
-1.530000e+01  88.000  5.126066e+00
-1.530000e+01  108.000  2.185578e+00
-1.530000e+01  132.000  1.085650e+00
-1.530000e+01  162.000  7.773242e-01
-1.530000e+01  199.000  2.394934e-01
-1.530000e+01  244.000  1.841580e-02
-1.530000e+01  300.000  4.883912e-04
-1.570000e+01  5.000  8.107127e-01
-1.570000e+01  6.000  2.646121e+00
-1.570000e+01  8.000  6.001810e+00
-1.570000e+01  9.000  1.369920e+01
-1.570000e+01  11.000  1.883975e+01
-1.570000e+01  14.000  1.589421e+01
-1.570000e+01  17.000  2.802887e+01
-1.570000e+01  21.000  3.841630e+01
-1.570000e+01  26.000  3.828890e+01
-1.570000e+01  32.000  3.131938e+01
-1.570000e+01  39.000  3.038995e+01
-1.570000e+01  48.000  2.183448e+01
-1.570000e+01  58.000  1.500454e+01
-1.570000e+01  88.000  3.729156e+00
-1.570000e+01  108.000  2.124453e+00
-1.570000e+01  132.000  1.286324e+00
-1.570000e+01  162.000  5.254683e-01
-1.570000e+01  199.000  6.701927e-02
-1.570000e+01  244.000  3.176179e-03
-1.570000e+01  3.000000e+02  0.0
-1.600000e+01  5.000  3.273419e+00
-1.600000e+01  6.000  8.739691e+00
-1.600000e+01  8.000  1.306735e+01
-1.600000e+01  9.000  2.183179e+01
-1.600000e+01  11.000  2.119983e+01
-1.600000e+01  14.000  3.644974e+01
-1.600000e+01  17.000  4.071852e+01
-1.600000e+01  21.000  5.312502e+01
-1.600000e+01  26.000  4.856944e+01
-1.600000e+01  32.000  3.798213e+01
-1.600000e+01  39.000  3.244153e+01
-1.600000e+01  48.000  2.000055e+01
-1.600000e+01  58.000  1.351950e+01
-1.600000e+01  88.000  4.406875e+00
-1.600000e+01  108.000  2.437157e+00
-1.600000e+01  132.000  1.141640e+00
-1.600000e+01  162.000  1.979024e-01
-1.600000e+01  1.990000e+02  0.0
-1.600000e+01  2.440000e+02  0.0
-1.600000e+01  3.000000e+02  0.0
-1.630000e+01  5.000  1.217973e+01
-1.630000e+01  6.000  1.828246e+01
-1.630000e+01  8.000  2.213410e+01
-1.630000e+01  9.000  2.494752e+01
-1.630000e+01  11.000  4.223391e+01
-1.630000e+01  14.000  4.998644e+01
-1.630000e+01  17.000  6.392961e+01
-1.630000e+01  21.000  4.909611e+01
-1.630000e+01  26.000  4.412360e+01
-1.630000e+01  32.000  3.623648e+01
-1.630000e+01  39.000  2.707661e+01
-1.630000e+01  48.000  1.820907e+01
-1.630000e+01  58.000  1.167567e+01
-1.630000e+01  88.000  4.115684e+00
-1.630000e+01  108.000  1.831893e+00
-1.630000e+01  132.000  3.885548e-01
-1.630000e+01  1.620000e+02  0.0
-1.630000e+01  1.990000e+02  0.0
-1.630000e+01  2.440000e+02  0.0
-1.630000e+01  3.000000e+02  0.0
-1.670000e+01  5.000  1.738802e+01
-1.670000e+01  6.000  2.693698e+01
-1.670000e+01  8.000  2.073781e+01
-1.670000e+01  9.000  4.108076e+01
-1.670000e+01  11.000  4.304002e+01
-1.670000e+01  14.000  5.678714e+01
-1.670000e+01  17.000  5.331355e+01
-1.670000e+01  21.000  4.160762e+01
-1.670000e+01  26.000  3.370131e+01
-1.670000e+01  32.000  2.298624e+01
-1.670000e+01  39.000  1.754378e+01
-1.670000e+01  48.000  1.163444e+01
-1.670000e+01  58.000  7.651399e+00
-1.670000e+01  88.000  1.985025e+00
-1.670000e+01  108.000  4.556223e-01
-1.670000e+01  1.320000e+02  0.0
-1.670000e+01  1.620000e+02  0.0
-1.670000e+01  1.990000e+02  0.0
-1.670000e+01  2.440000e+02  0.0
-1.670000e+01  3.000000e+02  0.0
-1.700000e+01  5.000  3.284456e+01
-1.700000e+01  6.000  3.175173e+01
-1.700000e+01  8.000  4.354752e+01
-1.700000e+01  9.000  7.509550e+01
-1.700000e+01  11.000  6.963484e+01
-1.700000e+01  14.000  5.176833e+01
-1.700000e+01  17.000  5.068131e+01
-1.700000e+01  21.000  3.675505e+01
-1.700000e+01  26.000  2.669356e+01
-1.700000e+01  32.000  1.884052e+01
-1.700000e+01  39.000  1.398886e+01
-1.700000e+01  48.000  8.750908e+00
-1.700000e+01  58.000  5.677682e+00
-1.700000e+01  88.000  5.956259e-01
-1.700000e+01  1.080000e+02  0.0
-1.700000e+01  1.320000e+02  0.0
-1.700000e+01  1.620000e+02  0.0
-1.700000e+01  1.990000e+02  0.0
-1.700000e+01  2.440000e+02  0.0
-1.700000e+01  3.000000e+02  0.0
-1.730000e+01  5.000  3.628061e+01
-1.730000e+01  6.000  8.113094e+01
-1.730000e+01  8.000  6.491930e+01
-1.730000e+01  9.000  8.645805e+01
-1.730000e+01  11.000  7.032154e+01
-1.730000e+01  14.000  5.831914e+01
-1.730000e+01  17.000  4.460595e+01
-1.730000e+01  21.000  2.839570e+01
-1.730000e+01  26.000  1.877618e+01
-1.730000e+01  32.000  1.522844e+01
-1.730000e+01  39.000  1.078607e+01
-1.730000e+01  48.000  6.417091e+00
-1.730000e+01  58.000  2.663820e+00
-1.730000e+01  8.800000e+01  0.0
-1.730000e+01  1.080000e+02  0.0
-1.730000e+01  1.320000e+02  0.0
-1.730000e+01  1.620000e+02  0.0
-1.730000e+01  1.990000e+02  0.0
-1.730000e+01  2.440000e+02  0.0
-1.730000e+01  3.000000e+02  0.0
-1.770000e+01  5.000  6.741700e+01
-1.770000e+01  6.000  9.112382e+01
-1.770000e+01  8.000  7.039182e+01
-1.770000e+01  9.000  7.646387e+01
-1.770000e+01  11.000  5.808126e+01
-1.770000e+01  14.000  3.878169e+01
-1.770000e+01  17.000  2.781905e+01
-1.770000e+01  21.000  1.692949e+01
-1.770000e+01  26.000  1.209718e+01
-1.770000e+01  32.000  9.533074e+00
-1.770000e+01  39.000  6.079406e+00
-1.770000e+01  48.000  2.174500e+00
-1.770000e+01  5.800000e+01  0.0
-1.770000e+01  8.800000e+01  0.0
-1.770000e+01  1.080000e+02  0.0
-1.770000e+01  1.320000e+02  0.0
-1.770000e+01  1.620000e+02  0.0
-1.770000e+01  1.990000e+02  0.0
-1.770000e+01  2.440000e+02  0.0
-1.770000e+01  3.000000e+02  0.0
-1.800000e+01  5.000  8.483348e+01
-1.800000e+01  6.000  1.007519e+02
-1.800000e+01  8.000  6.437467e+01
-1.800000e+01  9.000  7.329682e+01
-1.800000e+01  11.000  5.201856e+01
-1.800000e+01  14.000  3.015068e+01
-1.800000e+01  17.000  2.182765e+01
-1.800000e+01  21.000  1.400869e+01
-1.800000e+01  26.000  1.075628e+01
-1.800000e+01  32.000  6.079363e+00
-1.800000e+01  39.000  2.352233e+00
-1.800000e+01  4.800000e+01  0.0
-1.800000e+01  5.800000e+01  0.0
-1.800000e+01  8.800000e+01  0.0
-1.800000e+01  1.080000e+02  0.0
-1.800000e+01  1.320000e+02  0.0
-1.800000e+01  1.620000e+02  0.0
-1.800000e+01  1.990000e+02  0.0
-1.800000e+01  2.440000e+02  0.0
-1.800000e+01  3.000000e+02  0.0
-1.830000e+01  5.000  8.905590e+01
-1.830000e+01  6.000  8.854200e+01
-1.830000e+01  8.000  5.941031e+01
-1.830000e+01  9.000  5.997033e+01
-1.830000e+01  11.000  4.073717e+01
-1.830000e+01  14.000  2.632893e+01
-1.830000e+01  17.000  1.680184e+01
-1.830000e+01  21.000  1.236337e+01
-1.830000e+01  26.000  6.639757e+00
-1.830000e+01  32.000  2.368322e+00
-1.830000e+01  3.900000e+01  0.0
-1.830000e+01  4.800000e+01  0.0
-1.830000e+01  5.800000e+01  0.0
-1.830000e+01  8.800000e+01  0.0
-1.830000e+01  1.080000e+02  0.0
-1.830000e+01  1.320000e+02  0.0
-1.830000e+01  1.620000e+02  0.0
-1.830000e+01  1.990000e+02  0.0
-1.830000e+01  2.440000e+02  0.0
-1.830000e+01  3.000000e+02  0.0
-1.870000e+01  5.000  7.501460e+01
-1.870000e+01  6.000  6.701260e+01
-1.870000e+01  8.000  3.712451e+01
-1.870000e+01  9.000  3.592435e+01
-1.870000e+01  11.000  2.786471e+01
-1.870000e+01  14.000  1.583255e+01
-1.870000e+01  17.000  1.139295e+01
-1.870000e+01  21.000  6.438664e+00
-1.870000e+01  26.000  2.047410e+00
-1.870000e+01  32.000  4.926757e-01
-1.870000e+01  3.900000e+01  0.0
-1.870000e+01  4.800000e+01  0.0
-1.870000e+01  5.800000e+01  0.0
-1.870000e+01  8.800000e+01  0.0
-1.870000e+01  1.080000e+02  0.0
-1.870000e+01  1.320000e+02  0.0
-1.870000e+01  1.620000e+02  0.0
-1.870000e+01  1.990000e+02  0.0
-1.870000e+01  2.440000e+02  0.0
-1.870000e+01  3.000000e+02  0.0
-1.900000e+01  5.000  6.935292e+01
-1.900000e+01  6.000  5.580418e+01
-1.900000e+01  8.000  2.814413e+01
-1.900000e+01  9.000  2.740192e+01
-1.900000e+01  11.000  2.178207e+01
-1.900000e+01  14.000  1.260653e+01
-1.900000e+01  17.000  7.404586e+00
-1.900000e+01  21.000  2.321392e+00
-1.900000e+01  26.000  5.362304e-01
-1.900000e+01  3.200000e+01  0.0
-1.900000e+01  3.900000e+01  0.0
-1.900000e+01  4.800000e+01  0.0
-1.900000e+01  5.800000e+01  0.0
-1.900000e+01  8.800000e+01  0.0
-1.900000e+01  1.080000e+02  0.0
-1.900000e+01  1.320000e+02  0.0
-1.900000e+01  1.620000e+02  0.0
-1.900000e+01  1.990000e+02  0.0
-1.900000e+01  2.440000e+02  0.0
-1.900000e+01  3.000000e+02  0.0
-1.930000e+01  5.000  5.775769e+01
-1.930000e+01  6.000  4.271142e+01
-1.930000e+01  8.000  2.130321e+01
-1.930000e+01  9.000  2.138611e+01
-1.930000e+01  11.000  1.573865e+01
-1.930000e+01  14.000  7.645961e+00
-1.930000e+01  17.000  2.530850e+00
-1.930000e+01  21.000  6.259881e-01
-1.930000e+01  2.600000e+01  0.0
-1.930000e+01  3.200000e+01  0.0
-1.930000e+01  3.900000e+01  0.0
-1.930000e+01  4.800000e+01  0.0
-1.930000e+01  5.800000e+01  0.0
-1.930000e+01  8.800000e+01  0.0
-1.930000e+01  1.080000e+02  0.0
-1.930000e+01  1.320000e+02  0.0
-1.930000e+01  1.620000e+02  0.0
-1.930000e+01  1.990000e+02  0.0
-1.930000e+01  2.440000e+02  0.0
-1.930000e+01  3.000000e+02  0.0
-1.970000e+01  5.000  3.463167e+01
-1.970000e+01  6.000  2.491342e+01
-1.970000e+01  8.000  1.262078e+01
-1.970000e+01  9.000  1.453876e+01
-1.970000e+01  11.000  8.093824e+00
-1.970000e+01  14.000  2.301957e+00
-1.970000e+01  17.000  5.695708e-01
-1.970000e+01  2.100000e+01  0.0
-1.970000e+01  2.600000e+01  0.0
-1.970000e+01  3.200000e+01  0.0
-1.970000e+01  3.900000e+01  0.0
-1.970000e+01  4.800000e+01  0.0
-1.970000e+01  5.800000e+01  0.0
-1.970000e+01  8.800000e+01  0.0
-1.970000e+01  1.080000e+02  0.0
-1.970000e+01  1.320000e+02  0.0
-1.970000e+01  1.620000e+02  0.0
-1.970000e+01  1.990000e+02  0.0
-1.970000e+01  2.440000e+02  0.0
-1.970000e+01  3.000000e+02  0.0
-2.000000e+01  5.000  2.775120e+01
-2.000000e+01  6.000  2.070074e+01
-2.000000e+01  8.000  1.143381e+01
-2.000000e+01  9.000  8.809860e+00
-2.000000e+01  11.000  2.889329e+00
-2.000000e+01  14.000  6.338823e-01
-2.000000e+01  1.700000e+01  0.0
-2.000000e+01  2.100000e+01  0.0
-2.000000e+01  2.600000e+01  0.0
-2.000000e+01  3.200000e+01  0.0
-2.000000e+01  3.900000e+01  0.0
-2.000000e+01  4.800000e+01  0.0
-2.000000e+01  5.800000e+01  0.0
-2.000000e+01  8.800000e+01  0.0
-2.000000e+01  1.080000e+02  0.0
-2.000000e+01  1.320000e+02  0.0
-2.000000e+01  1.620000e+02  0.0
-2.000000e+01  1.990000e+02  0.0
-2.000000e+01  2.440000e+02  0.0
-2.000000e+01  3.000000e+02  0.0
-2.030000e+01  5.000  2.340226e+01
-2.030000e+01  6.000  1.769576e+01
-2.030000e+01  8.000  7.345064e+00
-2.030000e+01  9.000  3.445223e+00
-2.030000e+01  11.000  8.380637e-01
-2.030000e+01  1.400000e+01  0.0
-2.030000e+01  1.700000e+01  0.0
-2.030000e+01  2.100000e+01  0.0
-2.030000e+01  2.600000e+01  0.0
-2.030000e+01  3.200000e+01  0.0
-2.030000e+01  3.900000e+01  0.0
-2.030000e+01  4.800000e+01  0.0
-2.030000e+01  5.800000e+01  0.0
-2.030000e+01  8.800000e+01  0.0
-2.030000e+01  1.080000e+02  0.0
-2.030000e+01  1.320000e+02  0.0
-2.030000e+01  1.620000e+02  0.0
-2.030000e+01  1.990000e+02  0.0
-2.030000e+01  2.440000e+02  0.0
-2.030000e+01  3.000000e+02  0.0
-2.070000e+01  5.000  1.446929e+01
-2.070000e+01  6.000  9.050258e+00
-2.070000e+01  8.000  2.356049e+00
-2.070000e+01  9.000  7.661151e-01
-2.070000e+01  1.100000e+01  0.0
-2.070000e+01  1.400000e+01  0.0
-2.070000e+01  1.700000e+01  0.0
-2.070000e+01  2.100000e+01  0.0
-2.070000e+01  2.600000e+01  0.0
-2.070000e+01  3.200000e+01  0.0
-2.070000e+01  3.900000e+01  0.0
-2.070000e+01  4.800000e+01  0.0
-2.070000e+01  5.800000e+01  0.0
-2.070000e+01  8.800000e+01  0.0
-2.070000e+01  1.080000e+02  0.0
-2.070000e+01  1.320000e+02  0.0
-2.070000e+01  1.620000e+02  0.0
-2.070000e+01  1.990000e+02  0.0
-2.070000e+01  2.440000e+02  0.0
-2.070000e+01  3.000000e+02  0.0
-2.100000e+01  5.000  9.254027e+00
-2.100000e+01  6.000  3.640620e+00
-2.100000e+01  8.000  6.372579e-01
-2.100000e+01  9.000000e+00  0.0
-2.100000e+01  1.100000e+01  0.0
-2.100000e+01  1.400000e+01  0.0
-2.100000e+01  1.700000e+01  0.0
-2.100000e+01  2.100000e+01  0.0
-2.100000e+01  2.600000e+01  0.0
-2.100000e+01  3.200000e+01  0.0
-2.100000e+01  3.900000e+01  0.0
-2.100000e+01  4.800000e+01  0.0
-2.100000e+01  5.800000e+01  0.0
-2.100000e+01  8.800000e+01  0.0
-2.100000e+01  1.080000e+02  0.0
-2.100000e+01  1.320000e+02  0.0
-2.100000e+01  1.620000e+02  0.0
-2.100000e+01  1.990000e+02  0.0
-2.100000e+01  2.440000e+02  0.0
-2.100000e+01  3.000000e+02  0.0
-2.130000e+01  5.000  4.015009e+00
-2.130000e+01  6.000  1.037267e+00
-2.130000e+01  8.000000e+00  0.0
-2.130000e+01  9.000000e+00  0.0
-2.130000e+01  1.100000e+01  0.0
-2.130000e+01  1.400000e+01  0.0
-2.130000e+01  1.700000e+01  0.0
-2.130000e+01  2.100000e+01  0.0
-2.130000e+01  2.600000e+01  0.0
-2.130000e+01  3.200000e+01  0.0
-2.130000e+01  3.900000e+01  0.0
-2.130000e+01  4.800000e+01  0.0
-2.130000e+01  5.800000e+01  0.0
-2.130000e+01  8.800000e+01  0.0
-2.130000e+01  1.080000e+02  0.0
-2.130000e+01  1.320000e+02  0.0
-2.130000e+01  1.620000e+02  0.0
-2.130000e+01  1.990000e+02  0.0
-2.130000e+01  2.440000e+02  0.0
-2.130000e+01  3.000000e+02  0.0
-2.170000e+01  5.000  8.848475e-01
-2.170000e+01  6.000000e+00  0.0
-2.170000e+01  8.000000e+00  0.0
-2.170000e+01  9.000000e+00  0.0
-2.170000e+01  1.100000e+01  0.0
-2.170000e+01  1.400000e+01  0.0
-2.170000e+01  1.700000e+01  0.0
-2.170000e+01  2.100000e+01  0.0
-2.170000e+01  2.600000e+01  0.0
-2.170000e+01  3.200000e+01  0.0
-2.170000e+01  3.900000e+01  0.0
-2.170000e+01  4.800000e+01  0.0
-2.170000e+01  5.800000e+01  0.0
-2.170000e+01  8.800000e+01  0.0
-2.170000e+01  1.080000e+02  0.0
-2.170000e+01  1.320000e+02  0.0
-2.170000e+01  1.620000e+02  0.0
-2.170000e+01  1.990000e+02  0.0
-2.170000e+01  2.440000e+02  0.0
-2.170000e+01  3.000000e+02  0.0
-2.200000e+01  5.000000e+00  0.0
-2.200000e+01  6.000000e+00  0.0
-2.200000e+01  8.000000e+00  0.0
-2.200000e+01  9.000000e+00  0.0
-2.200000e+01  1.100000e+01  0.0
-2.200000e+01  1.400000e+01  0.0
-2.200000e+01  1.700000e+01  0.0
-2.200000e+01  2.100000e+01  0.0
-2.200000e+01  2.600000e+01  0.0
-2.200000e+01  3.200000e+01  0.0
-2.200000e+01  3.900000e+01  0.0
-2.200000e+01  4.800000e+01  0.0
-2.200000e+01  5.800000e+01  0.0
-2.200000e+01  8.800000e+01  0.0
-2.200000e+01  1.080000e+02  0.0
-2.200000e+01  1.320000e+02  0.0
-2.200000e+01  1.620000e+02  0.0
-2.200000e+01  1.990000e+02  0.0
-2.200000e+01  2.440000e+02  0.0
-2.200000e+01  3.000000e+02  0.0
