# log10(y)    mass[MeV]    Nhits
-1.330000e+01  5.000  1.908228e-18
-1.330000e+01  6.000  1.242004e-14
-1.330000e+01  8.000  6.008063e-11
-1.330000e+01  9.000  5.729226e-09
-1.330000e+01  11.000  7.036460e-07
-1.330000e+01  14.000  3.231632e-05
-1.330000e+01  17.000  3.148355e-04
-1.330000e+01  21.000  2.235254e-03
-1.330000e+01  26.000  6.336097e-03
-1.330000e+01  32.000  1.237087e-02
-1.330000e+01  39.000  1.516327e-02
-1.330000e+01  48.000  3.091504e-02
-1.330000e+01  58.000  1.744448e-02
-1.330000e+01  88.000  1.798943e-02
-1.330000e+01  108.000  5.992187e-03
-1.330000e+01  132.000  4.291586e-03
-1.330000e+01  162.000  3.418911e-03
-1.330000e+01  199.000  1.322269e-03
-1.330000e+01  244.000  2.514433e-04
-1.330000e+01  300.000  9.368431e-05
-1.370000e+01  5.000  4.200423e-14
-1.370000e+01  6.000  5.168775e-11
-1.370000e+01  8.000  2.418806e-08
-1.370000e+01  9.000  1.165611e-06
-1.370000e+01  11.000  3.384752e-05
-1.370000e+01  14.000  5.720353e-04
-1.370000e+01  17.000  3.106535e-03
-1.370000e+01  21.000  1.125587e-02
-1.370000e+01  26.000  2.093080e-02
-1.370000e+01  32.000  1.932670e-02
-1.370000e+01  39.000  1.127073e-01
-1.370000e+01  48.000  5.230822e-02
-1.370000e+01  58.000  6.094024e-02
-1.370000e+01  88.000  2.673304e-02
-1.370000e+01  108.000  1.423728e-02
-1.370000e+01  132.000  9.072105e-03
-1.370000e+01  162.000  5.189863e-03
-1.370000e+01  199.000  1.780253e-03
-1.370000e+01  244.000  4.685950e-04
-1.370000e+01  300.000  3.017431e-04
-1.400000e+01  5.000  1.663968e-10
-1.400000e+01  6.000  2.590510e-08
-1.400000e+01  8.000  2.623619e-06
-1.400000e+01  9.000  6.632062e-05
-1.400000e+01  11.000  8.477652e-04
-1.400000e+01  14.000  4.628983e-03
-1.400000e+01  17.000  2.800473e-02
-1.400000e+01  21.000  5.326638e-02
-1.400000e+01  26.000  8.270265e-02
-1.400000e+01  32.000  2.102234e-01
-1.400000e+01  39.000  2.640098e-01
-1.400000e+01  48.000  1.440285e-01
-1.400000e+01  58.000  2.307458e-01
-1.400000e+01  88.000  4.748205e-02
-1.400000e+01  108.000  3.960401e-02
-1.400000e+01  132.000  2.469598e-02
-1.400000e+01  162.000  1.004995e-02
-1.400000e+01  199.000  2.339504e-03
-1.400000e+01  244.000  9.934655e-04
-1.400000e+01  300.000  9.298850e-04
-1.430000e+01  5.000  1.146311e-07
-1.430000e+01  6.000  7.045051e-06
-1.430000e+01  8.000  1.634747e-04
-1.430000e+01  9.000  2.016518e-03
-1.430000e+01  11.000  8.828388e-03
-1.430000e+01  14.000  3.515394e-02
-1.430000e+01  17.000  1.195075e-01
-1.430000e+01  21.000  1.856395e-01
-1.430000e+01  26.000  5.024535e-01
-1.430000e+01  32.000  2.968271e-01
-1.430000e+01  39.000  5.121036e-01
-1.430000e+01  48.000  9.287757e-01
-1.430000e+01  58.000  4.105041e-01
-1.430000e+01  88.000  1.305669e-01
-1.430000e+01  108.000  8.742141e-02
-1.430000e+01  132.000  4.013467e-02
-1.430000e+01  162.000  1.181099e-02
-1.430000e+01  199.000  5.222578e-03
-1.430000e+01  244.000  3.715484e-03
-1.430000e+01  300.000  1.290618e-03
-1.470000e+01  5.000  1.518526e-05
-1.470000e+01  6.000  3.625321e-04
-1.470000e+01  8.000  2.846032e-03
-1.470000e+01  9.000  1.747706e-02
-1.470000e+01  11.000  6.490203e-02
-1.470000e+01  14.000  2.455143e-01
-1.470000e+01  17.000  3.432404e-01
-1.470000e+01  21.000  3.029519e-01
-1.470000e+01  26.000  7.391343e-01
-1.470000e+01  32.000  8.474015e-01
-1.470000e+01  39.000  8.954367e-01
-1.470000e+01  48.000  4.375704e-01
-1.470000e+01  58.000  3.689048e-01
-1.470000e+01  88.000  1.932385e-01
-1.470000e+01  108.000  1.037228e-01
-1.470000e+01  132.000  4.115099e-02
-1.470000e+01  162.000  1.298313e-02
-1.470000e+01  199.000  7.935735e-03
-1.470000e+01  244.000  5.318869e-03
-1.470000e+01  300.000  5.216367e-04
-1.500000e+01  5.000  6.618791e-04
-1.500000e+01  6.000  6.148005e-03
-1.500000e+01  8.000  3.675491e-02
-1.500000e+01  9.000  1.313304e-01
-1.500000e+01  11.000  3.948522e-01
-1.500000e+01  14.000  7.066976e-01
-1.500000e+01  17.000  1.120398e+00
-1.500000e+01  21.000  1.345010e+00
-1.500000e+01  26.000  1.184427e+00
-1.500000e+01  32.000  1.118094e+00
-1.500000e+01  39.000  1.305223e+00
-1.500000e+01  48.000  1.346957e+00
-1.500000e+01  58.000  6.110220e-01
-1.500000e+01  88.000  2.645903e-01
-1.500000e+01  108.000  1.333369e-01
-1.500000e+01  132.000  5.410720e-02
-1.500000e+01  162.000  2.799404e-02
-1.500000e+01  199.000  1.844560e-02
-1.500000e+01  244.000  3.715679e-03
-1.500000e+01  300.000  1.361664e-04
-1.530000e+01  5.000  1.158586e-02
-1.530000e+01  6.000  6.665129e-02
-1.530000e+01  8.000  1.850311e-01
-1.530000e+01  9.000  5.915668e-01
-1.530000e+01  11.000  1.124541e+00
-1.530000e+01  14.000  1.646777e+00
-1.530000e+01  17.000  1.911879e+00
-1.530000e+01  21.000  2.422015e+00
-1.530000e+01  26.000  2.769686e+00
-1.530000e+01  32.000  2.796945e+00
-1.530000e+01  39.000  2.502169e+00
-1.530000e+01  48.000  1.306642e+00
-1.530000e+01  58.000  1.099930e+00
-1.530000e+01  88.000  3.364157e-01
-1.530000e+01  108.000  1.425076e-01
-1.530000e+01  132.000  7.035957e-02
-1.530000e+01  162.000  5.029280e-02
-1.530000e+01  199.000  1.548616e-02
-1.530000e+01  244.000  1.189372e-03
-1.530000e+01  300.000  3.147986e-05
-1.570000e+01  5.000  7.603659e-02
-1.570000e+01  6.000  2.311082e-01
-1.570000e+01  8.000  4.943631e-01
-1.570000e+01  9.000  1.077617e+00
-1.570000e+01  11.000  1.428584e+00
-1.570000e+01  14.000  1.184197e+00
-1.570000e+01  17.000  2.030269e+00
-1.570000e+01  21.000  2.718261e+00
-1.570000e+01  26.000  2.665588e+00
-1.570000e+01  32.000  2.147017e+00
-1.570000e+01  39.000  2.036941e+00
-1.570000e+01  48.000  1.448024e+00
-1.570000e+01  58.000  9.858891e-01
-1.570000e+01  88.000  2.429563e-01
-1.570000e+01  108.000  1.376302e-01
-1.570000e+01  132.000  8.316215e-02
-1.570000e+01  162.000  3.395513e-02
-1.570000e+01  199.000  4.325055e-03
-1.570000e+01  244.000  2.045621e-04
-1.570000e+01  3.000000e+02  0.0
-1.600000e+01  5.000  2.847548e-01
-1.600000e+01  6.000  7.187923e-01
-1.600000e+01  8.000  1.026695e+00
-1.600000e+01  9.000  1.656172e+00
-1.600000e+01  11.000  1.583363e+00
-1.600000e+01  14.000  2.640022e+00
-1.600000e+01  17.000  2.882078e+00
-1.600000e+01  21.000  3.700657e+00
-1.600000e+01  26.000  3.332173e+00
-1.600000e+01  32.000  2.575088e+00
-1.600000e+01  39.000  2.151750e+00
-1.600000e+01  48.000  1.313775e+00
-1.600000e+01  58.000  8.806539e-01
-1.600000e+01  88.000  2.850798e-01
-1.600000e+01  108.000  1.574265e-01
-1.600000e+01  132.000  7.367342e-02
-1.600000e+01  162.000  1.275404e-02
-1.600000e+01  1.990000e+02  0.0
-1.600000e+01  2.440000e+02  0.0
-1.600000e+01  3.000000e+02  0.0
-1.630000e+01  5.000  9.992225e-01
-1.630000e+01  6.000  1.434420e+00
-1.630000e+01  8.000  1.678370e+00
-1.630000e+01  9.000  1.865358e+00
-1.630000e+01  11.000  3.056247e+00
-1.630000e+01  14.000  3.534997e+00
-1.630000e+01  17.000  4.451468e+00
-1.630000e+01  21.000  3.368225e+00
-1.630000e+01  26.000  2.991651e+00
-1.630000e+01  32.000  2.429029e+00
-1.630000e+01  39.000  1.777751e+00
-1.630000e+01  48.000  1.185133e+00
-1.630000e+01  58.000  7.542147e-01
-1.630000e+01  88.000  2.656189e-01
-1.630000e+01  108.000  1.180706e-01
-1.630000e+01  132.000  2.499747e-02
-1.630000e+01  1.620000e+02  0.0
-1.630000e+01  1.990000e+02  0.0
-1.630000e+01  2.440000e+02  0.0
-1.630000e+01  3.000000e+02  0.0
-1.670000e+01  5.000  1.362191e+00
-1.670000e+01  6.000  2.042071e+00
-1.670000e+01  8.000  1.549592e+00
-1.670000e+01  9.000  2.966551e+00
-1.670000e+01  11.000  3.047109e+00
-1.670000e+01  14.000  3.958208e+00
-1.670000e+01  17.000  3.662055e+00
-1.670000e+01  21.000  2.825068e+00
-1.670000e+01  26.000  2.258025e+00
-1.670000e+01  32.000  1.523938e+00
-1.670000e+01  39.000  1.142520e+00
-1.670000e+01  48.000  7.513956e-01
-1.670000e+01  58.000  4.931616e-01
-1.670000e+01  88.000  1.277431e-01
-1.670000e+01  108.000  2.924409e-02
-1.670000e+01  1.320000e+02  0.0
-1.670000e+01  1.620000e+02  0.0
-1.670000e+01  1.990000e+02  0.0
-1.670000e+01  2.440000e+02  0.0
-1.670000e+01  3.000000e+02  0.0
-1.700000e+01  5.000  2.490572e+00
-1.700000e+01  6.000  2.374400e+00
-1.700000e+01  8.000  3.145528e+00
-1.700000e+01  9.000  5.305101e+00
-1.700000e+01  11.000  4.845401e+00
-1.700000e+01  14.000  3.558256e+00
-1.700000e+01  17.000  3.436710e+00
-1.700000e+01  21.000  2.464924e+00
-1.700000e+01  26.000  1.771420e+00
-1.700000e+01  32.000  1.235881e+00
-1.700000e+01  39.000  9.035801e-01
-1.700000e+01  48.000  5.637749e-01
-1.700000e+01  58.000  3.645162e-01
-1.700000e+01  88.000  3.812795e-02
-1.700000e+01  1.080000e+02  0.0
-1.700000e+01  1.320000e+02  0.0
-1.700000e+01  1.620000e+02  0.0
-1.700000e+01  1.990000e+02  0.0
-1.700000e+01  2.440000e+02  0.0
-1.700000e+01  3.000000e+02  0.0
-1.730000e+01  5.000  2.711428e+00
-1.730000e+01  6.000  5.844595e+00
-1.730000e+01  8.000  4.586751e+00
-1.730000e+01  9.000  6.017295e+00
-1.730000e+01  11.000  4.825071e+00
-1.730000e+01  14.000  3.956125e+00
-1.730000e+01  17.000  2.986757e+00
-1.730000e+01  21.000  1.881819e+00
-1.730000e+01  26.000  1.232288e+00
-1.730000e+01  32.000  9.905153e-01
-1.730000e+01  39.000  6.945808e-01
-1.730000e+01  48.000  4.114744e-01
-1.730000e+01  58.000  1.698862e-01
-1.730000e+01  8.800000e+01  0.0
-1.730000e+01  1.080000e+02  0.0
-1.730000e+01  1.320000e+02  0.0
-1.730000e+01  1.620000e+02  0.0
-1.730000e+01  1.990000e+02  0.0
-1.730000e+01  2.440000e+02  0.0
-1.730000e+01  3.000000e+02  0.0
-1.770000e+01  5.000  4.856826e+00
-1.770000e+01  6.000  6.438801e+00
-1.770000e+01  8.000  4.899368e+00
-1.770000e+01  9.000  5.246974e+00
-1.770000e+01  11.000  3.940671e+00
-1.770000e+01  14.000  2.597212e+00
-1.770000e+01  17.000  1.844020e+00
-1.770000e+01  21.000  1.111372e+00
-1.770000e+01  26.000  7.856714e-01
-1.770000e+01  32.000  6.156069e-01
-1.770000e+01  39.000  3.894796e-01
-1.770000e+01  48.000  1.384089e-01
-1.770000e+01  5.800000e+01  0.0
-1.770000e+01  8.800000e+01  0.0
-1.770000e+01  1.080000e+02  0.0
-1.770000e+01  1.320000e+02  0.0
-1.770000e+01  1.620000e+02  0.0
-1.770000e+01  1.990000e+02  0.0
-1.770000e+01  2.440000e+02  0.0
-1.770000e+01  3.000000e+02  0.0
-1.800000e+01  5.000  5.994291e+00
-1.800000e+01  6.000  7.012551e+00
-1.800000e+01  8.000  4.417437e+00
-1.800000e+01  9.000  4.962049e+00
-1.800000e+01  11.000  3.483778e+00
-1.800000e+01  14.000  1.998660e+00
-1.800000e+01  17.000  1.430343e+00
-1.800000e+01  21.000  9.098324e-01
-1.800000e+01  26.000  6.945870e-01
-1.800000e+01  32.000  3.913002e-01
-1.800000e+01  39.000  1.494402e-01
-1.800000e+01  4.800000e+01  0.0
-1.800000e+01  5.800000e+01  0.0
-1.800000e+01  8.800000e+01  0.0
-1.800000e+01  1.080000e+02  0.0
-1.800000e+01  1.320000e+02  0.0
-1.800000e+01  1.620000e+02  0.0
-1.800000e+01  1.990000e+02  0.0
-1.800000e+01  2.440000e+02  0.0
-1.800000e+01  3.000000e+02  0.0
-1.830000e+01  5.000  6.198328e+00
-1.830000e+01  6.000  6.075568e+00
-1.830000e+01  8.000  4.021869e+00
-1.830000e+01  9.000  4.016129e+00
-1.830000e+01  11.000  2.700275e+00
-1.830000e+01  14.000  1.725205e+00
-1.830000e+01  17.000  1.091155e+00
-1.830000e+01  21.000  7.979870e-01
-1.830000e+01  26.000  4.271373e-01
-1.830000e+01  32.000  1.515446e-01
-1.830000e+01  3.900000e+01  0.0
-1.830000e+01  4.800000e+01  0.0
-1.830000e+01  5.800000e+01  0.0
-1.830000e+01  8.800000e+01  0.0
-1.830000e+01  1.080000e+02  0.0
-1.830000e+01  1.320000e+02  0.0
-1.830000e+01  1.620000e+02  0.0
-1.830000e+01  1.990000e+02  0.0
-1.830000e+01  2.440000e+02  0.0
-1.830000e+01  3.000000e+02  0.0
-1.870000e+01  5.000  5.147155e+00
-1.870000e+01  6.000  4.536180e+00
-1.870000e+01  8.000  2.486082e+00
-1.870000e+01  9.000  2.381069e+00
-1.870000e+01  11.000  1.825627e+00
-1.870000e+01  14.000  1.028096e+00
-1.870000e+01  17.000  7.352471e-01
-1.870000e+01  21.000  4.141200e-01
-1.870000e+01  26.000  1.309619e-01
-1.870000e+01  32.000  3.124795e-02
-1.870000e+01  3.900000e+01  0.0
-1.870000e+01  4.800000e+01  0.0
-1.870000e+01  5.800000e+01  0.0
-1.870000e+01  8.800000e+01  0.0
-1.870000e+01  1.080000e+02  0.0
-1.870000e+01  1.320000e+02  0.0
-1.870000e+01  1.620000e+02  0.0
-1.870000e+01  1.990000e+02  0.0
-1.870000e+01  2.440000e+02  0.0
-1.870000e+01  3.000000e+02  0.0
-1.900000e+01  5.000  4.694394e+00
-1.900000e+01  6.000  3.736649e+00
-1.900000e+01  8.000  1.865308e+00
-1.900000e+01  9.000  1.795134e+00
-1.900000e+01  11.000  1.414236e+00
-1.900000e+01  14.000  8.134555e-01
-1.900000e+01  17.000  4.761539e-01
-1.900000e+01  21.000  1.483756e-01
-1.900000e+01  26.000  3.399033e-02
-1.900000e+01  3.200000e+01  0.0
-1.900000e+01  3.900000e+01  0.0
-1.900000e+01  4.800000e+01  0.0
-1.900000e+01  5.800000e+01  0.0
-1.900000e+01  8.800000e+01  0.0
-1.900000e+01  1.080000e+02  0.0
-1.900000e+01  1.320000e+02  0.0
-1.900000e+01  1.620000e+02  0.0
-1.900000e+01  1.990000e+02  0.0
-1.900000e+01  2.440000e+02  0.0
-1.900000e+01  3.000000e+02  0.0
-1.930000e+01  5.000  3.867278e+00
-1.930000e+01  6.000  2.830509e+00
-1.930000e+01  8.000  1.395530e+00
-1.930000e+01  9.000  1.388391e+00
-1.930000e+01  11.000  1.015409e+00
-1.930000e+01  14.000  4.915967e-01
-1.930000e+01  17.000  1.617212e-01
-1.930000e+01  21.000  3.964273e-02
-1.930000e+01  2.600000e+01  0.0
-1.930000e+01  3.200000e+01  0.0
-1.930000e+01  3.900000e+01  0.0
-1.930000e+01  4.800000e+01  0.0
-1.930000e+01  5.800000e+01  0.0
-1.930000e+01  8.800000e+01  0.0
-1.930000e+01  1.080000e+02  0.0
-1.930000e+01  1.320000e+02  0.0
-1.930000e+01  1.620000e+02  0.0
-1.930000e+01  1.990000e+02  0.0
-1.930000e+01  2.440000e+02  0.0
-1.930000e+01  3.000000e+02  0.0
-1.970000e+01  5.000  2.294954e+00
-1.970000e+01  6.000  1.631872e+00
-1.970000e+01  8.000  8.193043e-01
-1.970000e+01  9.000  9.379033e-01
-1.970000e+01  11.000  5.203073e-01
-1.970000e+01  14.000  1.470668e-01
-1.970000e+01  17.000  3.607608e-02
-1.970000e+01  2.100000e+01  0.0
-1.970000e+01  2.600000e+01  0.0
-1.970000e+01  3.200000e+01  0.0
-1.970000e+01  3.900000e+01  0.0
-1.970000e+01  4.800000e+01  0.0
-1.970000e+01  5.800000e+01  0.0
-1.970000e+01  8.800000e+01  0.0
-1.970000e+01  1.080000e+02  0.0
-1.970000e+01  1.320000e+02  0.0
-1.970000e+01  1.620000e+02  0.0
-1.970000e+01  1.990000e+02  0.0
-1.970000e+01  2.440000e+02  0.0
-1.970000e+01  3.000000e+02  0.0
-2.000000e+01  5.000  1.821096e+00
-2.000000e+01  6.000  1.343712e+00
-2.000000e+01  8.000  7.378562e-01
-2.000000e+01  9.000  5.662791e-01
-2.000000e+01  11.000  1.846411e-01
-2.000000e+01  14.000  4.014089e-02
-2.000000e+01  1.700000e+01  0.0
-2.000000e+01  2.100000e+01  0.0
-2.000000e+01  2.600000e+01  0.0
-2.000000e+01  3.200000e+01  0.0
-2.000000e+01  3.900000e+01  0.0
-2.000000e+01  4.800000e+01  0.0
-2.000000e+01  5.800000e+01  0.0
-2.000000e+01  8.800000e+01  0.0
-2.000000e+01  1.080000e+02  0.0
-2.000000e+01  1.320000e+02  0.0
-2.000000e+01  1.620000e+02  0.0
-2.000000e+01  1.990000e+02  0.0
-2.000000e+01  2.440000e+02  0.0
-2.000000e+01  3.000000e+02  0.0
-2.030000e+01  5.000  1.519013e+00
-2.030000e+01  6.000  1.141862e+00
-2.030000e+01  8.000  4.722953e-01
-2.030000e+01  9.000  2.201418e-01
-2.030000e+01  11.000  5.306083e-02
-2.030000e+01  1.400000e+01  0.0
-2.030000e+01  1.700000e+01  0.0
-2.030000e+01  2.100000e+01  0.0
-2.030000e+01  2.600000e+01  0.0
-2.030000e+01  3.200000e+01  0.0
-2.030000e+01  3.900000e+01  0.0
-2.030000e+01  4.800000e+01  0.0
-2.030000e+01  5.800000e+01  0.0
-2.030000e+01  8.800000e+01  0.0
-2.030000e+01  1.080000e+02  0.0
-2.030000e+01  1.320000e+02  0.0
-2.030000e+01  1.620000e+02  0.0
-2.030000e+01  1.990000e+02  0.0
-2.030000e+01  2.440000e+02  0.0
-2.030000e+01  3.000000e+02  0.0
-2.070000e+01  5.000  9.336325e-01
-2.070000e+01  6.000  5.818920e-01
-2.070000e+01  8.000  1.505389e-01
-2.070000e+01  9.000  4.852419e-02
-2.070000e+01  1.100000e+01  0.0
-2.070000e+01  1.400000e+01  0.0
-2.070000e+01  1.700000e+01  0.0
-2.070000e+01  2.100000e+01  0.0
-2.070000e+01  2.600000e+01  0.0
-2.070000e+01  3.200000e+01  0.0
-2.070000e+01  3.900000e+01  0.0
-2.070000e+01  4.800000e+01  0.0
-2.070000e+01  5.800000e+01  0.0
-2.070000e+01  8.800000e+01  0.0
-2.070000e+01  1.080000e+02  0.0
-2.070000e+01  1.320000e+02  0.0
-2.070000e+01  1.620000e+02  0.0
-2.070000e+01  1.990000e+02  0.0
-2.070000e+01  2.440000e+02  0.0
-2.070000e+01  3.000000e+02  0.0
-2.100000e+01  5.000  5.952140e-01
-2.100000e+01  6.000  2.326986e-01
-2.100000e+01  8.000  4.038044e-02
-2.100000e+01  9.000000e+00  0.0
-2.100000e+01  1.100000e+01  0.0
-2.100000e+01  1.400000e+01  0.0
-2.100000e+01  1.700000e+01  0.0
-2.100000e+01  2.100000e+01  0.0
-2.100000e+01  2.600000e+01  0.0
-2.100000e+01  3.200000e+01  0.0
-2.100000e+01  3.900000e+01  0.0
-2.100000e+01  4.800000e+01  0.0
-2.100000e+01  5.800000e+01  0.0
-2.100000e+01  8.800000e+01  0.0
-2.100000e+01  1.080000e+02  0.0
-2.100000e+01  1.320000e+02  0.0
-2.100000e+01  1.620000e+02  0.0
-2.100000e+01  1.990000e+02  0.0
-2.100000e+01  2.440000e+02  0.0
-2.100000e+01  3.000000e+02  0.0
-2.130000e+01  5.000  2.567314e-01
-2.130000e+01  6.000  6.575403e-02
-2.130000e+01  8.000000e+00  0.0
-2.130000e+01  9.000000e+00  0.0
-2.130000e+01  1.100000e+01  0.0
-2.130000e+01  1.400000e+01  0.0
-2.130000e+01  1.700000e+01  0.0
-2.130000e+01  2.100000e+01  0.0
-2.130000e+01  2.600000e+01  0.0
-2.130000e+01  3.200000e+01  0.0
-2.130000e+01  3.900000e+01  0.0
-2.130000e+01  4.800000e+01  0.0
-2.130000e+01  5.800000e+01  0.0
-2.130000e+01  8.800000e+01  0.0
-2.130000e+01  1.080000e+02  0.0
-2.130000e+01  1.320000e+02  0.0
-2.130000e+01  1.620000e+02  0.0
-2.130000e+01  1.990000e+02  0.0
-2.130000e+01  2.440000e+02  0.0
-2.130000e+01  3.000000e+02  0.0
-2.170000e+01  5.000  5.611710e-02
-2.170000e+01  6.000000e+00  0.0
-2.170000e+01  8.000000e+00  0.0
-2.170000e+01  9.000000e+00  0.0
-2.170000e+01  1.100000e+01  0.0
-2.170000e+01  1.400000e+01  0.0
-2.170000e+01  1.700000e+01  0.0
-2.170000e+01  2.100000e+01  0.0
-2.170000e+01  2.600000e+01  0.0
-2.170000e+01  3.200000e+01  0.0
-2.170000e+01  3.900000e+01  0.0
-2.170000e+01  4.800000e+01  0.0
-2.170000e+01  5.800000e+01  0.0
-2.170000e+01  8.800000e+01  0.0
-2.170000e+01  1.080000e+02  0.0
-2.170000e+01  1.320000e+02  0.0
-2.170000e+01  1.620000e+02  0.0
-2.170000e+01  1.990000e+02  0.0
-2.170000e+01  2.440000e+02  0.0
-2.170000e+01  3.000000e+02  0.0
-2.200000e+01  5.000000e+00  0.0
-2.200000e+01  6.000000e+00  0.0
-2.200000e+01  8.000000e+00  0.0
-2.200000e+01  9.000000e+00  0.0
-2.200000e+01  1.100000e+01  0.0
-2.200000e+01  1.400000e+01  0.0
-2.200000e+01  1.700000e+01  0.0
-2.200000e+01  2.100000e+01  0.0
-2.200000e+01  2.600000e+01  0.0
-2.200000e+01  3.200000e+01  0.0
-2.200000e+01  3.900000e+01  0.0
-2.200000e+01  4.800000e+01  0.0
-2.200000e+01  5.800000e+01  0.0
-2.200000e+01  8.800000e+01  0.0
-2.200000e+01  1.080000e+02  0.0
-2.200000e+01  1.320000e+02  0.0
-2.200000e+01  1.620000e+02  0.0
-2.200000e+01  1.990000e+02  0.0
-2.200000e+01  2.440000e+02  0.0
-2.200000e+01  3.000000e+02  0.0
