# log10(y)    mass[MeV]    Nhits
-13.3  5  2.758273e-16
-13.7  5  1.035073e-12
-14  5  1.122960e-09
-14.3  5  3.519623e-07
-14.7  5  3.106806e-05
-15  5  1.101763e-03
-15.3  5  1.716554e-02
-15.7  5  1.049619e-01
-16  5  3.802789e-01
-16.3  5  1.344414e+00
-16.7  5  1.896321e+00
-17  5  3.565481e+00
-17.3  5  3.906015e+00
-17.7  5  6.718960e+00
-18  5  7.645852e+00
-18.3  5  7.128189e+00
-18.7  5  5.179041e+00
-19  5  4.008105e+00
-19.3  5  2.804657e+00
-19.7  5  1.377164e+00
-20  5  8.800033e-01
-20.3  5  5.485591e-01
-20.7  5  2.815546e-01
-21  5  1.619051e-01
-21.3  5  5.718473e-02
-21.7  5  9.281448e-03
-2.200000e+01  5.000000e+00  0.0
-13.3  6  2.904695e-13
-13.7  6  4.744399e-10
-14  6  1.062632e-07
-14.3  6  1.491888e-05
-14.7  6  4.893267e-04
-15  6  6.529122e-03
-15.3  6  6.635167e-02
-15.7  6  2.368643e-01
-16  6  7.836413e-01
-16.3  6  1.688765e+00
-16.7  6  2.593816e+00
-17  6  3.117251e+00
-17.3  6  8.245669e+00
-17.7  6  9.106265e+00
-18  6  9.646674e+00
-18.3  6  7.902454e+00
-18.7  6  5.409132e+00
-19  6  4.031987e+00
-19.3  6  2.686992e+00
-19.7  6  1.277715e+00
-20  6  8.702193e-01
-20.3  6  6.403234e-01
-20.7  6  2.968513e-01
-21  6  1.005575e-01
-21.3  6  2.210117e-02
-2.170000e+01  6.000000e+00  0.0
-2.200000e+01  6.000000e+00  0.0
-13.3  8  1.301803e-09
-13.7  8  1.819442e-07
-14  8  1.025190e-05
-14.3  8  4.225558e-04
-14.7  8  5.510972e-03
-15  8  5.639026e-02
-15.3  8  2.330669e-01
-15.7  8  5.479058e-01
-16  8  1.087123e+00
-16.3  8  1.817571e+00
-16.7  8  1.724840e+00
-17  8  3.889012e+00
-17.3  8  6.200169e+00
-17.7  8  7.012510e+00
-18  8  6.585178e+00
-18.3  8  6.092617e+00
-18.7  8  3.721408e+00
-19  8  2.682461e+00
-19.3  8  1.836685e+00
-19.7  8  9.700197e-01
-20  8  8.002489e-01
-20.3  8  4.823762e-01
-20.7  8  1.367207e-01
-21  8  3.084468e-02
-2.130000e+01  8.000000e+00  0.0
-2.170000e+01  8.000000e+00  0.0
-2.200000e+01  8.000000e+00  0.0
-13.3  9  6.148300e-08
-13.7  9  5.814376e-06
-14  9  1.978347e-04
-14.3  9  4.234597e-03
-14.7  9  2.925561e-02
-15  9  1.855045e-01
-15.3  9  7.296588e-01
-15.7  9  1.215138e+00
-16  9  1.815479e+00
-16.3  9  2.056081e+00
-16.7  9  3.500161e+00
-17  9  6.819350e+00
-17.3  9  8.296976e+00
-17.7  9  7.716299e+00
-18  9  7.650299e+00
-18.3  9  6.301950e+00
-18.7  9  3.703720e+00
-19  9  2.656265e+00
-19.3  9  1.908682e+00
-19.7  9  1.201691e+00
-20  9  6.921795e-01
-20.3  9  2.466177e-01
-20.7  9  4.684339e-02
-2.100000e+01  9.000000e+00  0.0
-2.130000e+01  9.000000e+00  0.0
-2.170000e+01  9.000000e+00  0.0
-2.200000e+01  9.000000e+00  0.0
-13.3  11  4.470589e-06
-13.7  11  1.104213e-04
-14  11  1.751524e-03
-14.3  11  1.385976e-02
-14.7  11  8.845458e-02
-15  11  5.024536e-01
-15.3  11  1.363806e+00
-15.7  11  1.665093e+00
-16  11  1.819474e+00
-16.3  11  3.481742e+00
-16.7  11  3.581993e+00
-17  11  6.029026e+00
-17.3  11  6.387215e+00
-17.7  11  5.484593e+00
-18  11  5.062078e+00
-18.3  11  3.963882e+00
-18.7  11  2.606649e+00
-19  11  1.906339e+00
-19.3  11  1.288249e+00
-19.7  11  6.328829e-01
-20  11  2.072643e-01
-20.3  11  5.124696e-02
-2.070000e+01  1.100000e+01  0.0
-2.100000e+01  1.100000e+01  0.0
-2.130000e+01  1.100000e+01  0.0
-2.170000e+01  1.100000e+01  0.0
-2.200000e+01  1.100000e+01  0.0
-13.3  14  6.066794e-05
-13.7  14  7.767723e-04
-14  14  5.317288e-03
-14.3  14  3.767698e-02
-14.7  14  2.625434e-01
-15  14  7.820639e-01
-15.3  14  1.901658e+00
-15.7  14  1.387581e+00
-16  14  3.137959e+00
-16.3  14  4.230939e+00
-16.7  14  4.801868e+00
-17  14  4.427505e+00
-17.3  14  5.089626e+00
-17.7  14  3.440776e+00
-18  14  2.676217e+00
-18.3  14  2.277827e+00
-18.7  14  1.307629e+00
-19  14  9.922110e-01
-19.3  14  5.820061e-01
-19.7  14  1.635559e-01
-20  14  4.016280e-02
-2.030000e+01  1.400000e+01  0.0
-2.070000e+01  1.400000e+01  0.0
-2.100000e+01  1.400000e+01  0.0
-2.130000e+01  1.400000e+01  0.0
-2.170000e+01  1.400000e+01  0.0
-2.200000e+01  1.400000e+01  0.0
-13.3  17  6.971632e-04
-13.7  17  4.938140e-03
-14  17  3.583708e-02
-14.3  17  1.375655e-01
-14.7  17  3.832551e-01
-15  17  1.279596e+00
-15.3  17  2.229745e+00
-15.7  17  2.445529e+00
-16  17  3.543939e+00
-16.3  17  5.525619e+00
-16.7  17  4.585183e+00
-17  17  4.341192e+00
-17.3  17  3.775686e+00
-17.7  17  2.298843e+00
-18  17  1.708089e+00
-18.3  17  1.226660e+00
-18.7  17  7.798620e-01
-19  17  4.856866e-01
-19.3  17  1.524270e-01
-19.7  17  2.989237e-02
-2.000000e+01  1.700000e+01  0.0
-2.030000e+01  1.700000e+01  0.0
-2.070000e+01  1.700000e+01  0.0
-2.100000e+01  1.700000e+01  0.0
-2.130000e+01  1.700000e+01  0.0
-2.170000e+01  1.700000e+01  0.0
-2.200000e+01  1.700000e+01  0.0
-13.3  21  2.859432e-03
-13.7  21  1.278337e-02
-14  21  5.648252e-02
-14.3  21  1.918701e-01
-14.7  21  3.176546e-01
-15  21  1.445067e+00
-15.3  21  2.718920e+00
-15.7  21  3.223324e+00
-16  21  4.551257e+00
-16.3  21  4.249883e+00
-16.7  21  3.595982e+00
-17  21  3.118870e+00
-17.3  21  2.308239e+00
-17.7  21  1.297322e+00
-18  21  9.718754e-01
-18.3  21  7.956724e-01
-18.7  21  3.948246e-01
-19  21  1.294784e-01
-19.3  21  2.980416e-02
-1.970000e+01  2.100000e+01  0.0
-2.000000e+01  2.100000e+01  0.0
-2.030000e+01  2.100000e+01  0.0
-2.070000e+01  2.100000e+01  0.0
-2.100000e+01  2.100000e+01  0.0
-2.130000e+01  2.100000e+01  0.0
-2.170000e+01  2.100000e+01  0.0
-2.200000e+01  2.100000e+01  0.0
-13.3  26  6.481079e-03
-13.7  26  2.125592e-02
-14  26  8.449945e-02
-14.3  26  5.217864e-01
-14.7  26  7.805386e-01
-15  26  1.277570e+00
-15.3  26  3.137878e+00
-15.7  26  3.156238e+00
-16  26  4.119469e+00
-16.3  26  3.810783e+00
-16.7  26  2.899759e+00
-17  26  2.237547e+00
-17.3  26  1.474520e+00
-17.7  26  8.570642e-01
-18  26  7.072199e-01
-18.3  26  4.122671e-01
-18.7  26  1.155830e-01
-19  26  2.550183e-02
-1.930000e+01  2.600000e+01  0.0
-1.970000e+01  2.600000e+01  0.0
-2.000000e+01  2.600000e+01  0.0
-2.030000e+01  2.600000e+01  0.0
-2.070000e+01  2.600000e+01  0.0
-2.100000e+01  2.600000e+01  0.0
-2.130000e+01  2.600000e+01  0.0
-2.170000e+01  2.600000e+01  0.0
-2.200000e+01  2.600000e+01  0.0
-13.3  32  1.277763e-02
-13.7  32  1.969395e-02
-14  32  2.166788e-01
-14.3  32  3.110152e-01
-14.7  32  8.989037e-01
-15  32  1.229124e+00
-15.3  32  3.195676e+00
-15.7  32  2.539520e+00
-16  32  3.167819e+00
-16.3  32  3.077783e+00
-16.7  32  1.950444e+00
-17  32  1.552158e+00
-17.3  32  1.194143e+00
-17.7  32  7.024450e-01
-18  32  4.324014e-01
-18.3  32  1.567187e-01
-18.7  32  2.871117e-02
-1.900000e+01  3.200000e+01  0.0
-1.930000e+01  3.200000e+01  0.0
-1.970000e+01  3.200000e+01  0.0
-2.000000e+01  3.200000e+01  0.0
-2.030000e+01  3.200000e+01  0.0
-2.070000e+01  3.200000e+01  0.0
-2.100000e+01  3.200000e+01  0.0
-2.130000e+01  3.200000e+01  0.0
-2.170000e+01  3.200000e+01  0.0
-2.200000e+01  3.200000e+01  0.0
-13.3  39  1.558127e-02
-13.7  39  1.179395e-01
-14  39  2.789311e-01
-14.3  39  5.561068e-01
-14.7  39  9.959057e-01
-15  39  1.482537e+00
-15.3  39  2.907092e+00
-15.7  39  2.384066e+00
-16  39  2.490971e+00
-16.3  39  1.984023e+00
-16.7  39  1.209930e+00
-17  39  8.874837e-01
-17.3  39  6.584628e-01
-17.7  39  3.457168e-01
-18  39  1.175104e-01
-1.830000e+01  3.900000e+01  0.0
-1.870000e+01  3.900000e+01  0.0
-1.900000e+01  3.900000e+01  0.0
-1.930000e+01  3.900000e+01  0.0
-1.970000e+01  3.900000e+01  0.0
-2.000000e+01  3.900000e+01  0.0
-2.030000e+01  3.900000e+01  0.0
-2.070000e+01  3.900000e+01  0.0
-2.100000e+01  3.900000e+01  0.0
-2.130000e+01  3.900000e+01  0.0
-2.170000e+01  3.900000e+01  0.0
-2.200000e+01  3.900000e+01  0.0
-13.3  48  3.153542e-02
-13.7  48  5.412811e-02
-14  48  1.526525e-01
-14.3  48  1.014211e+00
-14.7  48  4.860719e-01
-15  48  1.519026e+00
-15.3  48  1.471720e+00
-15.7  48  1.599180e+00
-16  48  1.388755e+00
-16.3  48  1.167979e+00
-16.7  48  6.827997e-01
-17  48  4.961442e-01
-17.3  48  3.391327e-01
-17.7  48  1.019593e-01
-1.800000e+01  4.800000e+01  0.0
-1.830000e+01  4.800000e+01  0.0
-1.870000e+01  4.800000e+01  0.0
-1.900000e+01  4.800000e+01  0.0
-1.930000e+01  4.800000e+01  0.0
-1.970000e+01  4.800000e+01  0.0
-2.000000e+01  4.800000e+01  0.0
-2.030000e+01  4.800000e+01  0.0
-2.070000e+01  4.800000e+01  0.0
-2.100000e+01  4.800000e+01  0.0
-2.130000e+01  4.800000e+01  0.0
-2.170000e+01  4.800000e+01  0.0
-2.200000e+01  4.800000e+01  0.0
-13.3  58  1.749435e-02
-13.7  58  6.255548e-02
-14  58  2.445836e-01
-14.3  58  4.430307e-01
-14.7  58  4.014036e-01
-15  58  6.584818e-01
-15.3  58  1.151411e+00
-15.7  58  9.793372e-01
-16  58  8.101898e-01
-16.3  58  6.287773e-01
-16.7  58  3.979190e-01
-17  58  2.769654e-01
-17.3  58  1.158417e-01
-1.770000e+01  5.800000e+01  0.0
-1.800000e+01  5.800000e+01  0.0
-1.830000e+01  5.800000e+01  0.0
-1.870000e+01  5.800000e+01  0.0
-1.900000e+01  5.800000e+01  0.0
-1.930000e+01  5.800000e+01  0.0
-1.970000e+01  5.800000e+01  0.0
-2.000000e+01  5.800000e+01  0.0
-2.030000e+01  5.800000e+01  0.0
-2.070000e+01  5.800000e+01  0.0
-2.100000e+01  5.800000e+01  0.0
-2.130000e+01  5.800000e+01  0.0
-2.170000e+01  5.800000e+01  0.0
-2.200000e+01  5.800000e+01  0.0
-13.3  88  8.907520e-03
-13.7  88  1.216067e-02
-14  88  1.945932e-02
-14.3  88  4.858253e-02
-14.7  88  6.533933e-02
-15  88  8.033996e-02
-15.3  88  9.071842e-02
-15.7  88  5.761197e-02
-16  88  5.901633e-02
-16.3  88  5.249515e-02
-16.7  88  2.386346e-02
-17  88  6.416662e-03
-1.730000e+01  8.800000e+01  0.0
-1.770000e+01  8.800000e+01  0.0
-1.800000e+01  8.800000e+01  0.0
-1.830000e+01  8.800000e+01  0.0
-1.870000e+01  8.800000e+01  0.0
-1.900000e+01  8.800000e+01  0.0
-1.930000e+01  8.800000e+01  0.0
-1.970000e+01  8.800000e+01  0.0
-2.000000e+01  8.800000e+01  0.0
-2.030000e+01  8.800000e+01  0.0
-2.070000e+01  8.800000e+01  0.0
-2.100000e+01  8.800000e+01  0.0
-2.130000e+01  8.800000e+01  0.0
-2.170000e+01  8.800000e+01  0.0
-2.200000e+01  8.800000e+01  0.0
-13.3  108  0.000000e+00
-13.7  108  0.000000e+00
-14  108  0.000000e+00
-14.3  108  0.000000e+00
-14.7  108  0.000000e+00
-15  108  0.000000e+00
-15.3  108  0.000000e+00
-15.7  108  0.000000e+00
-16  108  0.000000e+00
-16.3  108  0.000000e+00
-16.7  108  0.000000e+00
-1.700000e+01  1.080000e+02  0.0
-1.730000e+01  1.080000e+02  0.0
-1.770000e+01  1.080000e+02  0.0
-1.800000e+01  1.080000e+02  0.0
-1.830000e+01  1.080000e+02  0.0
-1.870000e+01  1.080000e+02  0.0
-1.900000e+01  1.080000e+02  0.0
-1.930000e+01  1.080000e+02  0.0
-1.970000e+01  1.080000e+02  0.0
-2.000000e+01  1.080000e+02  0.0
-2.030000e+01  1.080000e+02  0.0
-2.070000e+01  1.080000e+02  0.0
-2.100000e+01  1.080000e+02  0.0
-2.130000e+01  1.080000e+02  0.0
-2.170000e+01  1.080000e+02  0.0
-2.200000e+01  1.080000e+02  0.0
-13.3  132  0.000000e+00
-13.7  132  0.000000e+00
-14  132  0.000000e+00
-14.3  132  0.000000e+00
-14.7  132  0.000000e+00
-15  132  0.000000e+00
-15.3  132  0.000000e+00
-15.7  132  0.000000e+00
-16  132  0.000000e+00
-16.3  132  0.000000e+00
-1.670000e+01  1.320000e+02  0.0
-1.700000e+01  1.320000e+02  0.0
-1.730000e+01  1.320000e+02  0.0
-1.770000e+01  1.320000e+02  0.0
-1.800000e+01  1.320000e+02  0.0
-1.830000e+01  1.320000e+02  0.0
-1.870000e+01  1.320000e+02  0.0
-1.900000e+01  1.320000e+02  0.0
-1.930000e+01  1.320000e+02  0.0
-1.970000e+01  1.320000e+02  0.0
-2.000000e+01  1.320000e+02  0.0
-2.030000e+01  1.320000e+02  0.0
-2.070000e+01  1.320000e+02  0.0
-2.100000e+01  1.320000e+02  0.0
-2.130000e+01  1.320000e+02  0.0
-2.170000e+01  1.320000e+02  0.0
-2.200000e+01  1.320000e+02  0.0
-13.3  162  0.000000e+00
-13.7  162  0.000000e+00
-14  162  0.000000e+00
-14.3  162  0.000000e+00
-14.7  162  0.000000e+00
-15  162  0.000000e+00
-15.3  162  0.000000e+00
-15.7  162  0.000000e+00
-16  162  0.000000e+00
-1.630000e+01  1.620000e+02  0.0
-1.670000e+01  1.620000e+02  0.0
-1.700000e+01  1.620000e+02  0.0
-1.730000e+01  1.620000e+02  0.0
-1.770000e+01  1.620000e+02  0.0
-1.800000e+01  1.620000e+02  0.0
-1.830000e+01  1.620000e+02  0.0
-1.870000e+01  1.620000e+02  0.0
-1.900000e+01  1.620000e+02  0.0
-1.930000e+01  1.620000e+02  0.0
-1.970000e+01  1.620000e+02  0.0
-2.000000e+01  1.620000e+02  0.0
-2.030000e+01  1.620000e+02  0.0
-2.070000e+01  1.620000e+02  0.0
-2.100000e+01  1.620000e+02  0.0
-2.130000e+01  1.620000e+02  0.0
-2.170000e+01  1.620000e+02  0.0
-2.200000e+01  1.620000e+02  0.0
-13.3  199  0.000000e+00
-13.7  199  0.000000e+00
-14  199  0.000000e+00
-14.3  199  0.000000e+00
-14.7  199  0.000000e+00
-15  199  0.000000e+00
-15.3  199  0.000000e+00
-15.7  199  0.000000e+00
-1.600000e+01  1.990000e+02  0.0
-1.630000e+01  1.990000e+02  0.0
-1.670000e+01  1.990000e+02  0.0
-1.700000e+01  1.990000e+02  0.0
-1.730000e+01  1.990000e+02  0.0
-1.770000e+01  1.990000e+02  0.0
-1.800000e+01  1.990000e+02  0.0
-1.830000e+01  1.990000e+02  0.0
-1.870000e+01  1.990000e+02  0.0
-1.900000e+01  1.990000e+02  0.0
-1.930000e+01  1.990000e+02  0.0
-1.970000e+01  1.990000e+02  0.0
-2.000000e+01  1.990000e+02  0.0
-2.030000e+01  1.990000e+02  0.0
-2.070000e+01  1.990000e+02  0.0
-2.100000e+01  1.990000e+02  0.0
-2.130000e+01  1.990000e+02  0.0
-2.170000e+01  1.990000e+02  0.0
-2.200000e+01  1.990000e+02  0.0
-13.3  244  0.000000e+00
-13.7  244  0.000000e+00
-14  244  0.000000e+00
-14.3  244  0.000000e+00
-14.7  244  0.000000e+00
-15  244  0.000000e+00
-15.3  244  0.000000e+00
-15.7  244  0.000000e+00
-1.600000e+01  2.440000e+02  0.0
-1.630000e+01  2.440000e+02  0.0
-1.670000e+01  2.440000e+02  0.0
-1.700000e+01  2.440000e+02  0.0
-1.730000e+01  2.440000e+02  0.0
-1.770000e+01  2.440000e+02  0.0
-1.800000e+01  2.440000e+02  0.0
-1.830000e+01  2.440000e+02  0.0
-1.870000e+01  2.440000e+02  0.0
-1.900000e+01  2.440000e+02  0.0
-1.930000e+01  2.440000e+02  0.0
-1.970000e+01  2.440000e+02  0.0
-2.000000e+01  2.440000e+02  0.0
-2.030000e+01  2.440000e+02  0.0
-2.070000e+01  2.440000e+02  0.0
-2.100000e+01  2.440000e+02  0.0
-2.130000e+01  2.440000e+02  0.0
-2.170000e+01  2.440000e+02  0.0
-2.200000e+01  2.440000e+02  0.0
-13.3  300  0.000000e+00
-13.7  300  0.000000e+00
-14  300  0.000000e+00
-14.3  300  0.000000e+00
-14.7  300  0.000000e+00
-15  300  0.000000e+00
-15.3  300  0.000000e+00
-1.570000e+01  3.000000e+02  0.0
-1.600000e+01  3.000000e+02  0.0
-1.630000e+01  3.000000e+02  0.0
-1.670000e+01  3.000000e+02  0.0
-1.700000e+01  3.000000e+02  0.0
-1.730000e+01  3.000000e+02  0.0
-1.770000e+01  3.000000e+02  0.0
-1.800000e+01  3.000000e+02  0.0
-1.830000e+01  3.000000e+02  0.0
-1.870000e+01  3.000000e+02  0.0
-1.900000e+01  3.000000e+02  0.0
-1.930000e+01  3.000000e+02  0.0
-1.970000e+01  3.000000e+02  0.0
-2.000000e+01  3.000000e+02  0.0
-2.030000e+01  3.000000e+02  0.0
-2.070000e+01  3.000000e+02  0.0
-2.100000e+01  3.000000e+02  0.0
-2.130000e+01  3.000000e+02  0.0
-2.170000e+01  3.000000e+02  0.0
-2.200000e+01  3.000000e+02  0.0
