# log10(y)    mass[MeV]    Nhits
-13.3  5  2.075761e-16
-13.7  5  1.077070e-12
-14  5  1.745477e-09
-14.3  5  6.885637e-07
-14.7  5  5.993068e-05
-15  5  1.797245e-03
-15.3  5  2.243597e-02
-15.7  5  1.121862e-01
-16  5  3.562746e-01
-16.3  5  1.193017e+00
-16.7  5  1.665862e+00
-17  5  3.144940e+00
-17.3  5  3.461404e+00
-17.7  5  6.143339e+00
-18  5  7.278801e+00
-18.3  5  7.122855e+00
-18.7  5  5.488569e+00
-19  5  4.533997e+00
-19.3  5  3.357594e+00
-19.7  5  1.744762e+00
-20  5  1.178330e+00
-20.3  5  7.823703e-01
-20.7  5  4.156170e-01
-21  5  2.434454e-01
-21.3  5  8.892736e-02
-21.7  5  1.511318e-02
-2.200000e+01  5.000000e+00  0.0
-13.3  6  2.386553e-13
-13.7  6  3.532466e-10
-14  6  7.929788e-08
-14.3  6  1.305581e-05
-14.7  6  5.591564e-04
-15  6  9.155233e-03
-15.3  6  9.715967e-02
-15.7  6  3.198507e-01
-16  6  9.368720e-01
-16.3  6  1.810792e+00
-16.7  6  2.595083e+00
-17  6  3.049796e+00
-17.3  6  7.760075e+00
-17.7  6  8.568064e+00
-18  6  9.213295e+00
-18.3  6  7.768065e+00
-18.7  6  5.538796e+00
-19  6  4.301929e+00
-19.3  6  2.999769e+00
-19.7  6  1.510570e+00
-20  6  1.079658e+00
-20.3  6  8.210760e-01
-20.7  6  3.884906e-01
-21  6  1.361349e-01
-21.3  6  3.138405e-02
-2.170000e+01  6.000000e+00  0.0
-2.200000e+01  6.000000e+00  0.0
-13.3  8  8.212136e-10
-13.7  8  1.324730e-07
-14  8  7.893436e-06
-14.3  8  3.210071e-04
-14.7  8  4.081017e-03
-15  8  4.287345e-02
-15.3  8  1.979129e-01
-15.7  8  5.362560e-01
-16  8  1.169750e+00
-16.3  8  1.997636e+00
-16.7  8  1.878572e+00
-17  8  4.002777e+00
-17.3  8  6.077399e+00
-17.7  8  6.685367e+00
-18  8  6.175482e+00
-18.3  8  5.693048e+00
-18.7  8  3.501869e+00
-19  8  2.563881e+00
-19.3  8  1.806258e+00
-19.7  8  9.831864e-01
-20  8  8.303725e-01
-20.3  8  5.083911e-01
-20.7  8  1.484374e-01
-21  8  3.494932e-02
-2.130000e+01  8.000000e+00  0.0
-2.170000e+01  8.000000e+00  0.0
-2.200000e+01  8.000000e+00  0.0
-13.3  9  3.627270e-08
-13.7  9  3.667813e-06
-14  9  1.357129e-04
-14.3  9  3.064751e-03
-14.7  9  2.151043e-02
-15  9  1.398673e-01
-15.3  9  5.931919e-01
-15.7  9  1.098277e+00
-16  9  1.772159e+00
-16.3  9  2.046835e+00
-16.7  9  3.493656e+00
-17  9  6.613826e+00
-17.3  9  7.842423e+00
-17.7  9  7.113625e+00
-18  9  6.888641e+00
-18.3  9  5.567190e+00
-18.7  9  3.209884e+00
-19  9  2.248598e+00
-19.3  9  1.583545e+00
-19.7  9  9.819797e-01
-20  9  5.605155e-01
-20.3  9  1.966267e-01
-20.7  9  3.644643e-02
-2.100000e+01  9.000000e+00  0.0
-2.130000e+01  9.000000e+00  0.0
-2.170000e+01  9.000000e+00  0.0
-2.200000e+01  9.000000e+00  0.0
-13.3  11  3.221953e-06
-13.7  11  7.704296e-05
-14  11  1.229345e-03
-14.3  11  1.003100e-02
-14.7  11  6.583992e-02
-15  11  3.823160e-01
-15.3  11  1.082037e+00
-15.7  11  1.422910e+00
-16  11  1.619754e+00
-16.3  11  3.372539e+00
-16.7  11  3.581665e+00
-17  11  6.028240e+00
-17.3  11  6.309286e+00
-17.7  11  5.347351e+00
-18  11  4.862754e+00
-18.3  11  3.770751e+00
-18.7  11  2.460231e+00
-19  11  1.793136e+00
-19.3  11  1.210663e+00
-19.7  11  5.947958e-01
-20  11  1.949733e-01
-20.3  11  4.837853e-02
-2.070000e+01  1.100000e+01  0.0
-2.100000e+01  1.100000e+01  0.0
-2.130000e+01  1.100000e+01  0.0
-2.170000e+01  1.100000e+01  0.0
-2.200000e+01  1.100000e+01  0.0
-13.3  14  1.839496e-04
-13.7  14  1.853705e-03
-14  14  9.595609e-03
-14.3  14  5.203029e-02
-14.7  14  2.909822e-01
-15  14  7.434209e-01
-15.3  14  1.661816e+00
-15.7  14  1.192916e+00
-16  14  2.737901e+00
-16.3  14  3.898559e+00
-16.7  14  4.591402e+00
-17  14  4.352768e+00
-17.3  14  5.094011e+00
-17.7  14  3.484076e+00
-18  14  2.731633e+00
-18.3  14  2.348358e+00
-18.7  14  1.360898e+00
-19  14  1.040553e+00
-19.3  14  6.132606e-01
-19.7  14  1.738974e-01
-20  14  4.328904e-02
-2.030000e+01  1.400000e+01  0.0
-2.070000e+01  1.400000e+01  0.0
-2.100000e+01  1.400000e+01  0.0
-2.130000e+01  1.400000e+01  0.0
-2.170000e+01  1.400000e+01  0.0
-2.200000e+01  1.400000e+01  0.0
-13.3  17  8.031844e-04
-13.7  17  6.391246e-03
-14  17  4.801741e-02
-14.3  17  1.751141e-01
-14.7  17  4.400559e-01
-15  17  1.310575e+00
-15.3  17  2.156161e+00
-15.7  17  2.208196e+00
-16  17  3.133066e+00
-16.3  17  4.974574e+00
-16.7  17  4.239442e+00
-17  17  4.113381e+00
-17.3  17  3.630853e+00
-17.7  17  2.217680e+00
-18  17  1.638034e+00
-18.3  17  1.163502e+00
-18.7  17  7.320051e-01
-19  17  4.527801e-01
-19.3  17  1.402333e-01
-19.7  17  2.695324e-02
-2.000000e+01  1.700000e+01  0.0
-2.030000e+01  1.700000e+01  0.0
-2.070000e+01  1.700000e+01  0.0
-2.100000e+01  1.700000e+01  0.0
-2.130000e+01  1.700000e+01  0.0
-2.170000e+01  1.700000e+01  0.0
-2.200000e+01  1.700000e+01  0.0
-13.3  21  3.900784e-03
-13.7  21  1.833149e-02
-14  21  8.420295e-02
-14.3  21  2.828310e-01
-14.7  21  4.377561e-01
-15  21  1.862492e+00
-15.3  21  3.162884e+00
-15.7  21  3.346730e+00
-16  21  4.434175e+00
-16.3  21  4.017978e+00
-16.7  21  3.398180e+00
-17  21  3.000023e+00
-17.3  21  2.288026e+00
-17.7  21  1.323703e+00
-18  21  1.026288e+00
-18.3  21  8.567700e-01
-18.7  21  4.296801e-01
-19  21  1.434260e-01
-19.3  21  3.378312e-02
-1.970000e+01  2.100000e+01  0.0
-2.000000e+01  2.100000e+01  0.0
-2.030000e+01  2.100000e+01  0.0
-2.070000e+01  2.100000e+01  0.0
-2.100000e+01  2.100000e+01  0.0
-2.130000e+01  2.100000e+01  0.0
-2.170000e+01  2.100000e+01  0.0
-2.200000e+01  2.100000e+01  0.0
-13.3  26  7.471835e-03
-13.7  26  2.602945e-02
-14  26  1.107583e-01
-14.3  26  7.129015e-01
-14.7  26  1.067272e+00
-15  26  1.706075e+00
-15.3  26  3.863961e+00
-15.7  26  3.598044e+00
-16  26  4.333897e+00
-16.3  26  3.763667e+00
-16.7  26  2.714493e+00
-17  26  2.020783e+00
-17.3  26  1.288700e+00
-17.7  26  7.322717e-01
-18  26  5.988053e-01
-18.3  26  3.475329e-01
-18.7  26  9.695157e-02
-19  26  2.130205e-02
-1.930000e+01  2.600000e+01  0.0
-1.970000e+01  2.600000e+01  0.0
-2.000000e+01  2.600000e+01  0.0
-2.030000e+01  2.600000e+01  0.0
-2.070000e+01  2.600000e+01  0.0
-2.100000e+01  2.600000e+01  0.0
-2.130000e+01  2.600000e+01  0.0
-2.170000e+01  2.600000e+01  0.0
-2.200000e+01  2.600000e+01  0.0
-13.3  32  1.267981e-02
-13.7  32  2.129391e-02
-14  32  2.542948e-01
-14.3  32  3.856225e-01
-14.7  32  1.140674e+00
-15  32  1.573154e+00
-15.3  32  3.955164e+00
-15.7  32  3.011985e+00
-16  32  3.567575e+00
-16.3  32  3.279435e+00
-16.7  32  1.968774e+00
-17  32  1.490549e+00
-17.3  32  1.105091e+00
-17.7  32  6.313804e-01
-18  32  3.839477e-01
-18.3  32  1.363220e-01
-18.7  32  2.428703e-02
-1.900000e+01  3.200000e+01  0.0
-1.930000e+01  3.200000e+01  0.0
-1.970000e+01  3.200000e+01  0.0
-2.000000e+01  3.200000e+01  0.0
-2.030000e+01  3.200000e+01  0.0
-2.070000e+01  3.200000e+01  0.0
-2.100000e+01  3.200000e+01  0.0
-2.130000e+01  3.200000e+01  0.0
-2.170000e+01  3.200000e+01  0.0
-2.200000e+01  3.200000e+01  0.0
-13.3  39  1.548961e-02
-13.7  39  1.268686e-01
-14  39  3.107298e-01
-14.3  39  6.707485e-01
-14.7  39  1.243448e+00
-15  39  1.867093e+00
-15.3  39  3.626929e+00
-15.7  39  2.919877e+00
-16  39  2.978027e+00
-16.3  39  2.309791e+00
-16.7  39  1.377749e+00
-17  39  9.884692e-01
-17.3  39  7.274658e-01
-17.7  39  3.769684e-01
-18  39  1.256121e-01
-1.830000e+01  3.900000e+01  0.0
-1.870000e+01  3.900000e+01  0.0
-1.900000e+01  3.900000e+01  0.0
-1.930000e+01  3.900000e+01  0.0
-1.970000e+01  3.900000e+01  0.0
-2.000000e+01  3.900000e+01  0.0
-2.030000e+01  3.900000e+01  0.0
-2.070000e+01  3.900000e+01  0.0
-2.100000e+01  3.900000e+01  0.0
-2.130000e+01  3.900000e+01  0.0
-2.170000e+01  3.900000e+01  0.0
-2.200000e+01  3.900000e+01  0.0
-13.3  48  2.956914e-02
-13.7  48  5.268093e-02
-14  48  1.590197e-01
-14.3  48  1.149742e+00
-14.7  48  5.799545e-01
-15  48  1.885032e+00
-15.3  48  1.869354e+00
-15.7  48  2.061193e+00
-16  48  1.803605e+00
-16.3  48  1.520284e+00
-16.7  48  8.876855e-01
-17  48  6.441189e-01
-17.3  48  4.389763e-01
-17.7  48  1.312852e-01
-1.800000e+01  4.800000e+01  0.0
-1.830000e+01  4.800000e+01  0.0
-1.870000e+01  4.800000e+01  0.0
-1.900000e+01  4.800000e+01  0.0
-1.930000e+01  4.800000e+01  0.0
-1.970000e+01  4.800000e+01  0.0
-2.000000e+01  4.800000e+01  0.0
-2.030000e+01  4.800000e+01  0.0
-2.070000e+01  4.800000e+01  0.0
-2.100000e+01  4.800000e+01  0.0
-2.130000e+01  4.800000e+01  0.0
-2.170000e+01  4.800000e+01  0.0
-2.200000e+01  4.800000e+01  0.0
-13.3  58  1.590455e-02
-13.7  58  5.891016e-02
-14  58  2.457863e-01
-14.3  58  4.730837e-01
-14.7  58  4.529141e-01
-15  58  7.778244e-01
-15.3  58  1.419953e+00
-15.7  58  1.256222e+00
-16  58  1.076578e+00
-16.3  58  8.620534e-01
-16.7  58  5.495182e-01
-17  58  3.871832e-01
-17.3  58  1.651083e-01
-1.770000e+01  5.800000e+01  0.0
-1.800000e+01  5.800000e+01  0.0
-1.830000e+01  5.800000e+01  0.0
-1.870000e+01  5.800000e+01  0.0
-1.900000e+01  5.800000e+01  0.0
-1.930000e+01  5.800000e+01  0.0
-1.970000e+01  5.800000e+01  0.0
-2.000000e+01  5.800000e+01  0.0
-2.030000e+01  5.800000e+01  0.0
-2.070000e+01  5.800000e+01  0.0
-2.100000e+01  5.800000e+01  0.0
-2.130000e+01  5.800000e+01  0.0
-2.170000e+01  5.800000e+01  0.0
-2.200000e+01  5.800000e+01  0.0
-13.3  88  8.361229e-03
-13.7  88  1.152614e-02
-14  88  1.857040e-02
-14.3  88  4.657599e-02
-14.7  88  6.285457e-02
-15  88  7.751595e-02
-15.3  88  8.775538e-02
-15.7  88  5.585417e-02
-16  88  5.732520e-02
-16.3  88  5.101011e-02
-16.7  88  2.319438e-02
-17  88  6.240405e-03
-1.730000e+01  8.800000e+01  0.0
-1.770000e+01  8.800000e+01  0.0
-1.800000e+01  8.800000e+01  0.0
-1.830000e+01  8.800000e+01  0.0
-1.870000e+01  8.800000e+01  0.0
-1.900000e+01  8.800000e+01  0.0
-1.930000e+01  8.800000e+01  0.0
-1.970000e+01  8.800000e+01  0.0
-2.000000e+01  8.800000e+01  0.0
-2.030000e+01  8.800000e+01  0.0
-2.070000e+01  8.800000e+01  0.0
-2.100000e+01  8.800000e+01  0.0
-2.130000e+01  8.800000e+01  0.0
-2.170000e+01  8.800000e+01  0.0
-2.200000e+01  8.800000e+01  0.0
-13.3  108  0.000000e+00
-13.7  108  0.000000e+00
-14  108  0.000000e+00
-14.3  108  0.000000e+00
-14.7  108  0.000000e+00
-15  108  0.000000e+00
-15.3  108  0.000000e+00
-15.7  108  0.000000e+00
-16  108  0.000000e+00
-16.3  108  0.000000e+00
-16.7  108  0.000000e+00
-1.700000e+01  1.080000e+02  0.0
-1.730000e+01  1.080000e+02  0.0
-1.770000e+01  1.080000e+02  0.0
-1.800000e+01  1.080000e+02  0.0
-1.830000e+01  1.080000e+02  0.0
-1.870000e+01  1.080000e+02  0.0
-1.900000e+01  1.080000e+02  0.0
-1.930000e+01  1.080000e+02  0.0
-1.970000e+01  1.080000e+02  0.0
-2.000000e+01  1.080000e+02  0.0
-2.030000e+01  1.080000e+02  0.0
-2.070000e+01  1.080000e+02  0.0
-2.100000e+01  1.080000e+02  0.0
-2.130000e+01  1.080000e+02  0.0
-2.170000e+01  1.080000e+02  0.0
-2.200000e+01  1.080000e+02  0.0
-13.3  132  0.000000e+00
-13.7  132  0.000000e+00
-14  132  0.000000e+00
-14.3  132  0.000000e+00
-14.7  132  0.000000e+00
-15  132  0.000000e+00
-15.3  132  0.000000e+00
-15.7  132  0.000000e+00
-16  132  0.000000e+00
-16.3  132  0.000000e+00
-1.670000e+01  1.320000e+02  0.0
-1.700000e+01  1.320000e+02  0.0
-1.730000e+01  1.320000e+02  0.0
-1.770000e+01  1.320000e+02  0.0
-1.800000e+01  1.320000e+02  0.0
-1.830000e+01  1.320000e+02  0.0
-1.870000e+01  1.320000e+02  0.0
-1.900000e+01  1.320000e+02  0.0
-1.930000e+01  1.320000e+02  0.0
-1.970000e+01  1.320000e+02  0.0
-2.000000e+01  1.320000e+02  0.0
-2.030000e+01  1.320000e+02  0.0
-2.070000e+01  1.320000e+02  0.0
-2.100000e+01  1.320000e+02  0.0
-2.130000e+01  1.320000e+02  0.0
-2.170000e+01  1.320000e+02  0.0
-2.200000e+01  1.320000e+02  0.0
-13.3  162  0.000000e+00
-13.7  162  0.000000e+00
-14  162  0.000000e+00
-14.3  162  0.000000e+00
-14.7  162  0.000000e+00
-15  162  0.000000e+00
-15.3  162  0.000000e+00
-15.7  162  0.000000e+00
-16  162  0.000000e+00
-1.630000e+01  1.620000e+02  0.0
-1.670000e+01  1.620000e+02  0.0
-1.700000e+01  1.620000e+02  0.0
-1.730000e+01  1.620000e+02  0.0
-1.770000e+01  1.620000e+02  0.0
-1.800000e+01  1.620000e+02  0.0
-1.830000e+01  1.620000e+02  0.0
-1.870000e+01  1.620000e+02  0.0
-1.900000e+01  1.620000e+02  0.0
-1.930000e+01  1.620000e+02  0.0
-1.970000e+01  1.620000e+02  0.0
-2.000000e+01  1.620000e+02  0.0
-2.030000e+01  1.620000e+02  0.0
-2.070000e+01  1.620000e+02  0.0
-2.100000e+01  1.620000e+02  0.0
-2.130000e+01  1.620000e+02  0.0
-2.170000e+01  1.620000e+02  0.0
-2.200000e+01  1.620000e+02  0.0
-13.3  199  0.000000e+00
-13.7  199  0.000000e+00
-14  199  0.000000e+00
-14.3  199  0.000000e+00
-14.7  199  0.000000e+00
-15  199  0.000000e+00
-15.3  199  0.000000e+00
-15.7  199  0.000000e+00
-1.600000e+01  1.990000e+02  0.0
-1.630000e+01  1.990000e+02  0.0
-1.670000e+01  1.990000e+02  0.0
-1.700000e+01  1.990000e+02  0.0
-1.730000e+01  1.990000e+02  0.0
-1.770000e+01  1.990000e+02  0.0
-1.800000e+01  1.990000e+02  0.0
-1.830000e+01  1.990000e+02  0.0
-1.870000e+01  1.990000e+02  0.0
-1.900000e+01  1.990000e+02  0.0
-1.930000e+01  1.990000e+02  0.0
-1.970000e+01  1.990000e+02  0.0
-2.000000e+01  1.990000e+02  0.0
-2.030000e+01  1.990000e+02  0.0
-2.070000e+01  1.990000e+02  0.0
-2.100000e+01  1.990000e+02  0.0
-2.130000e+01  1.990000e+02  0.0
-2.170000e+01  1.990000e+02  0.0
-2.200000e+01  1.990000e+02  0.0
-13.3  244  0.000000e+00
-13.7  244  0.000000e+00
-14  244  0.000000e+00
-14.3  244  0.000000e+00
-14.7  244  0.000000e+00
-15  244  0.000000e+00
-15.3  244  0.000000e+00
-15.7  244  0.000000e+00
-1.600000e+01  2.440000e+02  0.0
-1.630000e+01  2.440000e+02  0.0
-1.670000e+01  2.440000e+02  0.0
-1.700000e+01  2.440000e+02  0.0
-1.730000e+01  2.440000e+02  0.0
-1.770000e+01  2.440000e+02  0.0
-1.800000e+01  2.440000e+02  0.0
-1.830000e+01  2.440000e+02  0.0
-1.870000e+01  2.440000e+02  0.0
-1.900000e+01  2.440000e+02  0.0
-1.930000e+01  2.440000e+02  0.0
-1.970000e+01  2.440000e+02  0.0
-2.000000e+01  2.440000e+02  0.0
-2.030000e+01  2.440000e+02  0.0
-2.070000e+01  2.440000e+02  0.0
-2.100000e+01  2.440000e+02  0.0
-2.130000e+01  2.440000e+02  0.0
-2.170000e+01  2.440000e+02  0.0
-2.200000e+01  2.440000e+02  0.0
-13.3  300  0.000000e+00
-13.7  300  0.000000e+00
-14  300  0.000000e+00
-14.3  300  0.000000e+00
-14.7  300  0.000000e+00
-15  300  0.000000e+00
-15.3  300  0.000000e+00
-1.570000e+01  3.000000e+02  0.0
-1.600000e+01  3.000000e+02  0.0
-1.630000e+01  3.000000e+02  0.0
-1.670000e+01  3.000000e+02  0.0
-1.700000e+01  3.000000e+02  0.0
-1.730000e+01  3.000000e+02  0.0
-1.770000e+01  3.000000e+02  0.0
-1.800000e+01  3.000000e+02  0.0
-1.830000e+01  3.000000e+02  0.0
-1.870000e+01  3.000000e+02  0.0
-1.900000e+01  3.000000e+02  0.0
-1.930000e+01  3.000000e+02  0.0
-1.970000e+01  3.000000e+02  0.0
-2.000000e+01  3.000000e+02  0.0
-2.030000e+01  3.000000e+02  0.0
-2.070000e+01  3.000000e+02  0.0
-2.100000e+01  3.000000e+02  0.0
-2.130000e+01  3.000000e+02  0.0
-2.170000e+01  3.000000e+02  0.0
-2.200000e+01  3.000000e+02  0.0
