# log10(y)    mass[MeV]    Nhits
-13.3  5  4.432156e-16
-13.7  5  1.549165e-12
-14  5  1.534225e-09
-14.3  5  4.117253e-07
-14.7  5  2.900100e-05
-15  5  7.822420e-04
-15.3  5  9.497091e-03
-15.7  5  5.302160e-02
-16  5  2.133883e-01
-16.3  5  8.875626e-01
-16.7  5  1.405408e+00
-17  5  2.821032e+00
-17.3  5  3.193393e+00
-17.7  5  6.439503e+00
-18  5  8.757764e+00
-18.3  5  9.977766e+00
-18.7  5  9.151910e+00
-19  5  9.107980e+00
-19.3  5  7.906937e+00
-19.7  5  4.814282e+00
-20  5  3.799695e+00
-20.3  5  3.022898e+00
-20.7  5  1.775998e+00
-21  5  1.098925e+00
-21.3  5  4.444206e-01
-21.7  5  8.717861e-02
-2.200000e+01  5.000000e+00  0.0
-13.3  6  4.305489e-13
-13.7  6  5.189839e-10
-14  6  1.007710e-07
-14.3  6  1.401593e-05
-14.7  6  4.716143e-04
-15  6  6.004037e-03
-15.3  6  5.253994e-02
-15.7  6  1.583711e-01
-16  6  4.895592e-01
-16.3  6  1.104791e+00
-16.7  6  1.836195e+00
-17  6  2.286219e+00
-17.3  6  6.766842e+00
-17.7  6  8.234200e+00
-18  6  9.820423e+00
-18.3  6  9.392857e+00
-18.7  6  7.734481e+00
-19  6  6.827948e+00
-19.3  6  5.421956e+00
-19.7  6  3.182745e+00
-20  6  2.570890e+00
-20.3  6  2.120190e+00
-20.7  6  1.053837e+00
-21  6  4.003247e-01
-21.3  6  1.032239e-01
-2.170000e+01  6.000000e+00  0.0
-2.200000e+01  6.000000e+00  0.0
-13.3  8  8.872482e-10
-13.7  8  1.145284e-07
-14  8  5.728876e-06
-14.3  8  2.084939e-04
-14.7  8  2.555960e-03
-15  8  2.687609e-02
-15.3  8  1.209344e-01
-15.7  8  3.058773e-01
-16  8  6.263385e-01
-16.3  8  1.072109e+00
-16.7  8  1.039338e+00
-17  8  2.567989e+00
-17.3  8  4.434422e+00
-17.7  8  5.310926e+00
-18  8  5.294800e+00
-18.3  8  5.240519e+00
-18.7  8  3.410772e+00
-19  8  2.634089e+00
-19.3  8  1.967664e+00
-19.7  8  1.118197e+00
-20  8  9.697849e-01
-20.3  8  6.028748e-01
-20.7  8  1.805144e-01
-21  8  4.376832e-02
-2.130000e+01  8.000000e+00  0.0
-2.170000e+01  8.000000e+00  0.0
-2.200000e+01  8.000000e+00  0.0
-13.3  9  6.286418e-08
-13.7  9  5.344518e-06
-14  9  1.582176e-04
-14.3  9  2.889011e-03
-14.7  9  1.756217e-02
-15  9  1.048996e-01
-15.3  9  4.143853e-01
-15.7  9  7.059300e-01
-16  9  1.067603e+00
-16.3  9  1.217301e+00
-16.7  9  2.184512e+00
-17  9  4.558521e+00
-17.3  9  5.838797e+00
-17.7  9  5.681591e+00
-18  9  5.864701e+00
-18.3  9  4.990504e+00
-18.7  9  3.032065e+00
-19  9  2.267972e+00
-19.3  9  1.690749e+00
-19.7  9  1.094638e+00
-20  9  6.411566e-01
-20.3  9  2.350630e-01
-20.7  9  4.668077e-02
-2.100000e+01  9.000000e+00  0.0
-2.130000e+01  9.000000e+00  0.0
-2.170000e+01  9.000000e+00  0.0
-2.200000e+01  9.000000e+00  0.0
-13.3  11  4.612128e-06
-13.7  11  1.163780e-04
-14  11  1.765522e-03
-14.3  11  1.261676e-02
-14.7  11  7.010450e-02
-15  11  3.510623e-01
-15.3  11  8.791783e-01
-15.7  11  1.031370e+00
-16  11  1.114635e+00
-16.3  11  2.107604e+00
-16.7  11  2.213198e+00
-17  11  3.899531e+00
-17.3  11  4.338361e+00
-17.7  11  3.873371e+00
-18  11  3.719090e+00
-18.3  11  2.989382e+00
-18.7  11  2.015165e+00
-19  11  1.498781e+00
-19.3  11  1.024059e+00
-19.7  11  5.061936e-01
-20  11  1.674511e-01
-20.3  11  4.207778e-02
-2.070000e+01  1.100000e+01  0.0
-2.100000e+01  1.100000e+01  0.0
-2.130000e+01  1.100000e+01  0.0
-2.170000e+01  1.100000e+01  0.0
-2.200000e+01  1.100000e+01  0.0
-13.3  14  8.130082e-05
-13.7  14  1.098019e-03
-14  14  7.322539e-03
-14.3  14  4.756929e-02
-14.7  14  2.899366e-01
-15  14  7.384778e-01
-15.3  14  1.551313e+00
-15.7  14  1.063506e+00
-16  14  2.170973e+00
-16.3  14  2.723631e+00
-16.7  14  2.995353e+00
-17  14  2.724952e+00
-17.3  14  3.154172e+00
-17.7  14  2.182076e+00
-18  14  1.740741e+00
-18.3  14  1.527625e+00
-18.7  14  8.964158e-01
-19  14  6.892184e-01
-19.3  14  4.069075e-01
-19.7  14  1.154293e-01
-20  14  2.858453e-02
-2.030000e+01  1.400000e+01  0.0
-2.070000e+01  1.400000e+01  0.0
-2.100000e+01  1.400000e+01  0.0
-2.130000e+01  1.400000e+01  0.0
-2.170000e+01  1.400000e+01  0.0
-2.200000e+01  1.400000e+01  0.0
-13.3  17  3.497470e-04
-13.7  17  3.333500e-03
-14  17  3.100943e-02
-14.3  17  1.356830e-01
-14.7  17  3.873559e-01
-15  17  1.224614e+00
-15.3  17  2.026239e+00
-15.7  17  2.016635e+00
-16  17  2.642489e+00
-16.3  17  3.834275e+00
-16.7  17  2.987805e+00
-17  17  2.639886e+00
-17.3  17  2.125232e+00
-17.7  17  1.207399e+00
-18  17  8.234257e-01
-18.3  17  5.509880e-01
-18.7  17  3.330725e-01
-19  17  2.015892e-01
-19.3  17  6.016950e-02
-19.7  17  1.102362e-02
-2.000000e+01  1.700000e+01  0.0
-2.030000e+01  1.700000e+01  0.0
-2.070000e+01  1.700000e+01  0.0
-2.100000e+01  1.700000e+01  0.0
-2.130000e+01  1.700000e+01  0.0
-2.170000e+01  1.700000e+01  0.0
-2.200000e+01  1.700000e+01  0.0
-13.3  21  1.911204e-03
-13.7  21  8.923461e-03
-14  21  4.488914e-02
-14.3  21  1.730279e-01
-14.7  21  3.079929e-01
-15  21  1.412477e+00
-15.3  21  2.576838e+00
-15.7  21  2.829730e+00
-16  21  3.724343e+00
-16.3  21  3.256123e+00
-16.7  21  2.644934e+00
-17  21  2.199845e+00
-17.3  21  1.571344e+00
-17.7  21  8.603342e-01
-18  21  6.262426e-01
-18.3  21  5.042198e-01
-18.7  21  2.478554e-01
-19  21  7.991153e-02
-19.3  21  1.792457e-02
-1.970000e+01  2.100000e+01  0.0
-2.000000e+01  2.100000e+01  0.0
-2.030000e+01  2.100000e+01  0.0
-2.070000e+01  2.100000e+01  0.0
-2.100000e+01  2.100000e+01  0.0
-2.130000e+01  2.100000e+01  0.0
-2.170000e+01  2.100000e+01  0.0
-2.200000e+01  2.100000e+01  0.0
-13.3  26  5.231337e-03
-13.7  26  1.611170e-02
-14  26  6.522074e-02
-14.3  26  4.335326e-01
-14.7  26  6.884339e-01
-15  26  1.172325e+00
-15.3  26  2.920674e+00
-15.7  26  2.858076e+00
-16  26  3.554634e+00
-16.3  26  3.134254e+00
-16.7  26  2.276380e+00
-17  26  1.697438e+00
-17.3  26  1.081552e+00
-17.7  26  6.130980e-01
-18  26  5.005250e-01
-18.3  26  2.901330e-01
-18.7  26  8.079358e-02
-19  26  1.770550e-02
-1.930000e+01  2.600000e+01  0.0
-1.970000e+01  2.600000e+01  0.0
-2.000000e+01  2.600000e+01  0.0
-2.030000e+01  2.600000e+01  0.0
-2.070000e+01  2.600000e+01  0.0
-2.100000e+01  2.600000e+01  0.0
-2.130000e+01  2.600000e+01  0.0
-2.170000e+01  2.600000e+01  0.0
-2.200000e+01  2.600000e+01  0.0
-13.3  32  1.374317e-02
-13.7  32  1.894520e-02
-14  32  1.942060e-01
-14.3  32  2.749998e-01
-14.7  32  8.016959e-01
-15  32  1.136459e+00
-15.3  32  2.995571e+00
-15.7  32  2.362577e+00
-16  32  2.877372e+00
-16.3  32  2.692769e+00
-16.7  32  1.629187e+00
-17  32  1.232376e+00
-17.3  32  9.083760e-01
-17.7  32  5.148273e-01
-18  32  3.116086e-01
-18.3  32  1.096165e-01
-18.7  32  1.922720e-02
-1.900000e+01  3.200000e+01  0.0
-1.930000e+01  3.200000e+01  0.0
-1.970000e+01  3.200000e+01  0.0
-2.000000e+01  3.200000e+01  0.0
-2.030000e+01  3.200000e+01  0.0
-2.070000e+01  3.200000e+01  0.0
-2.100000e+01  3.200000e+01  0.0
-2.130000e+01  3.200000e+01  0.0
-2.170000e+01  3.200000e+01  0.0
-2.200000e+01  3.200000e+01  0.0
-13.3  39  1.665787e-02
-13.7  39  1.161339e-01
-14  39  2.675110e-01
-14.3  39  5.155776e-01
-14.7  39  9.299850e-01
-15  39  1.407999e+00
-15.3  39  2.806373e+00
-15.7  39  2.322276e+00
-16  39  2.434110e+00
-16.3  39  1.934548e+00
-16.7  39  1.173850e+00
-17  39  8.545726e-01
-17.3  39  6.318062e-01
-17.7  39  3.296081e-01
-18  39  1.107773e-01
-1.830000e+01  3.900000e+01  0.0
-1.870000e+01  3.900000e+01  0.0
-1.900000e+01  3.900000e+01  0.0
-1.930000e+01  3.900000e+01  0.0
-1.970000e+01  3.900000e+01  0.0
-2.000000e+01  3.900000e+01  0.0
-2.030000e+01  3.900000e+01  0.0
-2.070000e+01  3.900000e+01  0.0
-2.100000e+01  3.900000e+01  0.0
-2.130000e+01  3.900000e+01  0.0
-2.170000e+01  3.900000e+01  0.0
-2.200000e+01  3.900000e+01  0.0
-13.3  48  3.475965e-02
-13.7  48  5.736979e-02
-14  48  1.524481e-01
-14.3  48  9.642020e-01
-14.7  48  4.562608e-01
-15  48  1.430735e+00
-15.3  48  1.402337e+00
-15.7  48  1.547860e+00
-16  48  1.367158e+00
-16.3  48  1.168839e+00
-16.7  48  6.923378e-01
-17  48  5.051275e-01
-17.3  48  3.477962e-01
-17.7  48  1.056412e-01
-1.800000e+01  4.800000e+01  0.0
-1.830000e+01  4.800000e+01  0.0
-1.870000e+01  4.800000e+01  0.0
-1.900000e+01  4.800000e+01  0.0
-1.930000e+01  4.800000e+01  0.0
-1.970000e+01  4.800000e+01  0.0
-2.000000e+01  4.800000e+01  0.0
-2.030000e+01  4.800000e+01  0.0
-2.070000e+01  4.800000e+01  0.0
-2.100000e+01  4.800000e+01  0.0
-2.130000e+01  4.800000e+01  0.0
-2.170000e+01  4.800000e+01  0.0
-2.200000e+01  4.800000e+01  0.0
-13.3  58  1.986935e-02
-13.7  58  6.847119e-02
-14  58  2.512123e-01
-14.3  58  4.330060e-01
-14.7  58  3.787073e-01
-15  58  6.078057e-01
-15.3  58  1.047867e+00
-15.7  58  8.847630e-01
-16  58  7.305568e-01
-16.3  58  5.681377e-01
-16.7  58  3.602264e-01
-17  58  2.516042e-01
-17.3  58  1.058926e-01
-1.770000e+01  5.800000e+01  0.0
-1.800000e+01  5.800000e+01  0.0
-1.830000e+01  5.800000e+01  0.0
-1.870000e+01  5.800000e+01  0.0
-1.900000e+01  5.800000e+01  0.0
-1.930000e+01  5.800000e+01  0.0
-1.970000e+01  5.800000e+01  0.0
-2.000000e+01  5.800000e+01  0.0
-2.030000e+01  5.800000e+01  0.0
-2.070000e+01  5.800000e+01  0.0
-2.100000e+01  5.800000e+01  0.0
-2.130000e+01  5.800000e+01  0.0
-2.170000e+01  5.800000e+01  0.0
-2.200000e+01  5.800000e+01  0.0
-13.3  88  1.010039e-02
-13.7  88  1.379623e-02
-14  88  2.208529e-02
-14.3  88  5.515528e-02
-14.7  88  7.419762e-02
-15  88  9.125356e-02
-15.3  88  1.030645e-01
-15.7  88  6.546569e-02
-16  88  6.707375e-02
-16.3  88  5.966480e-02
-16.7  88  2.712367e-02
-17  88  7.293840e-03
-1.730000e+01  8.800000e+01  0.0
-1.770000e+01  8.800000e+01  0.0
-1.800000e+01  8.800000e+01  0.0
-1.830000e+01  8.800000e+01  0.0
-1.870000e+01  8.800000e+01  0.0
-1.900000e+01  8.800000e+01  0.0
-1.930000e+01  8.800000e+01  0.0
-1.970000e+01  8.800000e+01  0.0
-2.000000e+01  8.800000e+01  0.0
-2.030000e+01  8.800000e+01  0.0
-2.070000e+01  8.800000e+01  0.0
-2.100000e+01  8.800000e+01  0.0
-2.130000e+01  8.800000e+01  0.0
-2.170000e+01  8.800000e+01  0.0
-2.200000e+01  8.800000e+01  0.0
-13.3  108  0.000000e+00
-13.7  108  0.000000e+00
-14  108  0.000000e+00
-14.3  108  0.000000e+00
-14.7  108  0.000000e+00
-15  108  0.000000e+00
-15.3  108  0.000000e+00
-15.7  108  0.000000e+00
-16  108  0.000000e+00
-16.3  108  0.000000e+00
-16.7  108  0.000000e+00
-1.700000e+01  1.080000e+02  0.0
-1.730000e+01  1.080000e+02  0.0
-1.770000e+01  1.080000e+02  0.0
-1.800000e+01  1.080000e+02  0.0
-1.830000e+01  1.080000e+02  0.0
-1.870000e+01  1.080000e+02  0.0
-1.900000e+01  1.080000e+02  0.0
-1.930000e+01  1.080000e+02  0.0
-1.970000e+01  1.080000e+02  0.0
-2.000000e+01  1.080000e+02  0.0
-2.030000e+01  1.080000e+02  0.0
-2.070000e+01  1.080000e+02  0.0
-2.100000e+01  1.080000e+02  0.0
-2.130000e+01  1.080000e+02  0.0
-2.170000e+01  1.080000e+02  0.0
-2.200000e+01  1.080000e+02  0.0
-13.3  132  0.000000e+00
-13.7  132  0.000000e+00
-14  132  0.000000e+00
-14.3  132  0.000000e+00
-14.7  132  0.000000e+00
-15  132  0.000000e+00
-15.3  132  0.000000e+00
-15.7  132  0.000000e+00
-16  132  0.000000e+00
-16.3  132  0.000000e+00
-1.670000e+01  1.320000e+02  0.0
-1.700000e+01  1.320000e+02  0.0
-1.730000e+01  1.320000e+02  0.0
-1.770000e+01  1.320000e+02  0.0
-1.800000e+01  1.320000e+02  0.0
-1.830000e+01  1.320000e+02  0.0
-1.870000e+01  1.320000e+02  0.0
-1.900000e+01  1.320000e+02  0.0
-1.930000e+01  1.320000e+02  0.0
-1.970000e+01  1.320000e+02  0.0
-2.000000e+01  1.320000e+02  0.0
-2.030000e+01  1.320000e+02  0.0
-2.070000e+01  1.320000e+02  0.0
-2.100000e+01  1.320000e+02  0.0
-2.130000e+01  1.320000e+02  0.0
-2.170000e+01  1.320000e+02  0.0
-2.200000e+01  1.320000e+02  0.0
-13.3  162  0.000000e+00
-13.7  162  0.000000e+00
-14  162  0.000000e+00
-14.3  162  0.000000e+00
-14.7  162  0.000000e+00
-15  162  0.000000e+00
-15.3  162  0.000000e+00
-15.7  162  0.000000e+00
-16  162  0.000000e+00
-1.630000e+01  1.620000e+02  0.0
-1.670000e+01  1.620000e+02  0.0
-1.700000e+01  1.620000e+02  0.0
-1.730000e+01  1.620000e+02  0.0
-1.770000e+01  1.620000e+02  0.0
-1.800000e+01  1.620000e+02  0.0
-1.830000e+01  1.620000e+02  0.0
-1.870000e+01  1.620000e+02  0.0
-1.900000e+01  1.620000e+02  0.0
-1.930000e+01  1.620000e+02  0.0
-1.970000e+01  1.620000e+02  0.0
-2.000000e+01  1.620000e+02  0.0
-2.030000e+01  1.620000e+02  0.0
-2.070000e+01  1.620000e+02  0.0
-2.100000e+01  1.620000e+02  0.0
-2.130000e+01  1.620000e+02  0.0
-2.170000e+01  1.620000e+02  0.0
-2.200000e+01  1.620000e+02  0.0
-13.3  199  0.000000e+00
-13.7  199  0.000000e+00
-14  199  0.000000e+00
-14.3  199  0.000000e+00
-14.7  199  0.000000e+00
-15  199  0.000000e+00
-15.3  199  0.000000e+00
-15.7  199  0.000000e+00
-1.600000e+01  1.990000e+02  0.0
-1.630000e+01  1.990000e+02  0.0
-1.670000e+01  1.990000e+02  0.0
-1.700000e+01  1.990000e+02  0.0
-1.730000e+01  1.990000e+02  0.0
-1.770000e+01  1.990000e+02  0.0
-1.800000e+01  1.990000e+02  0.0
-1.830000e+01  1.990000e+02  0.0
-1.870000e+01  1.990000e+02  0.0
-1.900000e+01  1.990000e+02  0.0
-1.930000e+01  1.990000e+02  0.0
-1.970000e+01  1.990000e+02  0.0
-2.000000e+01  1.990000e+02  0.0
-2.030000e+01  1.990000e+02  0.0
-2.070000e+01  1.990000e+02  0.0
-2.100000e+01  1.990000e+02  0.0
-2.130000e+01  1.990000e+02  0.0
-2.170000e+01  1.990000e+02  0.0
-2.200000e+01  1.990000e+02  0.0
-13.3  244  0.000000e+00
-13.7  244  0.000000e+00
-14  244  0.000000e+00
-14.3  244  0.000000e+00
-14.7  244  0.000000e+00
-15  244  0.000000e+00
-15.3  244  0.000000e+00
-15.7  244  0.000000e+00
-1.600000e+01  2.440000e+02  0.0
-1.630000e+01  2.440000e+02  0.0
-1.670000e+01  2.440000e+02  0.0
-1.700000e+01  2.440000e+02  0.0
-1.730000e+01  2.440000e+02  0.0
-1.770000e+01  2.440000e+02  0.0
-1.800000e+01  2.440000e+02  0.0
-1.830000e+01  2.440000e+02  0.0
-1.870000e+01  2.440000e+02  0.0
-1.900000e+01  2.440000e+02  0.0
-1.930000e+01  2.440000e+02  0.0
-1.970000e+01  2.440000e+02  0.0
-2.000000e+01  2.440000e+02  0.0
-2.030000e+01  2.440000e+02  0.0
-2.070000e+01  2.440000e+02  0.0
-2.100000e+01  2.440000e+02  0.0
-2.130000e+01  2.440000e+02  0.0
-2.170000e+01  2.440000e+02  0.0
-2.200000e+01  2.440000e+02  0.0
-13.3  300  0.000000e+00
-13.7  300  0.000000e+00
-14  300  0.000000e+00
-14.3  300  0.000000e+00
-14.7  300  0.000000e+00
-15  300  0.000000e+00
-15.3  300  0.000000e+00
-1.570000e+01  3.000000e+02  0.0
-1.600000e+01  3.000000e+02  0.0
-1.630000e+01  3.000000e+02  0.0
-1.670000e+01  3.000000e+02  0.0
-1.700000e+01  3.000000e+02  0.0
-1.730000e+01  3.000000e+02  0.0
-1.770000e+01  3.000000e+02  0.0
-1.800000e+01  3.000000e+02  0.0
-1.830000e+01  3.000000e+02  0.0
-1.870000e+01  3.000000e+02  0.0
-1.900000e+01  3.000000e+02  0.0
-1.930000e+01  3.000000e+02  0.0
-1.970000e+01  3.000000e+02  0.0
-2.000000e+01  3.000000e+02  0.0
-2.030000e+01  3.000000e+02  0.0
-2.070000e+01  3.000000e+02  0.0
-2.100000e+01  3.000000e+02  0.0
-2.130000e+01  3.000000e+02  0.0
-2.170000e+01  3.000000e+02  0.0
-2.200000e+01  3.000000e+02  0.0
