# log10(y)    mass[MeV]    Nhits
-13.3  5  2.775197e-16
-13.7  5  4.102059e-12
-14  5  1.319454e-08
-14.3  5  7.042956e-06
-14.7  5  6.656191e-04
-15  5  1.923675e-02
-15.3  5  2.129692e-01
-15.7  5  8.595444e-01
-16  5  1.933638e+00
-16.3  5  4.024934e+00
-16.7  5  3.219779e+00
-17  5  3.648901e+00
-17.3  5  3.086639e+00
-17.7  5  2.588749e+00
-18  5  2.247653e+00
-18.3  5  2.236571e+00
-18.7  5  2.319748e+00
-19  5  2.935504e+00
-19.3  5  3.126048e+00
-19.7  5  2.275194e+00
-20  5  2.080674e+00
-20.3  5  1.900783e+00
-20.7  5  1.190029e+00
-21  5  7.595241e-01
-21.3  5  3.233129e-01
-21.7  5  6.732361e-02
-2.200000e+01  5.000000e+00  0.0
-13.3  6  6.879280e-13
-13.7  6  8.919364e-10
-14  6  2.038433e-07
-14.3  6  4.824282e-05
-14.7  6  3.075029e-03
-15  6  6.195031e-02
-15.3  6  6.933048e-01
-15.7  6  2.163328e+00
-16  6  5.450508e+00
-16.3  6  8.107356e+00
-16.7  6  8.312849e+00
-17  6  8.157775e+00
-17.3  6  1.071139e+01
-17.7  6  7.613817e+00
-18  6  5.679063e+00
-18.3  6  3.503773e+00
-18.7  6  2.067607e+00
-19  6  1.572369e+00
-19.3  6  1.209339e+00
-19.7  6  7.565897e-01
-20  6  6.694736e-01
-20.3  6  5.912869e-01
-20.7  6  3.067820e-01
-21  6  1.250255e-01
-21.3  6  3.544936e-02
-2.170000e+01  6.000000e+00  0.0
-2.200000e+01  6.000000e+00  0.0
-13.3  8  1.438778e-09
-13.7  8  1.692803e-07
-14  8  7.496039e-06
-14.3  8  2.539913e-04
-14.7  8  3.908496e-03
-15  8  7.602023e-02
-15.3  8  6.649188e-01
-15.7  8  2.653257e+00
-16  8  6.843413e+00
-16.3  8  1.183076e+01
-16.7  8  1.071980e+01
-17  8  1.810477e+01
-17.3  8  2.035163e+01
-17.7  8  1.699725e+01
-18  8  1.158004e+01
-18.3  8  7.739565e+00
-18.7  8  3.616010e+00
-19  8  2.009284e+00
-19.3  8  1.021050e+00
-19.7  8  4.268766e-01
-20  8  3.021695e-01
-20.3  8  1.661356e-01
-20.7  8  4.009608e-02
-21  8  7.359034e-03
-2.130000e+01  8.000000e+00  0.0
-2.170000e+01  8.000000e+00  0.0
-2.200000e+01  8.000000e+00  0.0
-13.3  9  5.776985e-08
-13.7  9  5.286012e-06
-14  9  1.656465e-04
-14.3  9  3.157044e-03
-14.7  9  2.281472e-02
-15  9  2.301495e-01
-15.3  9  1.757374e+00
-15.7  9  4.947909e+00
-16  9  9.736920e+00
-16.3  9  1.166811e+01
-16.7  9  1.871150e+01
-17  9  2.916720e+01
-17.3  9  2.800735e+01
-17.7  9  1.979529e+01
-18  9  1.461889e+01
-18.3  9  9.363372e+00
-18.7  9  4.284126e+00
-19  9  2.291932e+00
-19.3  9  1.303355e+00
-19.7  9  6.954428e-01
-20  9  3.644727e-01
-20.3  9  1.112139e-01
-20.7  9  1.682134e-02
-2.100000e+01  9.000000e+00  0.0
-2.130000e+01  9.000000e+00  0.0
-2.170000e+01  9.000000e+00  0.0
-2.200000e+01  9.000000e+00  0.0
-13.3  11  5.135016e-06
-13.7  11  1.150407e-04
-14  11  1.670970e-03
-14.3  11  1.204057e-02
-14.7  11  7.201747e-02
-15  11  4.829328e-01
-15.3  11  2.129526e+00
-15.7  11  4.515906e+00
-16  11  6.143626e+00
-16.3  11  1.670229e+01
-16.7  11  1.864463e+01
-17  11  2.937312e+01
-17.3  11  2.715877e+01
-17.7  11  2.002354e+01
-18  11  1.495147e+01
-18.3  11  9.698936e+00
-18.7  11  5.075341e+00
-19  11  3.082357e+00
-19.3  11  1.824716e+00
-19.7  11  8.310586e-01
-20  11  2.403497e-01
-20.3  11  4.902212e-02
-2.070000e+01  1.100000e+01  0.0
-2.100000e+01  1.100000e+01  0.0
-2.130000e+01  1.100000e+01  0.0
-2.170000e+01  1.100000e+01  0.0
-2.200000e+01  1.100000e+01  0.0
-13.3  14  6.690443e-05
-13.7  14  8.465152e-04
-14  14  5.625475e-03
-14.3  14  3.772177e-02
-14.7  14  2.434021e-01
-15  14  7.061401e-01
-15.3  14  2.087875e+00
-15.7  14  1.869587e+00
-16  14  7.056553e+00
-16.3  14  1.469104e+01
-16.7  14  2.010143e+01
-17  14  2.045424e+01
-17.3  14  2.397089e+01
-17.7  14  1.550130e+01
-18  14  1.120712e+01
-18.3  14  8.485600e+00
-18.7  14  4.353202e+00
-19  14  3.025197e+00
-19.3  14  1.682978e+00
-19.7  14  4.289845e-01
-20  14  9.138601e-02
-2.030000e+01  1.400000e+01  0.0
-2.070000e+01  1.400000e+01  0.0
-2.100000e+01  1.400000e+01  0.0
-2.130000e+01  1.400000e+01  0.0
-2.170000e+01  1.400000e+01  0.0
-2.200000e+01  1.400000e+01  0.0
-13.3  17  4.458375e-04
-13.7  17  3.516374e-03
-14  17  2.846834e-02
-14.3  17  1.167026e-01
-14.7  17  3.298798e-01
-15  17  1.104349e+00
-15.3  17  2.015728e+00
-15.7  17  2.829147e+00
-16  17  6.575119e+00
-16.3  17  1.494611e+01
-16.7  17  1.614845e+01
-17  17  1.852472e+01
-17.3  17  1.822949e+01
-17.7  17  1.176947e+01
-18  17  9.007370e+00
-18.3  17  6.465783e+00
-18.7  17  4.065906e+00
-19  17  2.507291e+00
-19.3  17  7.692407e-01
-19.7  17  1.448013e-01
-2.000000e+01  1.700000e+01  0.0
-2.030000e+01  1.700000e+01  0.0
-2.070000e+01  1.700000e+01  0.0
-2.100000e+01  1.700000e+01  0.0
-2.130000e+01  1.700000e+01  0.0
-2.170000e+01  1.700000e+01  0.0
-2.200000e+01  1.700000e+01  0.0
-13.3  21  2.718327e-03
-13.7  21  1.131910e-02
-14  21  4.904962e-02
-14.3  21  1.679390e-01
-14.7  21  2.791612e-01
-15  21  1.262607e+00
-15.3  21  2.391168e+00
-15.7  21  3.230633e+00
-16  21  5.900920e+00
-16.3  21  7.798993e+00
-16.7  21  8.505623e+00
-17  21  9.726271e+00
-17.3  21  9.062826e+00
-17.7  21  5.953426e+00
-18  21  5.170325e+00
-18.3  21  4.551118e+00
-18.7  21  2.342469e+00
-19  21  8.138745e-01
-19.3  21  2.008923e-01
-1.970000e+01  2.100000e+01  0.0
-2.000000e+01  2.100000e+01  0.0
-2.030000e+01  2.100000e+01  0.0
-2.070000e+01  2.100000e+01  0.0
-2.100000e+01  2.100000e+01  0.0
-2.130000e+01  2.100000e+01  0.0
-2.170000e+01  2.100000e+01  0.0
-2.200000e+01  2.100000e+01  0.0
-13.3  26  7.944576e-03
-13.7  26  2.319658e-02
-14  26  8.474034e-02
-14.3  26  4.985924e-01
-14.7  26  7.296956e-01
-15  26  1.171972e+00
-15.3  26  2.757468e+00
-15.7  26  2.657950e+00
-16  26  3.308257e+00
-16.3  26  2.945334e+00
-16.7  26  2.171209e+00
-17  26  1.642499e+00
-17.3  26  1.065425e+00
-17.7  26  6.143332e-01
-18  26  5.060896e-01
-18.3  26  2.950520e-01
-18.7  26  8.283911e-02
-19  26  1.836947e-02
-1.930000e+01  2.600000e+01  0.0
-1.970000e+01  2.600000e+01  0.0
-2.000000e+01  2.600000e+01  0.0
-2.030000e+01  2.600000e+01  0.0
-2.070000e+01  2.600000e+01  0.0
-2.100000e+01  2.600000e+01  0.0
-2.130000e+01  2.600000e+01  0.0
-2.170000e+01  2.600000e+01  0.0
-2.200000e+01  2.600000e+01  0.0
-13.3  32  1.523503e-02
-13.7  32  2.252098e-02
-14  32  2.337829e-01
-14.3  32  3.206241e-01
-14.7  32  9.038239e-01
-15  32  1.178000e+00
-15.3  32  2.954920e+00
-15.7  32  2.274139e+00
-16  32  2.733569e+00
-16.3  32  2.550935e+00
-16.7  32  1.552224e+00
-17  32  1.188724e+00
-17.3  32  8.885112e-01
-17.7  32  5.108843e-01
-18  32  3.115149e-01
-18.3  32  1.111268e-01
-18.7  32  1.993548e-02
-1.900000e+01  3.200000e+01  0.0
-1.930000e+01  3.200000e+01  0.0
-1.970000e+01  3.200000e+01  0.0
-2.000000e+01  3.200000e+01  0.0
-2.030000e+01  3.200000e+01  0.0
-2.070000e+01  3.200000e+01  0.0
-2.100000e+01  3.200000e+01  0.0
-2.130000e+01  3.200000e+01  0.0
-2.170000e+01  3.200000e+01  0.0
-2.200000e+01  3.200000e+01  0.0
-13.3  39  1.728663e-02
-13.7  39  1.273781e-01
-14  39  2.964669e-01
-14.3  39  5.662148e-01
-14.7  39  9.862602e-01
-15  39  1.439250e+00
-15.3  39  2.775338e+00
-15.7  39  2.246993e+00
-16  39  2.319564e+00
-16.3  39  1.826045e+00
-16.7  39  1.103111e+00
-17  39  8.013973e-01
-17.3  39  5.925075e-01
-17.7  39  3.092469e-01
-18  39  1.041016e-01
-1.830000e+01  3.900000e+01  0.0
-1.870000e+01  3.900000e+01  0.0
-1.900000e+01  3.900000e+01  0.0
-1.930000e+01  3.900000e+01  0.0
-1.970000e+01  3.900000e+01  0.0
-2.000000e+01  3.900000e+01  0.0
-2.030000e+01  3.900000e+01  0.0
-2.070000e+01  3.900000e+01  0.0
-2.100000e+01  3.900000e+01  0.0
-2.130000e+01  3.900000e+01  0.0
-2.170000e+01  3.900000e+01  0.0
-2.200000e+01  3.900000e+01  0.0
-13.3  48  3.342160e-02
-13.7  48  5.724308e-02
-14  48  1.593424e-01
-14.3  48  1.032347e+00
-14.7  48  4.858323e-01
-15  48  1.494738e+00
-15.3  48  1.433054e+00
-15.7  48  1.544928e+00
-16  48  1.334071e+00
-16.3  48  1.117648e+00
-16.7  48  6.519024e-01
-17  48  4.735173e-01
-17.3  48  3.234748e-01
-17.7  48  9.718715e-02
-1.800000e+01  4.800000e+01  0.0
-1.830000e+01  4.800000e+01  0.0
-1.870000e+01  4.800000e+01  0.0
-1.900000e+01  4.800000e+01  0.0
-1.930000e+01  4.800000e+01  0.0
-1.970000e+01  4.800000e+01  0.0
-2.000000e+01  4.800000e+01  0.0
-2.030000e+01  4.800000e+01  0.0
-2.070000e+01  4.800000e+01  0.0
-2.100000e+01  4.800000e+01  0.0
-2.130000e+01  4.800000e+01  0.0
-2.170000e+01  4.800000e+01  0.0
-2.200000e+01  4.800000e+01  0.0
-13.3  58  1.848425e-02
-13.7  58  6.655833e-02
-14  58  2.586696e-01
-14.3  58  4.610769e-01
-14.7  58  4.100890e-01
-15  58  6.614827e-01
-15.3  58  1.137786e+00
-15.7  58  9.531080e-01
-16  58  7.777842e-01
-16.3  58  5.964194e-01
-16.7  58  3.764218e-01
-17  58  2.608246e-01
-17.3  58  1.083253e-01
-1.770000e+01  5.800000e+01  0.0
-1.800000e+01  5.800000e+01  0.0
-1.830000e+01  5.800000e+01  0.0
-1.870000e+01  5.800000e+01  0.0
-1.900000e+01  5.800000e+01  0.0
-1.930000e+01  5.800000e+01  0.0
-1.970000e+01  5.800000e+01  0.0
-2.000000e+01  5.800000e+01  0.0
-2.030000e+01  5.800000e+01  0.0
-2.070000e+01  5.800000e+01  0.0
-2.100000e+01  5.800000e+01  0.0
-2.130000e+01  5.800000e+01  0.0
-2.170000e+01  5.800000e+01  0.0
-2.200000e+01  5.800000e+01  0.0
-13.3  88  9.144018e-03
-13.7  88  1.257030e-02
-14  88  2.020537e-02
-14.3  88  5.059058e-02
-14.7  88  6.818202e-02
-15  88  8.398570e-02
-15.3  88  9.497949e-02
-15.7  88  6.039616e-02
-16  88  6.193666e-02
-16.3  88  5.510380e-02
-16.7  88  2.505225e-02
-17  88  6.738323e-03
-1.730000e+01  8.800000e+01  0.0
-1.770000e+01  8.800000e+01  0.0
-1.800000e+01  8.800000e+01  0.0
-1.830000e+01  8.800000e+01  0.0
-1.870000e+01  8.800000e+01  0.0
-1.900000e+01  8.800000e+01  0.0
-1.930000e+01  8.800000e+01  0.0
-1.970000e+01  8.800000e+01  0.0
-2.000000e+01  8.800000e+01  0.0
-2.030000e+01  8.800000e+01  0.0
-2.070000e+01  8.800000e+01  0.0
-2.100000e+01  8.800000e+01  0.0
-2.130000e+01  8.800000e+01  0.0
-2.170000e+01  8.800000e+01  0.0
-2.200000e+01  8.800000e+01  0.0
-13.3  108  0.000000e+00
-13.7  108  0.000000e+00
-14  108  0.000000e+00
-14.3  108  0.000000e+00
-14.7  108  0.000000e+00
-15  108  0.000000e+00
-15.3  108  0.000000e+00
-15.7  108  0.000000e+00
-16  108  0.000000e+00
-16.3  108  0.000000e+00
-16.7  108  0.000000e+00
-1.700000e+01  1.080000e+02  0.0
-1.730000e+01  1.080000e+02  0.0
-1.770000e+01  1.080000e+02  0.0
-1.800000e+01  1.080000e+02  0.0
-1.830000e+01  1.080000e+02  0.0
-1.870000e+01  1.080000e+02  0.0
-1.900000e+01  1.080000e+02  0.0
-1.930000e+01  1.080000e+02  0.0
-1.970000e+01  1.080000e+02  0.0
-2.000000e+01  1.080000e+02  0.0
-2.030000e+01  1.080000e+02  0.0
-2.070000e+01  1.080000e+02  0.0
-2.100000e+01  1.080000e+02  0.0
-2.130000e+01  1.080000e+02  0.0
-2.170000e+01  1.080000e+02  0.0
-2.200000e+01  1.080000e+02  0.0
-13.3  132  0.000000e+00
-13.7  132  0.000000e+00
-14  132  0.000000e+00
-14.3  132  0.000000e+00
-14.7  132  0.000000e+00
-15  132  0.000000e+00
-15.3  132  0.000000e+00
-15.7  132  0.000000e+00
-16  132  0.000000e+00
-16.3  132  0.000000e+00
-1.670000e+01  1.320000e+02  0.0
-1.700000e+01  1.320000e+02  0.0
-1.730000e+01  1.320000e+02  0.0
-1.770000e+01  1.320000e+02  0.0
-1.800000e+01  1.320000e+02  0.0
-1.830000e+01  1.320000e+02  0.0
-1.870000e+01  1.320000e+02  0.0
-1.900000e+01  1.320000e+02  0.0
-1.930000e+01  1.320000e+02  0.0
-1.970000e+01  1.320000e+02  0.0
-2.000000e+01  1.320000e+02  0.0
-2.030000e+01  1.320000e+02  0.0
-2.070000e+01  1.320000e+02  0.0
-2.100000e+01  1.320000e+02  0.0
-2.130000e+01  1.320000e+02  0.0
-2.170000e+01  1.320000e+02  0.0
-2.200000e+01  1.320000e+02  0.0
-13.3  162  0.000000e+00
-13.7  162  0.000000e+00
-14  162  0.000000e+00
-14.3  162  0.000000e+00
-14.7  162  0.000000e+00
-15  162  0.000000e+00
-15.3  162  0.000000e+00
-15.7  162  0.000000e+00
-16  162  0.000000e+00
-1.630000e+01  1.620000e+02  0.0
-1.670000e+01  1.620000e+02  0.0
-1.700000e+01  1.620000e+02  0.0
-1.730000e+01  1.620000e+02  0.0
-1.770000e+01  1.620000e+02  0.0
-1.800000e+01  1.620000e+02  0.0
-1.830000e+01  1.620000e+02  0.0
-1.870000e+01  1.620000e+02  0.0
-1.900000e+01  1.620000e+02  0.0
-1.930000e+01  1.620000e+02  0.0
-1.970000e+01  1.620000e+02  0.0
-2.000000e+01  1.620000e+02  0.0
-2.030000e+01  1.620000e+02  0.0
-2.070000e+01  1.620000e+02  0.0
-2.100000e+01  1.620000e+02  0.0
-2.130000e+01  1.620000e+02  0.0
-2.170000e+01  1.620000e+02  0.0
-2.200000e+01  1.620000e+02  0.0
-13.3  199  0.000000e+00
-13.7  199  0.000000e+00
-14  199  0.000000e+00
-14.3  199  0.000000e+00
-14.7  199  0.000000e+00
-15  199  0.000000e+00
-15.3  199  0.000000e+00
-15.7  199  0.000000e+00
-1.600000e+01  1.990000e+02  0.0
-1.630000e+01  1.990000e+02  0.0
-1.670000e+01  1.990000e+02  0.0
-1.700000e+01  1.990000e+02  0.0
-1.730000e+01  1.990000e+02  0.0
-1.770000e+01  1.990000e+02  0.0
-1.800000e+01  1.990000e+02  0.0
-1.830000e+01  1.990000e+02  0.0
-1.870000e+01  1.990000e+02  0.0
-1.900000e+01  1.990000e+02  0.0
-1.930000e+01  1.990000e+02  0.0
-1.970000e+01  1.990000e+02  0.0
-2.000000e+01  1.990000e+02  0.0
-2.030000e+01  1.990000e+02  0.0
-2.070000e+01  1.990000e+02  0.0
-2.100000e+01  1.990000e+02  0.0
-2.130000e+01  1.990000e+02  0.0
-2.170000e+01  1.990000e+02  0.0
-2.200000e+01  1.990000e+02  0.0
-13.3  244  0.000000e+00
-13.7  244  0.000000e+00
-14  244  0.000000e+00
-14.3  244  0.000000e+00
-14.7  244  0.000000e+00
-15  244  0.000000e+00
-15.3  244  0.000000e+00
-15.7  244  0.000000e+00
-1.600000e+01  2.440000e+02  0.0
-1.630000e+01  2.440000e+02  0.0
-1.670000e+01  2.440000e+02  0.0
-1.700000e+01  2.440000e+02  0.0
-1.730000e+01  2.440000e+02  0.0
-1.770000e+01  2.440000e+02  0.0
-1.800000e+01  2.440000e+02  0.0
-1.830000e+01  2.440000e+02  0.0
-1.870000e+01  2.440000e+02  0.0
-1.900000e+01  2.440000e+02  0.0
-1.930000e+01  2.440000e+02  0.0
-1.970000e+01  2.440000e+02  0.0
-2.000000e+01  2.440000e+02  0.0
-2.030000e+01  2.440000e+02  0.0
-2.070000e+01  2.440000e+02  0.0
-2.100000e+01  2.440000e+02  0.0
-2.130000e+01  2.440000e+02  0.0
-2.170000e+01  2.440000e+02  0.0
-2.200000e+01  2.440000e+02  0.0
-13.3  300  0.000000e+00
-13.7  300  0.000000e+00
-14  300  0.000000e+00
-14.3  300  0.000000e+00
-14.7  300  0.000000e+00
-15  300  0.000000e+00
-15.3  300  0.000000e+00
-1.570000e+01  3.000000e+02  0.0
-1.600000e+01  3.000000e+02  0.0
-1.630000e+01  3.000000e+02  0.0
-1.670000e+01  3.000000e+02  0.0
-1.700000e+01  3.000000e+02  0.0
-1.730000e+01  3.000000e+02  0.0
-1.770000e+01  3.000000e+02  0.0
-1.800000e+01  3.000000e+02  0.0
-1.830000e+01  3.000000e+02  0.0
-1.870000e+01  3.000000e+02  0.0
-1.900000e+01  3.000000e+02  0.0
-1.930000e+01  3.000000e+02  0.0
-1.970000e+01  3.000000e+02  0.0
-2.000000e+01  3.000000e+02  0.0
-2.030000e+01  3.000000e+02  0.0
-2.070000e+01  3.000000e+02  0.0
-2.100000e+01  3.000000e+02  0.0
-2.130000e+01  3.000000e+02  0.0
-2.170000e+01  3.000000e+02  0.0
-2.200000e+01  3.000000e+02  0.0
