# log10(y)    mass[MeV]    Nhits
-13.3  5  2.578250e-16
-13.7  5  1.304232e-12
-14  5  1.796298e-09
-14.3  5  6.214888e-07
-14.7  5  5.228622e-05
-15  5  1.611650e-03
-15.3  5  2.106775e-02
-15.7  5  1.093392e-01
-16  5  3.467983e-01
-16.3  5  1.095071e+00
-16.7  5  1.386072e+00
-17  5  2.400497e+00
-17.3  5  2.552362e+00
-17.7  5  4.397219e+00
-18  5  5.425664e+00
-18.3  5  5.617825e+00
-18.7  5  4.607534e+00
-19  5  4.037752e+00
-19.3  5  3.123205e+00
-19.7  5  1.684935e+00
-20  5  1.174501e+00
-20.3  5  8.043801e-01
-20.7  5  4.337317e-01
-21  5  2.559624e-01
-21.3  5  9.470178e-02
-21.7  5  1.635103e-02
-2.200000e+01  5.000000e+00  0.0
-13.3  6  2.959376e-13
-13.7  6  4.828668e-10
-14  6  1.172057e-07
-14.3  6  1.865319e-05
-14.7  6  6.910739e-04
-15  6  9.759236e-03
-15.3  6  9.479344e-02
-15.7  6  3.007535e-01
-16  6  8.663530e-01
-16.3  6  1.624276e+00
-16.7  6  2.204080e+00
-17  6  2.508116e+00
-17.3  6  5.771759e+00
-17.7  6  6.198109e+00
-18  6  6.727527e+00
-18.3  6  5.877537e+00
-18.7  6  4.410092e+00
-19  6  3.588682e+00
-19.3  6  2.618768e+00
-19.7  6  1.385782e+00
-20  6  1.026731e+00
-20.3  6  7.981570e-01
-20.7  6  3.824386e-01
-21  6  1.366473e-01
-21.3  6  3.228584e-02
-2.170000e+01  6.000000e+00  0.0
-2.200000e+01  6.000000e+00  0.0
-13.3  8  1.120152e-09
-13.7  8  1.698758e-07
-14  8  8.651622e-06
-14.3  8  2.967869e-04
-14.7  8  3.427237e-03
-15  8  3.578395e-02
-15.3  8  1.713936e-01
-15.7  8  4.808744e-01
-16  8  1.073581e+00
-16.3  8  1.852874e+00
-16.7  8  1.740624e+00
-17  8  3.585420e+00
-17.3  8  5.137390e+00
-17.7  8  5.376487e+00
-18  8  4.762712e+00
-18.3  8  4.288590e+00
-18.7  8  2.631938e+00
-19  8  1.951040e+00
-19.3  8  1.415574e+00
-19.7  8  7.953342e-01
-20  8  6.877879e-01
-20.3  8  4.274873e-01
-20.7  8  1.282646e-01
-21  8  3.130258e-02
-2.130000e+01  8.000000e+00  0.0
-2.170000e+01  8.000000e+00  0.0
-2.200000e+01  8.000000e+00  0.0
-13.3  9  4.891752e-08
-13.7  9  4.425913e-06
-14  9  1.445378e-04
-14.3  9  2.881139e-03
-14.7  9  1.865735e-02
-15  9  1.193670e-01
-15.3  9  5.227798e-01
-15.7  9  1.011871e+00
-16  9  1.686999e+00
-16.3  9  1.967294e+00
-16.7  9  3.348413e+00
-17  9  6.092746e+00
-17.3  9  6.891238e+00
-17.7  9  5.931224e+00
-18  9  5.481528e+00
-18.3  9  4.307206e+00
-18.7  9  2.446282e+00
-19  9  1.713405e+00
-19.3  9  1.222822e+00
-19.7  9  7.707677e-01
-20  9  4.451886e-01
-20.3  9  1.598096e-01
-20.7  9  3.087661e-02
-2.100000e+01  9.000000e+00  0.0
-2.130000e+01  9.000000e+00  0.0
-2.170000e+01  9.000000e+00  0.0
-2.200000e+01  9.000000e+00  0.0
-13.3  11  3.249343e-06
-13.7  11  8.454029e-05
-14  11  1.376942e-03
-14.3  11  1.089676e-02
-14.7  11  6.712450e-02
-15  11  3.665611e-01
-15.3  11  1.000837e+00
-15.7  11  1.305197e+00
-16  11  1.490317e+00
-16.3  11  3.148681e+00
-16.7  11  3.361782e+00
-17  11  5.589454e+00
-17.3  11  5.694753e+00
-17.7  11  4.668882e+00
-18  11  4.040393e+00
-18.3  11  2.991761e+00
-18.7  11  1.842664e+00
-19  11  1.280445e+00
-19.3  11  8.353225e-01
-19.7  11  4.023421e-01
-20  11  1.276422e-01
-20.3  11  3.009076e-02
-2.070000e+01  1.100000e+01  0.0
-2.100000e+01  1.100000e+01  0.0
-2.130000e+01  1.100000e+01  0.0
-2.170000e+01  1.100000e+01  0.0
-2.200000e+01  1.100000e+01  0.0
-13.3  14  7.275979e-05
-13.7  14  8.621709e-04
-14  14  5.407823e-03
-14.3  14  3.513889e-02
-14.7  14  2.245924e-01
-15  14  6.162198e-01
-15.3  14  1.417562e+00
-15.7  14  1.025450e+00
-16  14  2.390659e+00
-16.3  14  3.474450e+00
-16.7  14  4.148373e+00
-17  14  3.969116e+00
-17.3  14  4.648133e+00
-17.7  14  3.146931e+00
-18  14  2.426560e+00
-18.3  14  2.028728e+00
-18.7  14  1.143648e+00
-19  14  8.555694e-01
-19.3  14  4.976391e-01
-19.7  14  1.377351e-01
-20  14  3.311040e-02
-2.030000e+01  1.400000e+01  0.0
-2.070000e+01  1.400000e+01  0.0
-2.100000e+01  1.400000e+01  0.0
-2.130000e+01  1.400000e+01  0.0
-2.170000e+01  1.400000e+01  0.0
-2.200000e+01  1.400000e+01  0.0
-13.3  17  5.259033e-04
-13.7  17  4.039068e-03
-14  17  3.087218e-02
-14.3  17  1.192654e-01
-14.7  17  3.226954e-01
-15  17  1.024628e+00
-15.3  17  1.732892e+00
-15.7  17  1.837170e+00
-16  17  2.684273e+00
-16.3  17  4.358213e+00
-16.7  17  3.789495e+00
-17  17  3.754173e+00
-17.3  17  3.384968e+00
-17.7  17  2.104476e+00
-18  17  1.587457e+00
-18.3  17  1.147009e+00
-18.7  17  7.305346e-01
-19  17  4.550671e-01
-19.3  17  1.427288e-01
-19.7  17  2.792362e-02
-2.000000e+01  1.700000e+01  0.0
-2.030000e+01  1.700000e+01  0.0
-2.070000e+01  1.700000e+01  0.0
-2.100000e+01  1.700000e+01  0.0
-2.130000e+01  1.700000e+01  0.0
-2.170000e+01  1.700000e+01  0.0
-2.200000e+01  1.700000e+01  0.0
-13.3  21  2.587341e-03
-13.7  21  1.139263e-02
-14  21  5.060798e-02
-14.3  21  1.718627e-01
-14.7  21  2.790740e-01
-15  21  1.238856e+00
-15.3  21  2.232561e+00
-15.7  21  2.518969e+00
-16  21  3.487496e+00
-16.3  21  3.286513e+00
-16.7  21  2.850593e+00
-17  21  2.585984e+00
-17.3  21  2.019277e+00
-17.7  21  1.188228e+00
-18  21  9.374387e-01
-18.3  21  7.898959e-01
-18.7  21  3.981071e-01
-19  21  1.340041e-01
-19.3  21  3.192781e-02
-1.970000e+01  2.100000e+01  0.0
-2.000000e+01  2.100000e+01  0.0
-2.030000e+01  2.100000e+01  0.0
-2.070000e+01  2.100000e+01  0.0
-2.100000e+01  2.100000e+01  0.0
-2.130000e+01  2.100000e+01  0.0
-2.170000e+01  2.100000e+01  0.0
-2.200000e+01  2.100000e+01  0.0
-13.3  26  6.278437e-03
-13.7  26  1.973404e-02
-14  26  7.701192e-02
-14.3  26  4.725042e-01
-14.7  26  7.018825e-01
-15  26  1.133674e+00
-15.3  26  2.674694e+00
-15.7  26  2.584885e+00
-16  26  3.233579e+00
-16.3  26  2.896348e+00
-16.7  26  2.150333e+00
-17  26  1.637012e+00
-17.3  26  1.070082e+00
-17.7  26  6.216922e-01
-18  26  5.143020e-01
-18.3  26  3.006691e-01
-18.7  26  8.476546e-02
-19  26  1.891942e-02
-1.930000e+01  2.600000e+01  0.0
-1.970000e+01  2.600000e+01  0.0
-2.000000e+01  2.600000e+01  0.0
-2.030000e+01  2.600000e+01  0.0
-2.070000e+01  2.600000e+01  0.0
-2.100000e+01  2.600000e+01  0.0
-2.130000e+01  2.600000e+01  0.0
-2.170000e+01  2.600000e+01  0.0
-2.200000e+01  2.600000e+01  0.0
-13.3  32  1.196559e-02
-13.7  32  1.815552e-02
-14  32  1.972105e-01
-14.3  32  2.813509e-01
-14.7  32  8.103889e-01
-15  32  1.092409e+00
-15.3  32  2.777924e+00
-15.7  32  2.153585e+00
-16  32  2.605422e+00
-16.3  32  2.446524e+00
-16.7  32  1.497593e+00
-17  32  1.153185e+00
-17.3  32  8.654071e-01
-17.7  32  4.991233e-01
-18  32  3.047106e-01
-18.3  32  1.089137e-01
-18.7  32  1.958674e-02
-1.900000e+01  3.200000e+01  0.0
-1.930000e+01  3.200000e+01  0.0
-1.970000e+01  3.200000e+01  0.0
-2.000000e+01  3.200000e+01  0.0
-2.030000e+01  3.200000e+01  0.0
-2.070000e+01  3.200000e+01  0.0
-2.100000e+01  3.200000e+01  0.0
-2.130000e+01  3.200000e+01  0.0
-2.170000e+01  3.200000e+01  0.0
-2.200000e+01  3.200000e+01  0.0
-13.3  39  1.473186e-02
-13.7  39  1.095357e-01
-14  39  2.575035e-01
-14.3  39  5.074195e-01
-14.7  39  9.025271e-01
-15  39  1.334427e+00
-15.3  39  2.595491e+00
-15.7  39  2.112239e+00
-16  39  2.189793e+00
-16.3  39  1.731093e+00
-16.7  39  1.049584e+00
-17  39  7.656321e-01
-17.3  39  5.669701e-01
-17.7  39  2.967617e-01
-18  39  1.003991e-01
-1.830000e+01  3.900000e+01  0.0
-1.870000e+01  3.900000e+01  0.0
-1.900000e+01  3.900000e+01  0.0
-1.930000e+01  3.900000e+01  0.0
-1.970000e+01  3.900000e+01  0.0
-2.000000e+01  3.900000e+01  0.0
-2.030000e+01  3.900000e+01  0.0
-2.070000e+01  3.900000e+01  0.0
-2.100000e+01  3.900000e+01  0.0
-2.130000e+01  3.900000e+01  0.0
-2.170000e+01  3.900000e+01  0.0
-2.200000e+01  3.900000e+01  0.0
-13.3  48  3.001125e-02
-13.7  48  5.102220e-02
-14  48  1.419478e-01
-14.3  48  9.326006e-01
-14.7  48  4.449720e-01
-15  48  1.386638e+00
-15.3  48  1.340800e+00
-15.7  48  1.453971e+00
-16  48  1.259810e+00
-16.3  48  1.056914e+00
-16.7  48  6.164690e-01
-17  48  4.476162e-01
-17.3  48  3.055232e-01
-17.7  48  9.164459e-02
-1.800000e+01  4.800000e+01  0.0
-1.830000e+01  4.800000e+01  0.0
-1.870000e+01  4.800000e+01  0.0
-1.900000e+01  4.800000e+01  0.0
-1.930000e+01  4.800000e+01  0.0
-1.970000e+01  4.800000e+01  0.0
-2.000000e+01  4.800000e+01  0.0
-2.030000e+01  4.800000e+01  0.0
-2.070000e+01  4.800000e+01  0.0
-2.100000e+01  4.800000e+01  0.0
-2.130000e+01  4.800000e+01  0.0
-2.170000e+01  4.800000e+01  0.0
-2.200000e+01  4.800000e+01  0.0
-13.3  58  1.678364e-02
-13.7  58  5.947984e-02
-14  58  2.293581e-01
-14.3  58  4.117983e-01
-14.7  58  3.714787e-01
-15  58  6.087765e-01
-15.3  58  1.065759e+00
-15.7  58  9.090974e-01
-16  58  7.551185e-01
-16.3  58  5.888049e-01
-16.7  58  3.731806e-01
-17  58  2.604252e-01
-17.3  58  1.094001e-01
-1.770000e+01  5.800000e+01  0.0
-1.800000e+01  5.800000e+01  0.0
-1.830000e+01  5.800000e+01  0.0
-1.870000e+01  5.800000e+01  0.0
-1.900000e+01  5.800000e+01  0.0
-1.930000e+01  5.800000e+01  0.0
-1.970000e+01  5.800000e+01  0.0
-2.000000e+01  5.800000e+01  0.0
-2.030000e+01  5.800000e+01  0.0
-2.070000e+01  5.800000e+01  0.0
-2.100000e+01  5.800000e+01  0.0
-2.130000e+01  5.800000e+01  0.0
-2.170000e+01  5.800000e+01  0.0
-2.200000e+01  5.800000e+01  0.0
-13.3  88  8.750441e-03
-13.7  88  1.209799e-02
-14  88  1.952856e-02
-14.3  88  4.903751e-02
-14.7  88  6.623271e-02
-15  88  8.174094e-02
-15.3  88  9.259424e-02
-15.7  88  5.896380e-02
-16  88  6.054247e-02
-16.3  88  5.387695e-02
-16.7  88  2.449892e-02
-17  88  6.592095e-03
-1.730000e+01  8.800000e+01  0.0
-1.770000e+01  8.800000e+01  0.0
-1.800000e+01  8.800000e+01  0.0
-1.830000e+01  8.800000e+01  0.0
-1.870000e+01  8.800000e+01  0.0
-1.900000e+01  8.800000e+01  0.0
-1.930000e+01  8.800000e+01  0.0
-1.970000e+01  8.800000e+01  0.0
-2.000000e+01  8.800000e+01  0.0
-2.030000e+01  8.800000e+01  0.0
-2.070000e+01  8.800000e+01  0.0
-2.100000e+01  8.800000e+01  0.0
-2.130000e+01  8.800000e+01  0.0
-2.170000e+01  8.800000e+01  0.0
-2.200000e+01  8.800000e+01  0.0
-13.3  108  0.000000e+00
-13.7  108  0.000000e+00
-14  108  0.000000e+00
-14.3  108  0.000000e+00
-14.7  108  0.000000e+00
-15  108  0.000000e+00
-15.3  108  0.000000e+00
-15.7  108  0.000000e+00
-16  108  0.000000e+00
-16.3  108  0.000000e+00
-16.7  108  0.000000e+00
-1.700000e+01  1.080000e+02  0.0
-1.730000e+01  1.080000e+02  0.0
-1.770000e+01  1.080000e+02  0.0
-1.800000e+01  1.080000e+02  0.0
-1.830000e+01  1.080000e+02  0.0
-1.870000e+01  1.080000e+02  0.0
-1.900000e+01  1.080000e+02  0.0
-1.930000e+01  1.080000e+02  0.0
-1.970000e+01  1.080000e+02  0.0
-2.000000e+01  1.080000e+02  0.0
-2.030000e+01  1.080000e+02  0.0
-2.070000e+01  1.080000e+02  0.0
-2.100000e+01  1.080000e+02  0.0
-2.130000e+01  1.080000e+02  0.0
-2.170000e+01  1.080000e+02  0.0
-2.200000e+01  1.080000e+02  0.0
-13.3  132  0.000000e+00
-13.7  132  0.000000e+00
-14  132  0.000000e+00
-14.3  132  0.000000e+00
-14.7  132  0.000000e+00
-15  132  0.000000e+00
-15.3  132  0.000000e+00
-15.7  132  0.000000e+00
-16  132  0.000000e+00
-16.3  132  0.000000e+00
-1.670000e+01  1.320000e+02  0.0
-1.700000e+01  1.320000e+02  0.0
-1.730000e+01  1.320000e+02  0.0
-1.770000e+01  1.320000e+02  0.0
-1.800000e+01  1.320000e+02  0.0
-1.830000e+01  1.320000e+02  0.0
-1.870000e+01  1.320000e+02  0.0
-1.900000e+01  1.320000e+02  0.0
-1.930000e+01  1.320000e+02  0.0
-1.970000e+01  1.320000e+02  0.0
-2.000000e+01  1.320000e+02  0.0
-2.030000e+01  1.320000e+02  0.0
-2.070000e+01  1.320000e+02  0.0
-2.100000e+01  1.320000e+02  0.0
-2.130000e+01  1.320000e+02  0.0
-2.170000e+01  1.320000e+02  0.0
-2.200000e+01  1.320000e+02  0.0
-13.3  162  0.000000e+00
-13.7  162  0.000000e+00
-14  162  0.000000e+00
-14.3  162  0.000000e+00
-14.7  162  0.000000e+00
-15  162  0.000000e+00
-15.3  162  0.000000e+00
-15.7  162  0.000000e+00
-16  162  0.000000e+00
-1.630000e+01  1.620000e+02  0.0
-1.670000e+01  1.620000e+02  0.0
-1.700000e+01  1.620000e+02  0.0
-1.730000e+01  1.620000e+02  0.0
-1.770000e+01  1.620000e+02  0.0
-1.800000e+01  1.620000e+02  0.0
-1.830000e+01  1.620000e+02  0.0
-1.870000e+01  1.620000e+02  0.0
-1.900000e+01  1.620000e+02  0.0
-1.930000e+01  1.620000e+02  0.0
-1.970000e+01  1.620000e+02  0.0
-2.000000e+01  1.620000e+02  0.0
-2.030000e+01  1.620000e+02  0.0
-2.070000e+01  1.620000e+02  0.0
-2.100000e+01  1.620000e+02  0.0
-2.130000e+01  1.620000e+02  0.0
-2.170000e+01  1.620000e+02  0.0
-2.200000e+01  1.620000e+02  0.0
-13.3  199  0.000000e+00
-13.7  199  0.000000e+00
-14  199  0.000000e+00
-14.3  199  0.000000e+00
-14.7  199  0.000000e+00
-15  199  0.000000e+00
-15.3  199  0.000000e+00
-15.7  199  0.000000e+00
-1.600000e+01  1.990000e+02  0.0
-1.630000e+01  1.990000e+02  0.0
-1.670000e+01  1.990000e+02  0.0
-1.700000e+01  1.990000e+02  0.0
-1.730000e+01  1.990000e+02  0.0
-1.770000e+01  1.990000e+02  0.0
-1.800000e+01  1.990000e+02  0.0
-1.830000e+01  1.990000e+02  0.0
-1.870000e+01  1.990000e+02  0.0
-1.900000e+01  1.990000e+02  0.0
-1.930000e+01  1.990000e+02  0.0
-1.970000e+01  1.990000e+02  0.0
-2.000000e+01  1.990000e+02  0.0
-2.030000e+01  1.990000e+02  0.0
-2.070000e+01  1.990000e+02  0.0
-2.100000e+01  1.990000e+02  0.0
-2.130000e+01  1.990000e+02  0.0
-2.170000e+01  1.990000e+02  0.0
-2.200000e+01  1.990000e+02  0.0
-13.3  244  0.000000e+00
-13.7  244  0.000000e+00
-14  244  0.000000e+00
-14.3  244  0.000000e+00
-14.7  244  0.000000e+00
-15  244  0.000000e+00
-15.3  244  0.000000e+00
-15.7  244  0.000000e+00
-1.600000e+01  2.440000e+02  0.0
-1.630000e+01  2.440000e+02  0.0
-1.670000e+01  2.440000e+02  0.0
-1.700000e+01  2.440000e+02  0.0
-1.730000e+01  2.440000e+02  0.0
-1.770000e+01  2.440000e+02  0.0
-1.800000e+01  2.440000e+02  0.0
-1.830000e+01  2.440000e+02  0.0
-1.870000e+01  2.440000e+02  0.0
-1.900000e+01  2.440000e+02  0.0
-1.930000e+01  2.440000e+02  0.0
-1.970000e+01  2.440000e+02  0.0
-2.000000e+01  2.440000e+02  0.0
-2.030000e+01  2.440000e+02  0.0
-2.070000e+01  2.440000e+02  0.0
-2.100000e+01  2.440000e+02  0.0
-2.130000e+01  2.440000e+02  0.0
-2.170000e+01  2.440000e+02  0.0
-2.200000e+01  2.440000e+02  0.0
-13.3  300  0.000000e+00
-13.7  300  0.000000e+00
-14  300  0.000000e+00
-14.3  300  0.000000e+00
-14.7  300  0.000000e+00
-15  300  0.000000e+00
-15.3  300  0.000000e+00
-1.570000e+01  3.000000e+02  0.0
-1.600000e+01  3.000000e+02  0.0
-1.630000e+01  3.000000e+02  0.0
-1.670000e+01  3.000000e+02  0.0
-1.700000e+01  3.000000e+02  0.0
-1.730000e+01  3.000000e+02  0.0
-1.770000e+01  3.000000e+02  0.0
-1.800000e+01  3.000000e+02  0.0
-1.830000e+01  3.000000e+02  0.0
-1.870000e+01  3.000000e+02  0.0
-1.900000e+01  3.000000e+02  0.0
-1.930000e+01  3.000000e+02  0.0
-1.970000e+01  3.000000e+02  0.0
-2.000000e+01  3.000000e+02  0.0
-2.030000e+01  3.000000e+02  0.0
-2.070000e+01  3.000000e+02  0.0
-2.100000e+01  3.000000e+02  0.0
-2.130000e+01  3.000000e+02  0.0
-2.170000e+01  3.000000e+02  0.0
-2.200000e+01  3.000000e+02  0.0
